# Injection truth table -- cmf2.00_n600_s2030_iso  seed=2030
# observed-size cut FWHMSDbs in [15.0, 80.0] arcsec: 356 of 518 grid nodes retained
# Core mass function sampling:
# dN/dM proportional to M^(-2.00)  (dN/dlogM proportional to M^(-1.00))
# 600 reported masses drawn on [0.05, 6] M_sun; median 0.099 M_sun
# 600 cores assigned to 66 distinct grid nodes
# drawn reported mass versus node reported mass M_SED4bs: median 0.099 versus 0.0643 M_sun, median |log10 ratio| 0.175 dex
# drawn contrast versus node contrast at the drawn column: median 1.227 versus 1.243, median |log10 ratio| 0.010 dex
# drawn observed size versus node size FWHMSDbs: median 39.2 versus 41.4 arcsec, median |log10 ratio| 0.065 dex
# target background column: median 4.93e+21 cm^-2 (5th 3.10e+21, 95th 1.36e+22)
# slope of the true masses M_BE actually assigned, above 0.10 M_sun: x = 1.81 +/- 0.11  (nominal input x = 1.00)
# slope of the true masses M_BE actually assigned, above 0.20 M_sun: x = 1.55 +/- 0.17  (nominal input x = 1.00)
# centers of injected cores must clear the footprints of the real sources by 18.2 arcsec; the footprints themselves cover 6.5% of the field
# sep_criterion=36.3"  scale_factor=1  local_Sigma/SD_emb in cm-2  T_BE in K  rho_BE in cm-3  M_BE in Msun  R_BE_as in arcsec (truncation radius of the sphere)  FWHM_SD in arcsec (observed major axis at half maximum of the model in the surface-density image, FWHMSDbs)
# id    model         x_pix  y_pix  local_Sigma  SD_emb       T_BE   rho_BE       M_BE    R_BE_as  FWHM_SD  scale
#----------------------------------------------------------------------------------------------------------------
  001  i04j15k06       243    191    1.752e+22    2.400e+22    8.03    1.253e-18  3.2377   199.49    33.28  1
  002  i04j15k06       433    394    1.820e+22    2.400e+22    8.03    1.253e-18  3.2377   199.49    33.28  1
  003  i04j14k05       292    359    3.028e+22    2.400e+22    7.77    3.227e-18  2.1090   136.05    25.86  1
  004  i04j14k05       739    498    1.651e+22    2.400e+22    7.77    3.227e-18  2.1090   136.05    25.86  1
  005  i03j13k08       192    355    1.341e+22    1.200e+22    9.55    1.131e-19  1.3733    66.36    75.60  1
  006  i03j12k08       547    360    1.335e+22    1.200e+22    9.67    8.537e-20  0.8945    55.27    74.38  1
  007  i03j12k08       654    433    1.329e+22    1.200e+22    9.67    8.537e-20  0.8945    55.27    74.38  1
  008  i03j12k08        48    669    1.489e+22    1.200e+22    9.67    8.537e-20  0.8945    55.27    74.38  1
  009  i03j11k08       351    446    9.778e+21    1.200e+22    9.78    5.947e-20  0.5826    49.61    73.10  1
  010  i03j11k08       670    353    9.436e+21    1.200e+22    9.78    5.947e-20  0.5826    49.61    73.10  1
  011  i02j11k08        52     69    8.977e+21    6.000e+21   11.07    6.123e-20  0.5822    48.29    72.31  1
  012  i03j10k08       788    737    1.006e+22    1.200e+22    9.88    4.058e-20  0.3789    46.31    71.51  1
  013  i03j10k08        99    137    9.980e+21    1.200e+22    9.88    4.058e-20  0.3789    46.31    71.51  1
  014  i02j10k08       345    210    8.822e+21    6.000e+21   11.28    4.053e-20  0.3793    45.79    71.36  1
  015  i02j09k08       505    148    6.738e+21    6.000e+21   11.45    2.620e-20  0.2468    44.54    70.98  1
  016  i02j09k08       569     89    4.758e+21    6.000e+21   11.45    2.620e-20  0.2468    44.54    70.98  1
  017  i02j09k08       321    139    7.339e+21    6.000e+21   11.45    2.620e-20  0.2468    44.54    70.98  1
  018  i02j09k08        77    476    7.817e+21    6.000e+21   11.45    2.620e-20  0.2468    44.54    70.98  1
  019  i02j09k08       193    654    6.171e+21    6.000e+21   11.45    2.620e-20  0.2468    44.54    70.98  1
  020  i02j09k08       902    587    6.731e+21    6.000e+21   11.45    2.620e-20  0.2468    44.54    70.98  1
  021  i02j09k08       854    588    6.854e+21    6.000e+21   11.45    2.620e-20  0.2468    44.54    70.98  1
  022  i02j09k08       545    553    6.853e+21    6.000e+21   11.45    2.620e-20  0.2468    44.54    70.98  1
  023  i02j09k08       550    220    6.583e+21    6.000e+21   11.45    2.620e-20  0.2468    44.54    70.98  1
  024  i02j09k08       657    259    6.316e+21    6.000e+21   11.45    2.620e-20  0.2468    44.54    70.98  1
  025  i02j09k08       814    172    5.060e+21    6.000e+21   11.45    2.620e-20  0.2468    44.54    70.98  1
  026  i02j09k08       869    694    6.756e+21    6.000e+21   11.45    2.620e-20  0.2468    44.54    70.98  1
  027  i02j09k08       512    914    5.447e+21    6.000e+21   11.45    2.620e-20  0.2468    44.54    70.98  1
  028  i02j09k08        59    819    6.281e+21    6.000e+21   11.45    2.620e-20  0.2468    44.54    70.98  1
  029  i02j09k08       839    427    6.221e+21    6.000e+21   11.45    2.620e-20  0.2468    44.54    70.98  1
  030  i02j09k08       651    627    6.648e+21    6.000e+21   11.45    2.620e-20  0.2468    44.54    70.98  1
  031  i02j09k08       404    635    5.235e+21    6.000e+21   11.45    2.620e-20  0.2468    44.54    70.98  1
  032  i03j09k08       611    551    9.992e+21    1.200e+22    9.95    2.644e-20  0.2469    44.77    70.96  1
  033  i03j09k08       393     86    9.615e+21    1.200e+22    9.95    2.644e-20  0.2469    44.77    70.96  1
  034  i03j09k08        57    337    1.369e+22    1.200e+22    9.95    2.644e-20  0.2469    44.77    70.96  1
  035  i02j08k08       219    773    5.803e+21    6.000e+21   11.57    1.732e-20  0.1607    43.52    70.24  1
  036  i02j08k08       879    822    5.965e+21    6.000e+21   11.57    1.732e-20  0.1607    43.52    70.24  1
  037  i02j08k08       582    867    5.243e+21    6.000e+21   11.57    1.732e-20  0.1607    43.52    70.24  1
  038  i02j08k08       563    919    4.980e+21    6.000e+21   11.57    1.732e-20  0.1607    43.52    70.24  1
  039  i02j08k08       460    742    5.154e+21    6.000e+21   11.57    1.732e-20  0.1607    43.52    70.24  1
  040  i02j08k08       260    599    5.639e+21    6.000e+21   11.57    1.732e-20  0.1607    43.52    70.24  1
  041  i02j08k08        94    732    7.109e+21    6.000e+21   11.57    1.732e-20  0.1607    43.52    70.24  1
  042  i02j08k08       792    377    4.873e+21    6.000e+21   11.57    1.732e-20  0.1607    43.52    70.24  1
  043  i02j08k08       387    583    6.610e+21    6.000e+21   11.57    1.732e-20  0.1607    43.52    70.24  1
  044  i02j08k08       138    715    6.624e+21    6.000e+21   11.57    1.732e-20  0.1607    43.52    70.24  1
  045  i02j08k08       724    705    5.776e+21    6.000e+21   11.57    1.732e-20  0.1607    43.52    70.24  1
  046  i02j08k08       303    911    4.570e+21    6.000e+21   11.57    1.732e-20  0.1607    43.52    70.24  1
  047  i02j08k08       459    630    5.016e+21    6.000e+21   11.57    1.732e-20  0.1607    43.52    70.24  1
  048  i01j08k08       589    180    4.237e+21    3.000e+21   13.29    1.748e-20  0.1609    43.23    69.90  1
  049  i01j08k08       190    845    4.196e+21    3.000e+21   13.29    1.748e-20  0.1609    43.23    69.90  1
  050  i01j08k08       612     48    4.193e+21    3.000e+21   13.29    1.748e-20  0.1609    43.23    69.90  1
  051  i01j08k08       656    858    4.207e+21    3.000e+21   13.29    1.748e-20  0.1609    43.23    69.90  1
  052  i01j08k08       232    924    4.193e+21    3.000e+21   13.29    1.748e-20  0.1609    43.23    69.90  1
  053  i01j08k08       338    745    4.141e+21    3.000e+21   13.29    1.748e-20  0.1609    43.23    69.90  1
  054  i01j07k08       792    263    3.559e+21    3.000e+21   13.48    1.138e-20  0.1048    42.80    69.54  1
  055  i01j07k08       934    328    3.403e+21    3.000e+21   13.48    1.138e-20  0.1048    42.80    69.54  1
  056  i01j07k08       391    787    4.177e+21    3.000e+21   13.48    1.138e-20  0.1048    42.80    69.54  1
  057  i01j07k08       223    880    4.144e+21    3.000e+21   13.48    1.138e-20  0.1048    42.80    69.54  1
  058  i01j07k08       735    268    4.151e+21    3.000e+21   13.48    1.138e-20  0.1048    42.80    69.54  1
  059  i01j07k08       705    924    4.256e+21    3.000e+21   13.48    1.138e-20  0.1048    42.80    69.54  1
  060  i01j07k08       936     59    2.917e+21    3.000e+21   13.48    1.138e-20  0.1048    42.80    69.54  1
  061  i01j07k08       902    295    2.946e+21    3.000e+21   13.48    1.138e-20  0.1048    42.80    69.54  1
  062  i01j07k08       452    839    4.276e+21    3.000e+21   13.48    1.138e-20  0.1048    42.80    69.54  1
  063  i01j07k08       861    317    3.467e+21    3.000e+21   13.48    1.138e-20  0.1048    42.80    69.54  1
  064  i01j07k08       621    887    4.224e+21    3.000e+21   13.48    1.138e-20  0.1048    42.80    69.54  1
  065  i01j07k08       865     51    2.929e+21    3.000e+21   13.48    1.138e-20  0.1048    42.80    69.54  1
  066  i01j07k08       692    789    4.184e+21    3.000e+21   13.48    1.138e-20  0.1048    42.80    69.54  1
  067  i01j07k08       902    220    2.613e+21    3.000e+21   13.48    1.138e-20  0.1048    42.80    69.54  1
  068  i01j07k08       891    888    4.178e+21    3.000e+21   13.48    1.138e-20  0.1048    42.80    69.54  1
  069  i02j07k08       505    662    4.481e+21    6.000e+21   11.65    1.151e-20  0.1047    42.76    69.32  1
  070  i02j07k08       911    716    5.912e+21    6.000e+21   11.65    1.151e-20  0.1047    42.76    69.32  1
  071  i02j07k08       542    838    5.767e+21    6.000e+21   11.65    1.151e-20  0.1047    42.76    69.32  1
  072  i02j07k08       268    865    5.047e+21    6.000e+21   11.65    1.151e-20  0.1047    42.76    69.32  1
  073  i02j07k08        95    890    5.367e+21    6.000e+21   11.65    1.151e-20  0.1047    42.76    69.32  1
  074  i02j07k08       146    873    4.561e+21    6.000e+21   11.65    1.151e-20  0.1047    42.76    69.32  1
  075  i02j07k08       443    904    4.951e+21    6.000e+21   11.65    1.151e-20  0.1047    42.76    69.32  1
  076  i02j07k08       758    161    7.370e+21    6.000e+21   11.65    1.151e-20  0.1047    42.76    69.32  1
  077  i02j07k08       661    177    4.812e+21    6.000e+21   11.65    1.151e-20  0.1047    42.76    69.32  1
  078  i02j07k08       884    486    5.770e+21    6.000e+21   11.65    1.151e-20  0.1047    42.76    69.32  1
  079  i02j07k08       592    787    4.419e+21    6.000e+21   11.65    1.151e-20  0.1047    42.76    69.32  1
  080  i02j07k08       731    869    5.780e+21    6.000e+21   11.65    1.151e-20  0.1047    42.76    69.32  1
  081  i02j07k08       295    709    4.626e+21    6.000e+21   11.65    1.151e-20  0.1047    42.76    69.32  1
  082  i02j07k08       693    744    5.018e+21    6.000e+21   11.65    1.151e-20  0.1047    42.76    69.32  1
  083  i02j07k08       130    784    5.086e+21    6.000e+21   11.65    1.151e-20  0.1047    42.76    69.32  1
  084  i02j07k08       776    819    7.232e+21    6.000e+21   11.65    1.151e-20  0.1047    42.76    69.32  1
  085  i02j07k08       732    398    5.868e+21    6.000e+21   11.65    1.151e-20  0.1047    42.76    69.32  1
  086  i02j07k08       365    933    4.610e+21    6.000e+21   11.65    1.151e-20  0.1047    42.76    69.32  1
  087  i02j07k08       822    892    5.930e+21    6.000e+21   11.65    1.151e-20  0.1047    42.76    69.32  1
  088  i02j07k08       922    835    4.518e+21    6.000e+21   11.65    1.151e-20  0.1047    42.76    69.32  1
  089  i02j07k08        54    402    5.948e+21    6.000e+21   11.65    1.151e-20  0.1047    42.76    69.32  1
  090  i02j07k08       530     47    4.638e+21    6.000e+21   11.65    1.151e-20  0.1047    42.76    69.32  1
  091  i02j07k08       907    390    5.004e+21    6.000e+21   11.65    1.151e-20  0.1047    42.76    69.32  1
  092  i02j07k08       591    594    7.234e+21    6.000e+21   11.65    1.151e-20  0.1047    42.76    69.32  1
  093  i02j07k08       181    749    5.703e+21    6.000e+21   11.65    1.151e-20  0.1047    42.76    69.32  1
  094  i01j06k08       289    789    4.205e+21    3.000e+21   13.60    7.757e-21  0.0683    41.90    68.40  1
  095  i01j06k08       652    122    3.927e+21    3.000e+21   13.60    7.757e-21  0.0683    41.90    68.40  1
  096  i01j06k08       700    108    3.555e+21    3.000e+21   13.60    7.757e-21  0.0683    41.90    68.40  1
  097  i01j06k08       888    132    2.738e+21    3.000e+21   13.60    7.757e-21  0.0683    41.90    68.40  1
  098  i01j06k08       800     60    3.193e+21    3.000e+21   13.60    7.757e-21  0.0683    41.90    68.40  1
  099  i01j06k08       861    267    2.989e+21    3.000e+21   13.60    7.757e-21  0.0683    41.90    68.40  1
  100  i01j06k08       435    791    4.171e+21    3.000e+21   13.60    7.757e-21  0.0683    41.90    68.40  1
  101  i01j06k08       752    308    3.539e+21    3.000e+21   13.60    7.757e-21  0.0683    41.90    68.40  1
  102  i01j06k08       934    145    2.900e+21    3.000e+21   13.60    7.757e-21  0.0683    41.90    68.40  1
  103  i01j06k08       683     45    3.167e+21    3.000e+21   13.60    7.757e-21  0.0683    41.90    68.40  1
  104  i01j06k08       621    932    3.815e+21    3.000e+21   13.60    7.757e-21  0.0683    41.90    68.40  1
  105  i01j06k08       804    129    3.504e+21    3.000e+21   13.60    7.757e-21  0.0683    41.90    68.40  1
  106  i01j06k08       743    113    3.613e+21    3.000e+21   13.60    7.757e-21  0.0683    41.90    68.40  1
  107  i01j06k08       850    218    3.709e+21    3.000e+21   13.60    7.757e-21  0.0683    41.90    68.40  1
  108  i04j13k05       536    445    1.535e+22    2.400e+22    7.81    2.808e-18  1.3736    79.93    26.40  1
  109  i04j12k07       336    298    2.002e+22    2.400e+22    8.38    2.950e-19  0.8944    45.31    48.15  1
  110  i03j11k07       514    306    1.361e+22    1.200e+22    9.42    2.387e-19  0.5824    34.79    45.97  1
  111  i03j11k07       222    408    1.592e+22    1.200e+22    9.42    2.387e-19  0.5824    34.79    45.97  1
  112  i02j11k07       408     44    8.402e+21    6.000e+21   10.36    2.427e-19  0.5823    33.76    45.65  1
  113  i04j10k07        93    228    1.926e+22    2.400e+22    8.51    1.667e-19  0.3795    31.58    44.57  1
  114  i03j10k07       332    481    1.374e+22    1.200e+22    9.58    1.701e-19  0.3793    30.72    44.03  1
  115  i03j10k07       166    122    1.556e+22    1.200e+22    9.58    1.701e-19  0.3793    30.72    44.03  1
  116  i03j10k07       132    201    1.551e+22    1.200e+22    9.58    1.701e-19  0.3793    30.72    44.03  1
  117  i03j10k07       268    399    1.193e+22    1.200e+22    9.58    1.701e-19  0.3793    30.72    44.03  1
  118  i03j10k07       101    337    1.202e+22    1.200e+22    9.58    1.701e-19  0.3793    30.72    44.03  1
  119  i05j12k04       334    381    2.835e+22    4.800e+22    7.15    7.441e-18  0.8944    59.47    21.91  1
  120  i03j09k07       407    330    1.245e+22    1.200e+22    9.72    1.145e-19  0.2471    28.64    43.00  1
  121  i03j09k07       147    388    1.144e+22    1.200e+22    9.72    1.145e-19  0.2471    28.64    43.00  1
  122  i03j09k07       538    742    1.091e+22    1.200e+22    9.72    1.145e-19  0.2471    28.64    43.00  1
  123  i03j09k07       165    300    1.724e+22    1.200e+22    9.72    1.145e-19  0.2471    28.64    43.00  1
  124  i02j09k07       378    262    8.116e+21    6.000e+21   10.96    1.158e-19  0.2469    28.19    42.64  1
  125  i02j09k07        46    860    8.594e+21    6.000e+21   10.96    1.158e-19  0.2469    28.19    42.64  1
  126  i02j09k07       370    129    8.137e+21    6.000e+21   10.96    1.158e-19  0.2469    28.19    42.64  1
  127  i02j09k07       366     58    8.557e+21    6.000e+21   10.96    1.158e-19  0.2469    28.19    42.64  1
  128  i02j09k07       529    612    5.651e+21    6.000e+21   10.96    1.158e-19  0.2469    28.19    42.64  1
  129  i02j09k07       492    331    8.619e+21    6.000e+21   10.96    1.158e-19  0.2469    28.19    42.64  1
  130  i02j09k07       514    713    8.463e+21    6.000e+21   10.96    1.158e-19  0.2469    28.19    42.64  1
  131  i03j08k07       467    292    9.389e+21    1.200e+22    9.84    7.507e-20  0.1608    27.53    42.39  1
  132  i03j08k07       264    536    9.492e+21    1.200e+22    9.84    7.507e-20  0.1608    27.53    42.39  1
  133  i03j08k07       407    512    1.208e+22    1.200e+22    9.84    7.507e-20  0.1608    27.53    42.39  1
  134  i03j08k07       127    293    1.290e+22    1.200e+22    9.84    7.507e-20  0.1608    27.53    42.39  1
  135  i03j06k07       383    492    9.674e+21    1.200e+22    9.99    3.111e-20  0.0683    26.74    42.24  1
  136  i02j08k07       495     50    6.733e+21    6.000e+21   11.21    7.568e-20  0.1608    27.25    42.21  1
  137  i02j08k07       640    293    6.146e+21    6.000e+21   11.21    7.568e-20  0.1608    27.25    42.21  1
  138  i02j08k07       259    115    8.124e+21    6.000e+21   11.21    7.568e-20  0.1608    27.25    42.21  1
  139  i02j08k07       893    656    6.886e+21    6.000e+21   11.21    7.568e-20  0.1608    27.25    42.21  1
  140  i02j08k07       830    627    8.786e+21    6.000e+21   11.21    7.568e-20  0.1608    27.25    42.21  1
  141  i01j08k07       580    128    4.688e+21    3.000e+21   12.58    7.540e-20  0.1607    27.11    42.17  1
  142  i01j08k07       898    771    4.499e+21    3.000e+21   12.58    7.540e-20  0.1607    27.11    42.17  1
  143  i03j07k07       506    214    9.046e+21    1.200e+22    9.93    4.927e-20  0.1047    26.84    42.00  1
  144  i03j07k07       586    723    9.670e+21    1.200e+22    9.93    4.927e-20  0.1047    26.84    42.00  1
  145  i03j07k07       620    378    9.375e+21    1.200e+22    9.93    4.927e-20  0.1047    26.84    42.00  1
  146  i03j07k07       302    543    9.400e+21    1.200e+22    9.93    4.927e-20  0.1047    26.84    42.00  1
  147  i03j07k07       200    596    9.904e+21    1.200e+22    9.93    4.927e-20  0.1047    26.84    42.00  1
  148  i03j07k07       245     65    9.591e+21    1.200e+22    9.93    4.927e-20  0.1047    26.84    42.00  1
  149  i03j07k07       307    400    9.849e+21    1.200e+22    9.93    4.927e-20  0.1047    26.84    42.00  1
  150  i02j07k07       649    823    5.061e+21    6.000e+21   11.39    4.978e-20  0.1048    26.62    41.72  1
  151  i02j07k07       575    668    8.006e+21    6.000e+21   11.39    4.978e-20  0.1048    26.62    41.72  1
  152  i02j07k07       453    325    7.701e+21    6.000e+21   11.39    4.978e-20  0.1048    26.62    41.72  1
  153  i02j07k07       251    685    5.036e+21    6.000e+21   11.39    4.978e-20  0.1048    26.62    41.72  1
  154  i02j07k07       100    670    8.761e+21    6.000e+21   11.39    4.978e-20  0.1048    26.62    41.72  1
  155  i02j07k07       708    235    7.614e+21    6.000e+21   11.39    4.978e-20  0.1048    26.62    41.72  1
  156  i02j07k07       616    825    4.946e+21    6.000e+21   11.39    4.978e-20  0.1048    26.62    41.72  1
  157  i02j07k07        53    929    6.419e+21    6.000e+21   11.39    4.978e-20  0.1048    26.62    41.72  1
  158  i02j07k07        46    547    8.203e+21    6.000e+21   11.39    4.978e-20  0.1048    26.62    41.72  1
  159  i02j07k07       853    465    5.466e+21    6.000e+21   11.39    4.978e-20  0.1048    26.62    41.72  1
  160  i02j07k07       598    455    7.947e+21    6.000e+21   11.39    4.978e-20  0.1048    26.62    41.72  1
  161  i02j07k07       644    750    5.663e+21    6.000e+21   11.39    4.978e-20  0.1048    26.62    41.72  1
  162  i02j07k07       558    615    5.713e+21    6.000e+21   11.39    4.978e-20  0.1048    26.62    41.72  1
  163  i02j07k07       910    516    6.188e+21    6.000e+21   11.39    4.978e-20  0.1048    26.62    41.72  1
  164  i02j07k07       569    417    7.519e+21    6.000e+21   11.39    4.978e-20  0.1048    26.62    41.72  1
  165  i02j07k07       683    645    8.557e+21    6.000e+21   11.39    4.978e-20  0.1048    26.62    41.72  1
  166  i02j07k07       565    391    8.032e+21    6.000e+21   11.39    4.978e-20  0.1048    26.62    41.72  1
  167  i02j07k07       659    314    7.091e+21    6.000e+21   11.39    4.978e-20  0.1048    26.62    41.72  1
  168  i02j07k07       756    751    5.952e+21    6.000e+21   11.39    4.978e-20  0.1048    26.62    41.72  1
  169  i02j07k07       155     83    8.724e+21    6.000e+21   11.39    4.978e-20  0.1048    26.62    41.72  1
  170  i02j07k07       424    248    8.028e+21    6.000e+21   11.39    4.978e-20  0.1048    26.62    41.72  1
  171  i02j07k07        80    933    6.419e+21    6.000e+21   11.39    4.978e-20  0.1048    26.62    41.72  1
  172  i02j07k07        59    596    8.662e+21    6.000e+21   11.39    4.978e-20  0.1048    26.62    41.72  1
  173  i02j07k07       613    251    5.403e+21    6.000e+21   11.39    4.978e-20  0.1048    26.62    41.72  1
  174  i02j07k07       147     55    7.901e+21    6.000e+21   11.39    4.978e-20  0.1048    26.62    41.72  1
  175  i02j07k07       724    568    6.971e+21    6.000e+21   11.39    4.978e-20  0.1048    26.62    41.72  1
  176  i01j06k07       828    358    3.904e+21    3.000e+21   13.23    3.190e-20  0.0682    26.35    41.68  1
  177  i01j06k07       320    865    4.334e+21    3.000e+21   13.23    3.190e-20  0.0682    26.35    41.68  1
  178  i01j06k07       405    821    4.186e+21    3.000e+21   13.23    3.190e-20  0.0682    26.35    41.68  1
  179  i01j06k07       867    917    4.467e+21    3.000e+21   13.23    3.190e-20  0.0682    26.35    41.68  1
  180  i01j06k07       419    848    4.105e+21    3.000e+21   13.23    3.190e-20  0.0682    26.35    41.68  1
  181  i01j06k07       701    824    4.229e+21    3.000e+21   13.23    3.190e-20  0.0682    26.35    41.68  1
  182  i01j06k07       866    163    3.660e+21    3.000e+21   13.23    3.190e-20  0.0682    26.35    41.68  1
  183  i01j06k07       171    939    3.951e+21    3.000e+21   13.23    3.190e-20  0.0682    26.35    41.68  1
  184  i01j06k07       739     42    3.360e+21    3.000e+21   13.23    3.190e-20  0.0682    26.35    41.68  1
  185  i01j07k07       372    751    4.184e+21    3.000e+21   12.94    4.994e-20  0.1047    26.48    41.65  1
  186  i01j07k07       437    670    4.476e+21    3.000e+21   12.94    4.994e-20  0.1047    26.48    41.65  1
  187  i01j07k07       937    191    3.192e+21    3.000e+21   12.94    4.994e-20  0.1047    26.48    41.65  1
  188  i01j07k07       263    905    4.504e+21    3.000e+21   12.94    4.994e-20  0.1047    26.48    41.65  1
  189  i01j07k07       435    698    4.501e+21    3.000e+21   12.94    4.994e-20  0.1047    26.48    41.65  1
  190  i01j05k07       351    812    4.129e+21    3.000e+21   13.43    2.108e-20  0.0445    26.04    41.40  1
  191  i01j05k07       173    912    3.973e+21    3.000e+21   13.43    2.108e-20  0.0445    26.04    41.40  1
  192  i01j05k07       607    127    3.962e+21    3.000e+21   13.43    2.108e-20  0.0445    26.04    41.40  1
  193  i01j05k07       770    340    4.129e+21    3.000e+21   13.43    2.108e-20  0.0445    26.04    41.40  1
  194  i01j05k07       797    316    3.369e+21    3.000e+21   13.43    2.108e-20  0.0445    26.04    41.40  1
  195  i01j05k07       939    257    3.019e+21    3.000e+21   13.43    2.108e-20  0.0445    26.04    41.40  1
  196  i01j05k07       125    916    4.336e+21    3.000e+21   13.43    2.108e-20  0.0445    26.04    41.40  1
  197  i01j05k07       264    939    3.999e+21    3.000e+21   13.43    2.108e-20  0.0445    26.04    41.40  1
  198  i01j05k07       838    939    4.230e+21    3.000e+21   13.43    2.108e-20  0.0445    26.04    41.40  1
  199  i01j05k07       553    156    4.286e+21    3.000e+21   13.43    2.108e-20  0.0445    26.04    41.40  1
  200  i01j05k07       938    873    4.375e+21    3.000e+21   13.43    2.108e-20  0.0445    26.04    41.40  1
  201  i01j05k07       616    207    4.381e+21    3.000e+21   13.43    2.108e-20  0.0445    26.04    41.40  1
  202  i01j05k07       939    454    4.308e+21    3.000e+21   13.43    2.108e-20  0.0445    26.04    41.40  1
  203  i01j05k07       709    299    4.348e+21    3.000e+21   13.43    2.108e-20  0.0445    26.04    41.40  1
  204  i02j06k07       110    824    5.508e+21    6.000e+21   11.53    3.285e-20  0.0683    26.18    41.31  1
  205  i02j06k07        70    781    5.770e+21    6.000e+21   11.53    3.285e-20  0.0683    26.18    41.31  1
  206  i02j06k07       357    652    5.131e+21    6.000e+21   11.53    3.285e-20  0.0683    26.18    41.31  1
  207  i02j06k07       935    768    5.671e+21    6.000e+21   11.53    3.285e-20  0.0683    26.18    41.31  1
  208  i02j06k07       730    823    5.743e+21    6.000e+21   11.53    3.285e-20  0.0683    26.18    41.31  1
  209  i02j06k07       573    820    4.791e+21    6.000e+21   11.53    3.285e-20  0.0683    26.18    41.31  1
  210  i02j06k07       683    300    5.696e+21    6.000e+21   11.53    3.285e-20  0.0683    26.18    41.31  1
  211  i02j06k07       400    726    5.636e+21    6.000e+21   11.53    3.285e-20  0.0683    26.18    41.31  1
  212  i02j06k07       615    348    7.287e+21    6.000e+21   11.53    3.285e-20  0.0683    26.18    41.31  1
  213  i02j06k07       179    612    7.542e+21    6.000e+21   11.53    3.285e-20  0.0683    26.18    41.31  1
  214  i02j06k07       630    776    5.104e+21    6.000e+21   11.53    3.285e-20  0.0683    26.18    41.31  1
  215  i02j06k07       483    788    6.603e+21    6.000e+21   11.53    3.285e-20  0.0683    26.18    41.31  1
  216  i02j06k07       766    939    4.584e+21    6.000e+21   11.53    3.285e-20  0.0683    26.18    41.31  1
  217  i02j06k07       324    671    4.872e+21    6.000e+21   11.53    3.285e-20  0.0683    26.18    41.31  1
  218  i02j06k07       669    683    5.527e+21    6.000e+21   11.53    3.285e-20  0.0683    26.18    41.31  1
  219  i02j06k07       288    129    7.299e+21    6.000e+21   11.53    3.285e-20  0.0683    26.18    41.31  1
  220  i02j06k07       592    642    5.198e+21    6.000e+21   11.53    3.285e-20  0.0683    26.18    41.31  1
  221  i02j06k07       804    418    5.441e+21    6.000e+21   11.53    3.285e-20  0.0683    26.18    41.31  1
  222  i02j06k07       845    667    6.657e+21    6.000e+21   11.53    3.285e-20  0.0683    26.18    41.31  1
  223  i02j06k07       263    735    5.347e+21    6.000e+21   11.53    3.285e-20  0.0683    26.18    41.31  1
  224  i02j06k07       356    884    5.309e+21    6.000e+21   11.53    3.285e-20  0.0683    26.18    41.31  1
  225  i02j06k07       522    188    7.336e+21    6.000e+21   11.53    3.285e-20  0.0683    26.18    41.31  1
  226  i02j06k07       311    105    7.834e+21    6.000e+21   11.53    3.285e-20  0.0683    26.18    41.31  1
  227  i02j05k07       742    590    7.909e+21    6.000e+21   11.63    2.133e-20  0.0444    25.98    41.23  1
  228  i02j05k07       245    825    5.045e+21    6.000e+21   11.63    2.133e-20  0.0444    25.98    41.23  1
  229  i02j05k07       866    390    5.584e+21    6.000e+21   11.63    2.133e-20  0.0444    25.98    41.23  1
  230  i02j05k07       691    881    4.422e+21    6.000e+21   11.63    2.133e-20  0.0444    25.98    41.23  1
  231  i02j05k07       741    349    5.315e+21    6.000e+21   11.63    2.133e-20  0.0444    25.98    41.23  1
  232  i02j05k07       859    630    5.820e+21    6.000e+21   11.63    2.133e-20  0.0444    25.98    41.23  1
  233  i02j05k07       521    781    7.293e+21    6.000e+21   11.63    2.133e-20  0.0444    25.98    41.23  1
  234  i02j05k07       747    795    5.597e+21    6.000e+21   11.63    2.133e-20  0.0444    25.98    41.23  1
  235  i02j05k07       402    464    6.854e+21    6.000e+21   11.63    2.133e-20  0.0444    25.98    41.23  1
  236  i02j05k07        42    890    6.795e+21    6.000e+21   11.63    2.133e-20  0.0444    25.98    41.23  1
  237  i02j05k07       583    248    5.139e+21    6.000e+21   11.63    2.133e-20  0.0444    25.98    41.23  1
  238  i02j05k07       626    674    5.498e+21    6.000e+21   11.63    2.133e-20  0.0444    25.98    41.23  1
  239  i02j05k07       374    692    5.608e+21    6.000e+21   11.63    2.133e-20  0.0444    25.98    41.23  1
  240  i02j05k07       872    777    5.775e+21    6.000e+21   11.63    2.133e-20  0.0444    25.98    41.23  1
  241  i02j05k07       410    758    5.213e+21    6.000e+21   11.63    2.133e-20  0.0444    25.98    41.23  1
  242  i02j05k07       668    719    5.788e+21    6.000e+21   11.63    2.133e-20  0.0444    25.98    41.23  1
  243  i02j05k07       857    868    5.552e+21    6.000e+21   11.63    2.133e-20  0.0444    25.98    41.23  1
  244  i02j05k07       629    319    6.380e+21    6.000e+21   11.63    2.133e-20  0.0444    25.98    41.23  1
  245  i02j05k07       291    620    4.485e+21    6.000e+21   11.63    2.133e-20  0.0444    25.98    41.23  1
  246  i02j05k07       523    115    6.597e+21    6.000e+21   11.63    2.133e-20  0.0444    25.98    41.23  1
  247  i02j05k07        38    439    6.380e+21    6.000e+21   11.63    2.133e-20  0.0444    25.98    41.23  1
  248  i04j11k06       179    165    2.429e+22    2.400e+22    8.19    8.069e-19  0.5826    29.27    32.17  1
  249  i03j10k06       350     74    1.114e+22    1.200e+22    9.08    6.594e-19  0.3795    22.10    29.49  1
  250  i03j10k06       769    479    1.381e+22    1.200e+22    9.08    6.594e-19  0.3795    22.10    29.49  1
  251  i04j09k06       238    510    1.966e+22    2.400e+22    8.38    4.674e-19  0.2472    19.72    27.88  1
  252  i03j11k05       237    436    1.524e+22    1.200e+22    8.35    2.558e-18  0.5825    26.50    24.89  1
  253  i03j09k06       165    572    1.759e+22    1.200e+22    9.29    4.724e-19  0.2469    19.24    27.56  1
  254  i03j09k06       657    570    1.476e+22    1.200e+22    9.29    4.724e-19  0.2469    19.24    27.56  1
  255  i03j09k06       224    587    1.093e+22    1.200e+22    9.29    4.724e-19  0.2469    19.24    27.56  1
  256  i03j09k06       685    447    1.154e+22    1.200e+22    9.29    4.724e-19  0.2469    19.24    27.56  1
  257  i03j09k06       185    318    1.262e+22    1.200e+22    9.29    4.724e-19  0.2469    19.24    27.56  1
  258  i03j09k06       454    554    1.212e+22    1.200e+22    9.29    4.724e-19  0.2469    19.24    27.56  1
  259  i03j09k06       420     69    1.350e+22    1.200e+22    9.29    4.724e-19  0.2469    19.24    27.56  1
  260  i02j09k06       712    547    1.015e+22    6.000e+21   10.13    4.836e-19  0.2470    18.81    27.25  1
  261  i04j08k06       272    482    2.363e+22    2.400e+22    8.47    3.221e-19  0.1608    18.00    26.74  1
  262  i03j08k06       151    492    1.744e+22    1.200e+22    9.50    3.197e-19  0.1608    17.78    26.65  1
  263  i03j08k06       235    230    1.822e+22    1.200e+22    9.50    3.197e-19  0.1608    17.78    26.65  1
  264  i03j08k06        54    187    1.483e+22    1.200e+22    9.50    3.197e-19  0.1608    17.78    26.65  1
  265  i03j08k06       538    406    1.470e+22    1.200e+22    9.50    3.197e-19  0.1608    17.78    26.65  1
  266  i03j08k06       785    487    1.102e+22    1.200e+22    9.50    3.197e-19  0.1608    17.78    26.65  1
  267  i03j08k06       673    507    1.093e+22    1.200e+22    9.50    3.197e-19  0.1608    17.78    26.65  1
  268  i03j08k06       123    606    1.639e+22    1.200e+22    9.50    3.197e-19  0.1608    17.78    26.65  1
  269  i03j08k06        80    520    9.854e+21    1.200e+22    9.50    3.197e-19  0.1608    17.78    26.65  1
  270  i02j08k06       122     74    9.338e+21    6.000e+21   10.51    3.265e-19  0.1607    17.47    26.37  1
  271  i02j07k06       773    853    7.929e+21    6.000e+21   10.86    2.114e-19  0.1048    16.86    26.00  1
  272  i02j07k06       237    638    7.112e+21    6.000e+21   10.86    2.114e-19  0.1048    16.86    26.00  1
  273  i02j07k06       706    163    7.773e+21    6.000e+21   10.86    2.114e-19  0.1048    16.86    26.00  1
  274  i03j07k06        38    249    1.146e+22    1.200e+22    9.67    2.138e-19  0.1047    16.93    25.99  1
  275  i03j06k06       472     75    1.031e+22    1.200e+22    9.80    1.402e-19  0.0682    16.48    25.62  1
  276  i03j06k06       138    665    9.356e+21    1.200e+22    9.80    1.402e-19  0.0682    16.48    25.62  1
  277  i03j06k06       316    443    9.415e+21    1.200e+22    9.80    1.402e-19  0.0682    16.48    25.62  1
  278  i02j06k06       379    613    7.052e+21    6.000e+21   11.13    1.422e-19  0.0682    16.32    25.45  1
  279  i02j06k06       469    919    5.896e+21    6.000e+21   11.13    1.422e-19  0.0682    16.32    25.45  1
  280  i02j06k06       802    476    6.758e+21    6.000e+21   11.13    1.422e-19  0.0682    16.32    25.45  1
  281  i02j06k06       306    599    5.917e+21    6.000e+21   11.13    1.422e-19  0.0682    16.32    25.45  1
  282  i02j06k06       603    754    5.819e+21    6.000e+21   11.13    1.422e-19  0.0682    16.32    25.45  1
  283  i02j06k06       835    836    7.120e+21    6.000e+21   11.13    1.422e-19  0.0682    16.32    25.45  1
  284  i02j06k06       330    168    8.358e+21    6.000e+21   11.13    1.422e-19  0.0682    16.32    25.45  1
  285  i02j06k06       381    164    7.331e+21    6.000e+21   11.13    1.422e-19  0.0682    16.32    25.45  1
  286  i02j06k06       276     37    8.388e+21    6.000e+21   11.13    1.422e-19  0.0682    16.32    25.45  1
  287  i02j06k06       149    363    8.844e+21    6.000e+21   11.13    1.422e-19  0.0682    16.32    25.45  1
  288  i01j04k06       300    831    4.053e+21    3.000e+21   13.16    5.827e-20  0.0289    16.10    25.43  1
  289  i01j04k06       357    836    4.256e+21    3.000e+21   13.16    5.827e-20  0.0289    16.10    25.43  1
  290  i03j05k06        37    150    9.867e+21    1.200e+22    9.90    9.190e-20  0.0445    16.19    25.41  1
  291  i03j05k06       286    453    8.984e+21    1.200e+22    9.90    9.190e-20  0.0445    16.19    25.41  1
  292  i03j05k06       502    517    1.150e+22    1.200e+22    9.90    9.190e-20  0.0445    16.19    25.41  1
  293  i02j05k06        45    497    7.594e+21    6.000e+21   11.34    9.133e-20  0.0445    16.16    25.40  1
  294  i02j05k06       410    275    7.978e+21    6.000e+21   11.34    9.133e-20  0.0445    16.16    25.40  1
  295  i02j05k06       873    938    5.262e+21    6.000e+21   11.34    9.133e-20  0.0445    16.16    25.40  1
  296  i02j05k06       417    685    4.954e+21    6.000e+21   11.34    9.133e-20  0.0445    16.16    25.40  1
  297  i02j05k06       474    138    7.533e+21    6.000e+21   11.34    9.133e-20  0.0445    16.16    25.40  1
  298  i02j05k06       732    757    5.589e+21    6.000e+21   11.34    9.133e-20  0.0445    16.16    25.40  1
  299  i01j05k06       892    261    3.009e+21    3.000e+21   12.83    9.354e-20  0.0444    15.98    25.18  1
  300  i01j05k06       821    276    3.913e+21    3.000e+21   12.83    9.354e-20  0.0444    15.98    25.18  1
  301  i01j03k06       774     88    3.411e+21    3.000e+21   13.37    3.904e-20  0.0188    15.87    25.15  1
  302  i04j10k03       267    268    2.450e+22    2.400e+22    7.23    1.854e-17  0.3794    22.50    18.83  1
  303  i03j07k05       147    609    1.317e+22    1.200e+22    9.17    9.131e-19  0.1047    11.00    18.55  1
  304  i03j07k05       160    441    1.709e+22    1.200e+22    9.17    9.131e-19  0.1047    11.00    18.55  1
  305  i03j06k05       809    518    1.782e+22    1.200e+22    9.41    6.091e-19  0.0683    10.43    18.25  1
  306  i03j06k05       549    486    1.653e+22    1.200e+22    9.41    6.091e-19  0.0683    10.43    18.25  1
  307  i03j08k04       298    416    1.265e+22    1.200e+22    8.19    4.871e-18  0.1609     9.18    16.44  1
  308  i03j08k01        84    301    1.530e+22    1.200e+22    6.74    1.331e-16  0.1610    10.88    15.58  1
  309  i05j08k02       271    292    4.687e+22    4.800e+22    6.83    4.292e-17  0.1610     9.31    15.41  1
