! Date: 14/08/2026  Time: 13:56:29  Created by RADMC3D compiled on Aug 14 2026 12:46    
! Alexander Men’shchikov, DAp IRFU CEA Saclay, France                         
!
! RADIAL PROFILES OF SURFACE DENSITIES (cm^-2)
!
! Distance (pc): 2.60000000E+02  Mass-averaged Tdust (K): 1.39684218E+01
!
!   N   RADIUS(au)     RADIUS(pc)     RADIUS(as)      PROFILE        SLOPE          PROFILEBS      SLOPEBS
!
    1  5.2513587E+01  2.5458956E-04  2.0197534E-01  7.6956117E+21  3.5069238E-03  7.3208882E+21  3.6873450E-03
    2  8.3232430E+02  4.0351666E-03  3.2012473E+00  7.6214002E+21  3.5069238E-03  7.2466767E+21  3.6873450E-03
    3  1.6121350E+03  7.8157437E-03  6.2005193E+00  7.4005339E+21  3.5069238E-03  7.0258104E+21  3.6873450E-03
    4  2.3919457E+03  1.1596321E-02  9.1997913E+00  7.0416472E+21  3.5069238E-03  6.6669237E+21  3.6873450E-03
    5  3.1717564E+03  1.5376898E-02  1.2199063E+01  6.5573121E+21  4.4483877E-02  6.1825885E+21  4.6820085E-02
    6  3.9515672E+03  1.9157475E-02  1.5198335E+01  5.9630436E+21  1.2599242E-01  5.5883200E+21  1.3289146E-01
    7  4.7313779E+03  2.2938052E-02  1.8197607E+01  5.2701299E+21  2.5254007E-01  4.8954064E+21  2.6728304E-01
    8  5.5111886E+03  2.6718629E-02  2.1196879E+01  4.4750322E+21  4.3215743E-01  4.1003087E+21  4.5971810E-01
    9  6.2909993E+03  3.0499206E-02  2.4196151E+01  3.5504790E+21  6.8585851E-01  3.1757554E+21  7.3502681E-01
   10  7.0708100E+03  3.4279783E-02  2.7195423E+01  2.4167655E+21  1.0719542E+00  2.0420419E+21  1.1617105E+00
   11  7.8506207E+03  3.8060360E-02  3.0194695E+01  6.0787481E+20  1.7487661E+00  1.0000000E-99  1.1617105E+00
   12  8.6304315E+03  4.1840937E-02  3.3193967E+01  3.7473732E+20  3.2917040E+00  1.0000000E-99  1.0000000E-99
   13  9.4102422E+03  4.5621514E-02  3.6193239E+01  3.7468769E+20  3.2917040E+00  1.0000000E-99  1.0000000E-99
   14  1.0190053E+04  4.9402091E-02  3.9192511E+01  3.7463345E+20  1.8186432E-03  1.0000000E-99  1.0000000E-99
   15  1.0969864E+04  5.3182668E-02  4.2191783E+01  3.7457485E+20  1.8186432E-03  1.0000000E-99  1.0000000E-99
   16  1.1749674E+04  5.6963246E-02  4.5191055E+01  3.7451191E+20  1.8186432E-03  1.0000000E-99  1.0000000E-99
   17  1.2529485E+04  6.0743823E-02  4.8190327E+01  3.7444461E+20  2.1212213E-03  1.0000000E-99  1.0000000E-99
   18  1.3309296E+04  6.4524400E-02  5.1189599E+01  3.7437295E+20  2.4472187E-03  1.0000000E-99  1.0000000E-99
   19  1.4089106E+04  6.8304977E-02  5.4188871E+01  3.7429694E+20  2.7966807E-03  1.0000000E-99  1.0000000E-99
   20  1.4868917E+04  7.2085554E-02  5.7188143E+01  3.7421657E+20  3.1696562E-03  1.0000000E-99  1.0000000E-99
   21  1.5648728E+04  7.5866131E-02  6.0187415E+01  3.7413184E+20  3.5661974E-03  1.0000000E-99  1.0000000E-99
   22  1.6428539E+04  7.9646708E-02  6.3186687E+01  3.7404274E+20  3.9863598E-03  1.0000000E-99  1.0000000E-99
   23  1.7208349E+04  8.3427285E-02  6.6185959E+01  3.7394927E+20  4.4302022E-03  1.0000000E-99  1.0000000E-99
   24  1.7988160E+04  8.7207862E-02  6.9185231E+01  3.7385142E+20  4.8977871E-03  1.0000000E-99  1.0000000E-99
   25  1.8767971E+04  9.0988439E-02  7.2184503E+01  3.7374921E+20  5.3891800E-03  1.0000000E-99  1.0000000E-99
   26  1.9547781E+04  9.4769016E-02  7.5183775E+01  3.7364261E+20  5.9044502E-03  1.0000000E-99  1.0000000E-99
   27  2.0327592E+04  9.8549593E-02  7.8183047E+01  3.7353163E+20  6.4436703E-03  1.0000000E-99  1.0000000E-99
   28  2.1107403E+04  1.0233017E-01  8.1182319E+01  3.7341626E+20  7.0069165E-03  1.0000000E-99  1.0000000E-99
   29  2.1887214E+04  1.0611075E-01  8.4181591E+01  3.7329650E+20  7.5942685E-03  1.0000000E-99  1.0000000E-99
   30  2.2667024E+04  1.0989132E-01  8.7180863E+01  3.7317235E+20  8.2058095E-03  1.0000000E-99  1.0000000E-99
   31  2.3446835E+04  1.1367190E-01  9.0180135E+01  3.7304379E+20  8.8416262E-03  1.0000000E-99  1.0000000E-99
   32  2.4226646E+04  1.1745248E-01  9.3179407E+01  3.7291083E+20  9.5018092E-03  1.0000000E-99  1.0000000E-99
   33  2.5006456E+04  1.2123306E-01  9.6178679E+01  3.7277347E+20  1.0186452E-02  1.0000000E-99  1.0000000E-99
   34  2.5786267E+04  1.2501363E-01  9.9177951E+01  3.7263168E+20  1.0895654E-02  1.0000000E-99  1.0000000E-99
   35  2.6566078E+04  1.2879421E-01  1.0217722E+02  3.7248548E+20  1.1629515E-02  1.0000000E-99  1.0000000E-99
   36  2.7345889E+04  1.3257479E-01  1.0517649E+02  3.7233486E+20  1.2388140E-02  1.0000000E-99  1.0000000E-99
   37  2.8125699E+04  1.3635536E-01  1.0817577E+02  3.7217980E+20  1.3171640E-02  1.0000000E-99  1.0000000E-99
   38  2.8905510E+04  1.4013594E-01  1.1117504E+02  3.7202031E+20  1.3980126E-02  1.0000000E-99  1.0000000E-99
   39  2.9685321E+04  1.4391652E-01  1.1417431E+02  3.7185638E+20  1.4813715E-02  1.0000000E-99  1.0000000E-99
   40  3.0465131E+04  1.4769710E-01  1.1717358E+02  3.7168801E+20  1.5672528E-02  1.0000000E-99  1.0000000E-99
   41  3.1244942E+04  1.5147767E-01  1.2017285E+02  3.7151518E+20  1.6556690E-02  1.0000000E-99  1.0000000E-99
   42  3.2024753E+04  1.5525825E-01  1.2317213E+02  3.7133789E+20  1.7466329E-02  1.0000000E-99  1.0000000E-99
   43  3.2804564E+04  1.5903883E-01  1.2617140E+02  3.7115613E+20  1.8401578E-02  1.0000000E-99  1.0000000E-99
   44  3.3584374E+04  1.6281940E-01  1.2917067E+02  3.7096991E+20  1.9362574E-02  1.0000000E-99  1.0000000E-99
   45  3.4364185E+04  1.6659998E-01  1.3216994E+02  3.7077920E+20  2.0349457E-02  1.0000000E-99  1.0000000E-99
   46  3.5143996E+04  1.7038056E-01  1.3516921E+02  3.7058401E+20  2.1362373E-02  1.0000000E-99  1.0000000E-99
   47  3.5923806E+04  1.7416113E-01  1.3816849E+02  3.7038433E+20  2.2401471E-02  1.0000000E-99  1.0000000E-99
   48  3.6703617E+04  1.7794171E-01  1.4116776E+02  3.7018015E+20  2.3466904E-02  1.0000000E-99  1.0000000E-99
   49  3.7483428E+04  1.8172229E-01  1.4416703E+02  3.6997146E+20  2.4558832E-02  1.0000000E-99  1.0000000E-99
   50  3.8263239E+04  1.8550287E-01  1.4716630E+02  3.6975825E+20  2.5677416E-02  1.0000000E-99  1.0000000E-99
   51  3.9043049E+04  1.8928344E-01  1.5016557E+02  3.6954052E+20  2.6822823E-02  1.0000000E-99  1.0000000E-99
   52  3.9822860E+04  1.9306402E-01  1.5316485E+02  3.6931826E+20  2.7995225E-02  1.0000000E-99  1.0000000E-99
   53  4.0602671E+04  1.9684460E-01  1.5616412E+02  3.6909147E+20  2.9194798E-02  1.0000000E-99  1.0000000E-99
   54  4.1382482E+04  2.0062517E-01  1.5916339E+02  3.6886012E+20  3.0421724E-02  1.0000000E-99  1.0000000E-99
   55  4.2162292E+04  2.0440575E-01  1.6216266E+02  3.6862422E+20  3.1676187E-02  1.0000000E-99  1.0000000E-99
   56  4.2942103E+04  2.0818633E-01  1.6516193E+02  3.6838375E+20  3.2958379E-02  1.0000000E-99  1.0000000E-99
   57  4.3721914E+04  2.1196691E-01  1.6816121E+02  3.6813871E+20  3.4268494E-02  1.0000000E-99  1.0000000E-99
   58  4.4501724E+04  2.1574748E-01  1.7116048E+02  3.6788909E+20  3.5606733E-02  1.0000000E-99  1.0000000E-99
   59  4.5281535E+04  2.1952806E-01  1.7415975E+02  3.6763488E+20  3.6973302E-02  1.0000000E-99  1.0000000E-99
   60  4.6061346E+04  2.2330864E-01  1.7715902E+02  3.6737606E+20  3.8368412E-02  1.0000000E-99  1.0000000E-99
   61  4.6841157E+04  2.2708921E-01  1.8015829E+02  3.6711263E+20  3.9792278E-02  1.0000000E-99  1.0000000E-99
   62  4.7620967E+04  2.3086979E-01  1.8315757E+02  3.6684458E+20  4.1245121E-02  1.0000000E-99  1.0000000E-99
   63  4.8400778E+04  2.3465037E-01  1.8615684E+02  3.6657190E+20  4.2727169E-02  1.0000000E-99  1.0000000E-99
   64  4.9180589E+04  2.3843094E-01  1.8915611E+02  3.6629458E+20  4.4238653E-02  1.0000000E-99  1.0000000E-99
   65  4.9960399E+04  2.4221152E-01  1.9215538E+02  3.6601261E+20  4.5779811E-02  1.0000000E-99  1.0000000E-99
   66  5.0740210E+04  2.4599210E-01  1.9515465E+02  3.6572597E+20  4.7350887E-02  1.0000000E-99  1.0000000E-99
   67  5.1520021E+04  2.4977268E-01  1.9815393E+02  3.6543466E+20  4.8952129E-02  1.0000000E-99  1.0000000E-99
   68  5.2299832E+04  2.5355325E-01  2.0115320E+02  3.6513866E+20  5.0583794E-02  1.0000000E-99  1.0000000E-99
   69  5.3079642E+04  2.5733383E-01  2.0415247E+02  3.6483797E+20  5.2246142E-02  1.0000000E-99  1.0000000E-99
   70  5.3859453E+04  2.6111441E-01  2.0715174E+02  3.6453257E+20  5.3939441E-02  1.0000000E-99  1.0000000E-99
   71  5.4639264E+04  2.6489498E-01  2.1015101E+02  3.6422244E+20  5.5663965E-02  1.0000000E-99  1.0000000E-99
   72  5.5419074E+04  2.6867556E-01  2.1315029E+02  3.6390759E+20  5.7419992E-02  1.0000000E-99  1.0000000E-99
   73  5.6198885E+04  2.7245614E-01  2.1614956E+02  3.6358799E+20  5.9207810E-02  1.0000000E-99  1.0000000E-99
   74  5.6978696E+04  2.7623672E-01  2.1914883E+02  3.6326364E+20  6.1027712E-02  1.0000000E-99  1.0000000E-99
   75  5.7758507E+04  2.8001729E-01  2.2214810E+02  3.6293451E+20  6.2879997E-02  1.0000000E-99  1.0000000E-99
   76  5.8538317E+04  2.8379787E-01  2.2514737E+02  3.6260060E+20  6.4764973E-02  1.0000000E-99  1.0000000E-99
   77  5.9318128E+04  2.8757845E-01  2.2814665E+02  3.6226190E+20  6.6682952E-02  1.0000000E-99  1.0000000E-99
   78  6.0097939E+04  2.9135902E-01  2.3114592E+02  3.6191838E+20  6.8634256E-02  1.0000000E-99  1.0000000E-99
   79  6.0877749E+04  2.9513960E-01  2.3414519E+02  3.6157005E+20  7.0619213E-02  1.0000000E-99  1.0000000E-99
   80  6.1657560E+04  2.9892018E-01  2.3714446E+02  3.6121687E+20  7.2638157E-02  1.0000000E-99  1.0000000E-99
   81  6.2437371E+04  3.0270075E-01  2.4014373E+02  3.6085885E+20  7.4691433E-02  1.0000000E-99  1.0000000E-99
   82  6.3217182E+04  3.0648133E-01  2.4314301E+02  3.6049596E+20  7.6779391E-02  1.0000000E-99  1.0000000E-99
   83  6.3996992E+04  3.1026191E-01  2.4614228E+02  3.6012818E+20  7.8902390E-02  1.0000000E-99  1.0000000E-99
   84  6.4776803E+04  3.1404249E-01  2.4914155E+02  3.5975552E+20  8.1060796E-02  1.0000000E-99  1.0000000E-99
   85  6.5556614E+04  3.1782306E-01  2.5214082E+02  3.5937794E+20  8.3254985E-02  1.0000000E-99  1.0000000E-99
   86  6.6336424E+04  3.2160364E-01  2.5514009E+02  3.5899544E+20  8.5485340E-02  1.0000000E-99  1.0000000E-99
   87  6.7116235E+04  3.2538422E-01  2.5813937E+02  3.5860799E+20  8.7752253E-02  1.0000000E-99  1.0000000E-99
   88  6.7896046E+04  3.2916479E-01  2.6113864E+02  3.5821559E+20  9.0056125E-02  1.0000000E-99  1.0000000E-99
   89  6.8675857E+04  3.3294537E-01  2.6413791E+02  3.5781821E+20  9.2397366E-02  1.0000000E-99  1.0000000E-99
   90  6.9455667E+04  3.3672595E-01  2.6713718E+02  3.5741584E+20  9.4776395E-02  1.0000000E-99  1.0000000E-99
   91  7.0235478E+04  3.4050653E-01  2.7013645E+02  3.5700846E+20  9.7193640E-02  1.0000000E-99  1.0000000E-99
   92  7.1015289E+04  3.4428710E-01  2.7313573E+02  3.5659606E+20  9.9649540E-02  1.0000000E-99  1.0000000E-99
   93  7.1795099E+04  3.4806768E-01  2.7613500E+02  3.5617862E+20  1.0214454E-01  1.0000000E-99  1.0000000E-99
   94  7.2574910E+04  3.5184826E-01  2.7913427E+02  3.5575611E+20  1.0467910E-01  1.0000000E-99  1.0000000E-99
   95  7.3354721E+04  3.5562883E-01  2.8213354E+02  3.5532853E+20  1.0725369E-01  1.0000000E-99  1.0000000E-99
   96  7.4134532E+04  3.5940941E-01  2.8513281E+02  3.5489585E+20  1.0986879E-01  1.0000000E-99  1.0000000E-99
   97  7.4914342E+04  3.6318999E-01  2.8813209E+02  3.5445806E+20  1.1252488E-01  1.0000000E-99  1.0000000E-99
   98  7.5694153E+04  3.6697056E-01  2.9113136E+02  3.5401513E+20  1.1522247E-01  1.0000000E-99  1.0000000E-99
   99  7.6473964E+04  3.7075114E-01  2.9413063E+02  3.5356705E+20  1.1796207E-01  1.0000000E-99  1.0000000E-99
  100  7.7253774E+04  3.7453172E-01  2.9712990E+02  3.5311379E+20  1.2074420E-01  1.0000000E-99  1.0000000E-99
  101  7.8033585E+04  3.7831230E-01  3.0012917E+02  3.5265535E+20  1.2356939E-01  1.0000000E-99  1.0000000E-99
  102  7.8813396E+04  3.8209287E-01  3.0312845E+02  3.5219169E+20  1.2643820E-01  1.0000000E-99  1.0000000E-99
  103  7.9593207E+04  3.8587345E-01  3.0612772E+02  3.5172279E+20  1.2935119E-01  1.0000000E-99  1.0000000E-99
  104  8.0373017E+04  3.8965403E-01  3.0912699E+02  3.5124864E+20  1.3230892E-01  1.0000000E-99  1.0000000E-99
  105  8.1152828E+04  3.9343460E-01  3.1212626E+02  3.5076921E+20  1.3531198E-01  1.0000000E-99  1.0000000E-99
  106  8.1932639E+04  3.9721518E-01  3.1512553E+02  3.5028449E+20  1.3836097E-01  1.0000000E-99  1.0000000E-99
  107  8.2712449E+04  4.0099576E-01  3.1812481E+02  3.4979445E+20  1.4145650E-01  1.0000000E-99  1.0000000E-99
  108  8.3492260E+04  4.0477634E-01  3.2112408E+02  3.4929906E+20  1.4459920E-01  1.0000000E-99  1.0000000E-99
  109  8.4272071E+04  4.0855691E-01  3.2412335E+02  3.4879831E+20  1.4778971E-01  1.0000000E-99  1.0000000E-99
  110  8.5051882E+04  4.1233749E-01  3.2712262E+02  3.4829217E+20  1.5102868E-01  1.0000000E-99  1.0000000E-99
  111  8.5831692E+04  4.1611807E-01  3.3012189E+02  3.4778062E+20  1.5431679E-01  1.0000000E-99  1.0000000E-99
  112  8.6611503E+04  4.1989864E-01  3.3312117E+02  3.4726363E+20  1.5765472E-01  1.0000000E-99  1.0000000E-99
  113  8.7391314E+04  4.2367922E-01  3.3612044E+02  3.4674119E+20  1.6104318E-01  1.0000000E-99  1.0000000E-99
  114  8.8171124E+04  4.2745980E-01  3.3911971E+02  3.4621326E+20  1.6448288E-01  1.0000000E-99  1.0000000E-99
  115  8.8950935E+04  4.3124037E-01  3.4211898E+02  3.4567982E+20  1.6797455E-01  1.0000000E-99  1.0000000E-99
  116  8.9730746E+04  4.3502095E-01  3.4511825E+02  3.4514084E+20  1.7151896E-01  1.0000000E-99  1.0000000E-99
  117  9.0510557E+04  4.3880153E-01  3.4811753E+02  3.4459630E+20  1.7511687E-01  1.0000000E-99  1.0000000E-99
  118  9.1290367E+04  4.4258211E-01  3.5111680E+02  3.4404618E+20  1.7876907E-01  1.0000000E-99  1.0000000E-99
  119  9.2070178E+04  4.4636268E-01  3.5411607E+02  3.4349044E+20  1.8247636E-01  1.0000000E-99  1.0000000E-99
  120  9.2849989E+04  4.5014326E-01  3.5711534E+02  3.4292906E+20  1.8623958E-01  1.0000000E-99  1.0000000E-99
  121  9.3629799E+04  4.5392384E-01  3.6011461E+02  3.4236200E+20  1.9005956E-01  1.0000000E-99  1.0000000E-99
  122  9.4409610E+04  4.5770441E-01  3.6311389E+02  3.4178926E+20  1.9393718E-01  1.0000000E-99  1.0000000E-99
  123  9.5189421E+04  4.6148499E-01  3.6611316E+02  3.4121078E+20  1.9787333E-01  1.0000000E-99  1.0000000E-99
  124  9.5969232E+04  4.6526557E-01  3.6911243E+02  3.4062655E+20  2.0186890E-01  1.0000000E-99  1.0000000E-99
  125  9.6749042E+04  4.6904615E-01  3.7211170E+02  3.4003653E+20  2.0592484E-01  1.0000000E-99  1.0000000E-99
  126  9.7528853E+04  4.7282672E-01  3.7511097E+02  3.3944070E+20  2.1004210E-01  1.0000000E-99  1.0000000E-99
  127  9.8308664E+04  4.7660730E-01  3.7811025E+02  3.3883902E+20  2.1422165E-01  1.0000000E-99  1.0000000E-99
  128  9.9088474E+04  4.8038788E-01  3.8110952E+02  3.3823147E+20  2.1846449E-01  1.0000000E-99  1.0000000E-99
  129  9.9868285E+04  4.8416845E-01  3.8410879E+02  3.3761800E+20  2.2277165E-01  1.0000000E-99  1.0000000E-99
  130  1.0064810E+05  4.8794903E-01  3.8710806E+02  3.3699860E+20  2.2714418E-01  1.0000000E-99  1.0000000E-99
  131  1.0142791E+05  4.9172961E-01  3.9010733E+02  3.3637322E+20  2.3158316E-01  1.0000000E-99  1.0000000E-99
  132  1.0220772E+05  4.9551018E-01  3.9310660E+02  3.3574183E+20  2.3608969E-01  1.0000000E-99  1.0000000E-99
  133  1.0298753E+05  4.9929076E-01  3.9610588E+02  3.3510440E+20  2.4066491E-01  1.0000000E-99  1.0000000E-99
  134  1.0376734E+05  5.0307134E-01  3.9910515E+02  3.3446089E+20  2.4530997E-01  1.0000000E-99  1.0000000E-99
  135  1.0454715E+05  5.0685192E-01  4.0210442E+02  3.3381128E+20  2.5002606E-01  1.0000000E-99  1.0000000E-99
  136  1.0532696E+05  5.1063249E-01  4.0510369E+02  3.3315551E+20  2.5481441E-01  1.0000000E-99  1.0000000E-99
  137  1.0610677E+05  5.1441307E-01  4.0810296E+02  3.3249357E+20  2.5967626E-01  1.0000000E-99  1.0000000E-99
  138  1.0688658E+05  5.1819365E-01  4.1110224E+02  3.3182540E+20  2.6461291E-01  1.0000000E-99  1.0000000E-99
  139  1.0766639E+05  5.2197422E-01  4.1410151E+02  3.3115097E+20  2.6962566E-01  1.0000000E-99  1.0000000E-99
  140  1.0844620E+05  5.2575480E-01  4.1710078E+02  3.3047025E+20  2.7471588E-01  1.0000000E-99  1.0000000E-99
  141  1.0922601E+05  5.2953538E-01  4.2010005E+02  3.2978319E+20  2.7988494E-01  1.0000000E-99  1.0000000E-99
  142  1.1000582E+05  5.3331596E-01  4.2309932E+02  3.2908976E+20  2.8513427E-01  1.0000000E-99  1.0000000E-99
  143  1.1078564E+05  5.3709653E-01  4.2609860E+02  3.2838991E+20  2.9046533E-01  1.0000000E-99  1.0000000E-99
  144  1.1156545E+05  5.4087711E-01  4.2909787E+02  3.2768361E+20  2.9587963E-01  1.0000000E-99  1.0000000E-99
  145  1.1234526E+05  5.4465769E-01  4.3209714E+02  3.2697081E+20  3.0137870E-01  1.0000000E-99  1.0000000E-99
  146  1.1312507E+05  5.4843826E-01  4.3509641E+02  3.2625146E+20  3.0696413E-01  1.0000000E-99  1.0000000E-99
  147  1.1390488E+05  5.5221884E-01  4.3809568E+02  3.2552554E+20  3.1263753E-01  1.0000000E-99  1.0000000E-99
  148  1.1468469E+05  5.5599942E-01  4.4109496E+02  3.2479298E+20  3.1840059E-01  1.0000000E-99  1.0000000E-99
  149  1.1546450E+05  5.5977999E-01  4.4409423E+02  3.2405375E+20  3.2425501E-01  1.0000000E-99  1.0000000E-99
  150  1.1624431E+05  5.6356057E-01  4.4709350E+02  3.2330780E+20  3.3020256E-01  1.0000000E-99  1.0000000E-99
  151  1.1702412E+05  5.6734115E-01  4.5009277E+02  3.2255509E+20  3.3624505E-01  1.0000000E-99  1.0000000E-99
  152  1.1780393E+05  5.7112173E-01  4.5309204E+02  3.2179556E+20  3.4238434E-01  1.0000000E-99  1.0000000E-99
  153  1.1858374E+05  5.7490230E-01  4.5609132E+02  3.2102917E+20  3.4862235E-01  1.0000000E-99  1.0000000E-99
  154  1.1936355E+05  5.7868288E-01  4.5909059E+02  3.2025587E+20  3.5496104E-01  1.0000000E-99  1.0000000E-99
  155  1.2014336E+05  5.8246346E-01  4.6208986E+02  3.1947561E+20  3.6140245E-01  1.0000000E-99  1.0000000E-99
  156  1.2092317E+05  5.8624403E-01  4.6508913E+02  3.1868834E+20  3.6794864E-01  1.0000000E-99  1.0000000E-99
  157  1.2170299E+05  5.9002461E-01  4.6808840E+02  3.1789400E+20  3.7460177E-01  1.0000000E-99  1.0000000E-99
  158  1.2248280E+05  5.9380519E-01  4.7108768E+02  3.1709254E+20  3.8136404E-01  1.0000000E-99  1.0000000E-99
  159  1.2326261E+05  5.9758577E-01  4.7408695E+02  3.1628392E+20  3.8823773E-01  1.0000000E-99  1.0000000E-99
  160  1.2404242E+05  6.0136634E-01  4.7708622E+02  3.1546806E+20  3.9522515E-01  1.0000000E-99  1.0000000E-99
  161  1.2482223E+05  6.0514692E-01  4.8008549E+02  3.1464493E+20  4.0232874E-01  1.0000000E-99  1.0000000E-99
  162  1.2560204E+05  6.0892750E-01  4.8308476E+02  3.1381445E+20  4.0955095E-01  1.0000000E-99  1.0000000E-99
  163  1.2638185E+05  6.1270807E-01  4.8608404E+02  3.1297658E+20  4.1689434E-01  1.0000000E-99  1.0000000E-99
  164  1.2716166E+05  6.1648865E-01  4.8908331E+02  3.1213124E+20  4.2436155E-01  1.0000000E-99  1.0000000E-99
  165  1.2794147E+05  6.2026923E-01  4.9208258E+02  3.1127839E+20  4.3195527E-01  1.0000000E-99  1.0000000E-99
  166  1.2872128E+05  6.2404981E-01  4.9508185E+02  3.1041796E+20  4.3967831E-01  1.0000000E-99  1.0000000E-99
  167  1.2950109E+05  6.2783038E-01  4.9808112E+02  3.0954988E+20  4.4753355E-01  1.0000000E-99  1.0000000E-99
  168  1.3028090E+05  6.3161096E-01  5.0108040E+02  3.0867410E+20  4.5552394E-01  1.0000000E-99  1.0000000E-99
  169  1.3106071E+05  6.3539154E-01  5.0407967E+02  3.0779054E+20  4.6365255E-01  1.0000000E-99  1.0000000E-99
  170  1.3184052E+05  6.3917211E-01  5.0707894E+02  3.0689914E+20  4.7192255E-01  1.0000000E-99  1.0000000E-99
  171  1.3262034E+05  6.4295269E-01  5.1007821E+02  3.0599982E+20  4.8033719E-01  1.0000000E-99  1.0000000E-99
  172  1.3340015E+05  6.4673327E-01  5.1307748E+02  3.0509253E+20  4.8889983E-01  1.0000000E-99  1.0000000E-99
  173  1.3417996E+05  6.5051384E-01  5.1607676E+02  3.0417719E+20  4.9761395E-01  1.0000000E-99  1.0000000E-99
  174  1.3495977E+05  6.5429442E-01  5.1907603E+02  3.0325372E+20  5.0648313E-01  1.0000000E-99  1.0000000E-99
  175  1.3573958E+05  6.5807500E-01  5.2207530E+02  3.0232206E+20  5.1551107E-01  1.0000000E-99  1.0000000E-99
  176  1.3651939E+05  6.6185558E-01  5.2507457E+02  3.0138211E+20  5.2470161E-01  1.0000000E-99  1.0000000E-99
  177  1.3729920E+05  6.6563615E-01  5.2807384E+02  3.0043382E+20  5.3405869E-01  1.0000000E-99  1.0000000E-99
  178  1.3807901E+05  6.6941673E-01  5.3107312E+02  2.9947710E+20  5.4358640E-01  1.0000000E-99  1.0000000E-99
  179  1.3885882E+05  6.7319731E-01  5.3407239E+02  2.9851186E+20  5.5328898E-01  1.0000000E-99  1.0000000E-99
  180  1.3963863E+05  6.7697788E-01  5.3707166E+02  2.9753802E+20  5.6317078E-01  1.0000000E-99  1.0000000E-99
  181  1.4041844E+05  6.8075846E-01  5.4007093E+02  2.9655551E+20  5.7323632E-01  1.0000000E-99  1.0000000E-99
  182  1.4119825E+05  6.8453904E-01  5.4307020E+02  2.9556423E+20  5.8349030E-01  1.0000000E-99  1.0000000E-99
  183  1.4197806E+05  6.8831962E-01  5.4606948E+02  2.9456409E+20  5.9393754E-01  1.0000000E-99  1.0000000E-99
  184  1.4275787E+05  6.9210019E-01  5.4906875E+02  2.9355501E+20  6.0458306E-01  1.0000000E-99  1.0000000E-99
  185  1.4353769E+05  6.9588077E-01  5.5206802E+02  2.9253689E+20  6.1543206E-01  1.0000000E-99  1.0000000E-99
  186  1.4431750E+05  6.9966135E-01  5.5506729E+02  2.9150963E+20  6.2648991E-01  1.0000000E-99  1.0000000E-99
  187  1.4509731E+05  7.0344192E-01  5.5806656E+02  2.9047315E+20  6.3776219E-01  1.0000000E-99  1.0000000E-99
  188  1.4587712E+05  7.0722250E-01  5.6106584E+02  2.8942733E+20  6.4925467E-01  1.0000000E-99  1.0000000E-99
  189  1.4665693E+05  7.1100308E-01  5.6406511E+02  2.8837209E+20  6.6097335E-01  1.0000000E-99  1.0000000E-99
  190  1.4743674E+05  7.1478365E-01  5.6706438E+02  2.8730730E+20  6.7292445E-01  1.0000000E-99  1.0000000E-99
  191  1.4821655E+05  7.1856423E-01  5.7006365E+02  2.8623288E+20  6.8511440E-01  1.0000000E-99  1.0000000E-99
  192  1.4899636E+05  7.2234481E-01  5.7306292E+02  2.8514871E+20  6.9754992E-01  1.0000000E-99  1.0000000E-99
  193  1.4977617E+05  7.2612539E-01  5.7606220E+02  2.8405468E+20  7.1023795E-01  1.0000000E-99  1.0000000E-99
  194  1.5055598E+05  7.2990596E-01  5.7906147E+02  2.8295067E+20  7.2318570E-01  1.0000000E-99  1.0000000E-99
  195  1.5133579E+05  7.3368654E-01  5.8206074E+02  2.8183656E+20  7.3640070E-01  1.0000000E-99  1.0000000E-99
  196  1.5211560E+05  7.3746712E-01  5.8506001E+02  2.8071225E+20  7.4989072E-01  1.0000000E-99  1.0000000E-99
  197  1.5289541E+05  7.4124769E-01  5.8805928E+02  2.7957759E+20  7.6366389E-01  1.0000000E-99  1.0000000E-99
  198  1.5367522E+05  7.4502827E-01  5.9105856E+02  2.7843248E+20  7.7772864E-01  1.0000000E-99  1.0000000E-99
  199  1.5445504E+05  7.4880885E-01  5.9405783E+02  2.7727677E+20  7.9209375E-01  1.0000000E-99  1.0000000E-99
  200  1.5523485E+05  7.5258943E-01  5.9705710E+02  2.7611033E+20  8.0676837E-01  1.0000000E-99  1.0000000E-99
  201  1.5601466E+05  7.5637000E-01  6.0005637E+02  2.7493303E+20  8.2176201E-01  1.0000000E-99  1.0000000E-99
  202  1.5679447E+05  7.6015058E-01  6.0305564E+02  2.7374473E+20  8.3708458E-01  1.0000000E-99  1.0000000E-99
  203  1.5757428E+05  7.6393116E-01  6.0605492E+02  2.7254529E+20  8.5274644E-01  1.0000000E-99  1.0000000E-99
  204  1.5835409E+05  7.6771173E-01  6.0905419E+02  2.7133454E+20  8.6875836E-01  1.0000000E-99  1.0000000E-99
  205  1.5913390E+05  7.7149231E-01  6.1205346E+02  2.7011236E+20  8.8513159E-01  1.0000000E-99  1.0000000E-99
  206  1.5991371E+05  7.7527289E-01  6.1505273E+02  2.6887857E+20  9.0187787E-01  1.0000000E-99  1.0000000E-99
  207  1.6069352E+05  7.7905346E-01  6.1805200E+02  2.6763301E+20  9.1900947E-01  1.0000000E-99  1.0000000E-99
  208  1.6147333E+05  7.8283404E-01  6.2105128E+02  2.6637553E+20  9.3653918E-01  1.0000000E-99  1.0000000E-99
  209  1.6225314E+05  7.8661462E-01  6.2405055E+02  2.6510596E+20  9.5448040E-01  1.0000000E-99  1.0000000E-99
  210  1.6303295E+05  7.9039520E-01  6.2704982E+02  2.6382411E+20  9.7284713E-01  1.0000000E-99  1.0000000E-99
  211  1.6381276E+05  7.9417577E-01  6.3004909E+02  2.6252980E+20  9.9165400E-01  1.0000000E-99  1.0000000E-99
  212  1.6459257E+05  7.9795635E-01  6.3304836E+02  2.6122287E+20  1.0109164E+00  1.0000000E-99  1.0000000E-99
  213  1.6537239E+05  8.0173693E-01  6.3604764E+02  2.5990310E+20  1.0306503E+00  1.0000000E-99  1.0000000E-99
  214  1.6615220E+05  8.0551750E-01  6.3904691E+02  2.5857031E+20  1.0508725E+00  1.0000000E-99  1.0000000E-99
  215  1.6693201E+05  8.0929808E-01  6.4204618E+02  2.5722429E+20  1.0716008E+00  1.0000000E-99  1.0000000E-99
  216  1.6771182E+05  8.1307866E-01  6.4504545E+02  2.5586484E+20  1.0928536E+00  1.0000000E-99  1.0000000E-99
  217  1.6849163E+05  8.1685924E-01  6.4804472E+02  2.5449174E+20  1.1146504E+00  1.0000000E-99  1.0000000E-99
  218  1.6927144E+05  8.2063981E-01  6.5104400E+02  2.5310476E+20  1.1370115E+00  1.0000000E-99  1.0000000E-99
  219  1.7005125E+05  8.2442039E-01  6.5404327E+02  2.5170369E+20  1.1599584E+00  1.0000000E-99  1.0000000E-99
  220  1.7083106E+05  8.2820097E-01  6.5704254E+02  2.5028827E+20  1.1835137E+00  1.0000000E-99  1.0000000E-99
  221  1.7161087E+05  8.3198154E-01  6.6004181E+02  2.4885827E+20  1.2077010E+00  1.0000000E-99  1.0000000E-99
  222  1.7239068E+05  8.3576212E-01  6.6304108E+02  2.4741344E+20  1.2325454E+00  1.0000000E-99  1.0000000E-99
  223  1.7317049E+05  8.3954270E-01  6.6604036E+02  2.4595350E+20  1.2580732E+00  1.0000000E-99  1.0000000E-99
  224  1.7395030E+05  8.4332327E-01  6.6903963E+02  2.4447820E+20  1.2843122E+00  1.0000000E-99  1.0000000E-99
  225  1.7473011E+05  8.4710385E-01  6.7203890E+02  2.4298725E+20  1.3112916E+00  1.0000000E-99  1.0000000E-99
  226  1.7550992E+05  8.5088443E-01  6.7503817E+02  2.4148036E+20  1.3390423E+00  1.0000000E-99  1.0000000E-99
  227  1.7628974E+05  8.5466501E-01  6.7803744E+02  2.3995724E+20  1.3675971E+00  1.0000000E-99  1.0000000E-99
  228  1.7706955E+05  8.5844558E-01  6.8103672E+02  2.3841756E+20  1.3969906E+00  1.0000000E-99  1.0000000E-99
  229  1.7784936E+05  8.6222616E-01  6.8403599E+02  2.3686101E+20  1.4272592E+00  1.0000000E-99  1.0000000E-99
  230  1.7862917E+05  8.6600674E-01  6.8703526E+02  2.3528726E+20  1.4584417E+00  1.0000000E-99  1.0000000E-99
  231  1.7940898E+05  8.6978731E-01  6.9003453E+02  2.3369595E+20  1.4905792E+00  1.0000000E-99  1.0000000E-99
  232  1.8018879E+05  8.7356789E-01  6.9303380E+02  2.3208672E+20  1.5237153E+00  1.0000000E-99  1.0000000E-99
  233  1.8096860E+05  8.7734847E-01  6.9603308E+02  2.3045921E+20  1.5578963E+00  1.0000000E-99  1.0000000E-99
  234  1.8174841E+05  8.8112905E-01  6.9903235E+02  2.2881301E+20  1.5931713E+00  1.0000000E-99  1.0000000E-99
  235  1.8252822E+05  8.8490962E-01  7.0203162E+02  2.2714772E+20  1.6295926E+00  1.0000000E-99  1.0000000E-99
  236  1.8330803E+05  8.8869020E-01  7.0503089E+02  2.2546292E+20  1.6672160E+00  1.0000000E-99  1.0000000E-99
  237  1.8408784E+05  8.9247078E-01  7.0803016E+02  2.2375818E+20  1.7061010E+00  1.0000000E-99  1.0000000E-99
  238  1.8486765E+05  8.9625135E-01  7.1102944E+02  2.2203302E+20  1.7463109E+00  1.0000000E-99  1.0000000E-99
  239  1.8564746E+05  9.0003193E-01  7.1402871E+02  2.2028697E+20  1.7879134E+00  1.0000000E-99  1.0000000E-99
  240  1.8642727E+05  9.0381251E-01  7.1702798E+02  2.1851953E+20  1.8309810E+00  1.0000000E-99  1.0000000E-99
  241  1.8720709E+05  9.0759308E-01  7.2002725E+02  2.1673018E+20  1.8755912E+00  1.0000000E-99  1.0000000E-99
  242  1.8798690E+05  9.1137366E-01  7.2302652E+02  2.1491836E+20  1.9218272E+00  1.0000000E-99  1.0000000E-99
  243  1.8876671E+05  9.1515424E-01  7.2602580E+02  2.1308351E+20  1.9697782E+00  1.0000000E-99  1.0000000E-99
  244  1.8954652E+05  9.1893482E-01  7.2902507E+02  2.1122502E+20  2.0195401E+00  1.0000000E-99  1.0000000E-99
  245  1.9032633E+05  9.2271539E-01  7.3202434E+02  2.0934227E+20  2.0712161E+00  1.0000000E-99  1.0000000E-99
  246  1.9110614E+05  9.2649597E-01  7.3502361E+02  2.0743460E+20  2.1249174E+00  1.0000000E-99  1.0000000E-99
  247  1.9188595E+05  9.3027655E-01  7.3802288E+02  2.0550130E+20  2.1807640E+00  1.0000000E-99  1.0000000E-99
  248  1.9266576E+05  9.3405712E-01  7.4102215E+02  2.0354165E+20  2.2388855E+00  1.0000000E-99  1.0000000E-99
  249  1.9344557E+05  9.3783770E-01  7.4402143E+02  2.0155489E+20  2.2994224E+00  1.0000000E-99  1.0000000E-99
  250  1.9422538E+05  9.4161828E-01  7.4702070E+02  1.9954020E+20  2.3625266E+00  1.0000000E-99  1.0000000E-99
  251  1.9500519E+05  9.4539886E-01  7.5001997E+02  1.9749673E+20  2.4283636E+00  1.0000000E-99  1.0000000E-99
  252  1.9578500E+05  9.4917943E-01  7.5301924E+02  1.9542357E+20  2.4971129E+00  1.0000000E-99  1.0000000E-99
  253  1.9656481E+05  9.5296001E-01  7.5601851E+02  1.9331977E+20  2.5689704E+00  1.0000000E-99  1.0000000E-99
  254  1.9734462E+05  9.5674059E-01  7.5901779E+02  1.9118432E+20  2.6441499E+00  1.0000000E-99  1.0000000E-99
  255  1.9812444E+05  9.6052116E-01  7.6201706E+02  1.8901614E+20  2.7228853E+00  1.0000000E-99  1.0000000E-99
  256  1.9890425E+05  9.6430174E-01  7.6501633E+02  1.8681410E+20  2.8054330E+00  1.0000000E-99  1.0000000E-99
  257  1.9968406E+05  9.6808232E-01  7.6801560E+02  1.8457698E+20  2.8920747E+00  1.0000000E-99  1.0000000E-99
  258  2.0046387E+05  9.7186289E-01  7.7101487E+02  1.8230350E+20  2.9831204E+00  1.0000000E-99  1.0000000E-99
  259  2.0124368E+05  9.7564347E-01  7.7401415E+02  1.7999227E+20  3.0789126E+00  1.0000000E-99  1.0000000E-99
  260  2.0202349E+05  9.7942405E-01  7.7701342E+02  1.7764182E+20  3.1798299E+00  1.0000000E-99  1.0000000E-99
  261  2.0280330E+05  9.8320463E-01  7.8001269E+02  1.7525057E+20  3.2862925E+00  1.0000000E-99  1.0000000E-99
  262  2.0358311E+05  9.8698520E-01  7.8301196E+02  1.7281683E+20  3.3987676E+00  1.0000000E-99  1.0000000E-99
  263  2.0436292E+05  9.9076578E-01  7.8601123E+02  1.7033878E+20  3.5177769E+00  1.0000000E-99  1.0000000E-99
  264  2.0514273E+05  9.9454636E-01  7.8901051E+02  1.6781446E+20  3.6439038E+00  1.0000000E-99  1.0000000E-99
  265  2.0592254E+05  9.9832693E-01  7.9200978E+02  1.6524174E+20  3.7778035E+00  1.0000000E-99  1.0000000E-99
  266  2.0670235E+05  1.0021075E+00  7.9500905E+02  1.6261833E+20  3.9202142E+00  1.0000000E-99  1.0000000E-99
  267  2.0748216E+05  1.0058881E+00  7.9800832E+02  1.5994173E+20  4.0719706E+00  1.0000000E-99  1.0000000E-99
  268  2.0826197E+05  1.0096687E+00  8.0100759E+02  1.5720923E+20  4.2340206E+00  1.0000000E-99  1.0000000E-99
  269  2.0904179E+05  1.0134492E+00  8.0400687E+02  1.5441785E+20  4.4074442E+00  1.0000000E-99  1.0000000E-99
  270  2.0982160E+05  1.0172298E+00  8.0700614E+02  1.5156436E+20  4.5934785E+00  1.0000000E-99  1.0000000E-99
  271  2.1060141E+05  1.0210104E+00  8.1000541E+02  1.4864516E+20  4.7935468E+00  1.0000000E-99  1.0000000E-99
  272  2.1138122E+05  1.0247910E+00  8.1300468E+02  1.4565631E+20  5.0092946E+00  1.0000000E-99  1.0000000E-99
  273  2.1216103E+05  1.0285716E+00  8.1600395E+02  1.4259342E+20  5.2426358E+00  1.0000000E-99  1.0000000E-99
  274  2.1294084E+05  1.0323521E+00  8.1900323E+02  1.3945163E+20  5.4958084E+00  1.0000000E-99  1.0000000E-99
  275  2.1372065E+05  1.0361327E+00  8.2200250E+02  1.3622547E+20  5.7714476E+00  1.0000000E-99  1.0000000E-99
  276  2.1450046E+05  1.0399133E+00  8.2500177E+02  1.3290880E+20  6.0726768E+00  1.0000000E-99  1.0000000E-99
  277  2.1528027E+05  1.0436939E+00  8.2800104E+02  1.2949466E+20  6.4032267E+00  1.0000000E-99  1.0000000E-99
  278  2.1606008E+05  1.0474744E+00  8.3100031E+02  1.2597513E+20  6.7675906E+00  1.0000000E-99  1.0000000E-99
  279  2.1683989E+05  1.0512550E+00  8.3399959E+02  1.2234111E+20  7.1712296E+00  1.0000000E-99  1.0000000E-99
  280  2.1761970E+05  1.0550356E+00  8.3699886E+02  1.1858207E+20  7.6208481E+00  1.0000000E-99  1.0000000E-99
  281  2.1839951E+05  1.0588162E+00  8.3999813E+02  1.1468574E+20  8.1247689E+00  1.0000000E-99  1.0000000E-99
  282  2.1917932E+05  1.0625967E+00  8.4299740E+02  1.1063759E+20  8.6934537E+00  1.0000000E-99  1.0000000E-99
  283  2.1995914E+05  1.0663773E+00  8.4599667E+02  1.0642032E+20  9.3402368E+00  1.0000000E-99  1.0000000E-99
  284  2.2073895E+05  1.0701579E+00  8.4899595E+02  1.0201293E+20  1.0082385E+01  1.0000000E-99  1.0000000E-99
  285  2.2151876E+05  1.0739385E+00  8.5199522E+02  9.7389639E+19  1.0942662E+01  1.0000000E-99  1.0000000E-99
  286  2.2229857E+05  1.0777191E+00  8.5499449E+02  9.2518068E+19  1.1951710E+01  1.0000000E-99  1.0000000E-99
  287  2.2307838E+05  1.0814996E+00  8.5799376E+02  8.7356695E+19  1.3151779E+01  1.0000000E-99  1.0000000E-99
  288  2.2385819E+05  1.0852802E+00  8.6099303E+02  8.1850715E+19  1.4602807E+01  1.0000000E-99  1.0000000E-99
  289  2.2463800E+05  1.0890608E+00  8.6399231E+02  7.5925195E+19  1.6392769E+01  1.0000000E-99  1.0000000E-99
  290  2.2541781E+05  1.0928414E+00  8.6699158E+02  6.9472865E+19  1.8656270E+01  1.0000000E-99  1.0000000E-99
  291  2.2619762E+05  1.0966219E+00  8.6999085E+02  6.2330337E+19  2.1610223E+01  1.0000000E-99  1.0000000E-99
  292  2.2697743E+05  1.1004025E+00  8.7299012E+02  5.4225557E+19  2.5628313E+01  1.0000000E-99  1.0000000E-99
  293  2.2775724E+05  1.1041831E+00  8.7598939E+02  4.4637420E+19  3.1414547E+01  1.0000000E-99  1.0000000E-99
  294  2.2853705E+05  1.1079637E+00  8.7898867E+02  3.2269732E+19  4.0474810E+01  1.0000000E-99  1.0000000E-99
  295  2.2931686E+05  1.1117442E+00  8.8198794E+02  9.3230999E+18  5.6733062E+01  1.0000000E-99  1.0000000E-99
  296  2.3009667E+05  1.1155248E+00  8.8498721E+02  2.1507633E-06  9.4921274E+01  1.0000000E-99  1.0000000E-99
  297  2.3087649E+05  1.1193054E+00  8.8798648E+02  2.1507633E-06  9.4921274E+01  1.0000000E-99  1.0000000E-99
  298  2.3165630E+05  1.1230860E+00  8.9098575E+02  2.1507633E-06  1.0000000E-99  1.0000000E-99  1.0000000E-99
  299  2.3243611E+05  1.1268666E+00  8.9398503E+02  2.1507633E-06  1.0000000E-99  1.0000000E-99  1.0000000E-99
  300  2.3321592E+05  1.1306471E+00  8.9698430E+02  2.1507633E-06  1.0000000E-99  1.0000000E-99  1.0000000E-99
  301  2.3399573E+05  1.1344277E+00  8.9998357E+02  2.1507633E-06  1.0000000E-99  1.0000000E-99  1.0000000E-99
  302  2.3477554E+05  1.1382083E+00  9.0298284E+02  2.1507633E-06  1.0000000E-99  1.0000000E-99  1.0000000E-99
  303  2.3555535E+05  1.1419889E+00  9.0598211E+02  2.1507633E-06  1.0000000E-99  1.0000000E-99  1.0000000E-99
  304  2.3633516E+05  1.1457694E+00  9.0898139E+02  2.1507633E-06  1.0000000E-99  1.0000000E-99  1.0000000E-99
  305  2.3711497E+05  1.1495500E+00  9.1198066E+02  2.1507633E-06  1.0000000E-99  1.0000000E-99  1.0000000E-99
  306  2.3789478E+05  1.1533306E+00  9.1497993E+02  2.1507633E-06  1.0000000E-99  1.0000000E-99  1.0000000E-99
  307  2.3867459E+05  1.1571112E+00  9.1797920E+02  2.1507633E-06  1.0000000E-99  1.0000000E-99  1.0000000E-99
  308  2.3945440E+05  1.1608917E+00  9.2097847E+02  2.1507633E-06  1.0000000E-99  1.0000000E-99  1.0000000E-99
  309  2.4023421E+05  1.1646723E+00  9.2397775E+02  2.1507633E-06  1.0000000E-99  1.0000000E-99  1.0000000E-99
  310  2.4101402E+05  1.1684529E+00  9.2697702E+02  2.1507633E-06  1.0000000E-99  1.0000000E-99  1.0000000E-99
  311  2.4179384E+05  1.1722335E+00  9.2997629E+02  2.1507633E-06  1.0000000E-99  1.0000000E-99  1.0000000E-99
  312  2.4257365E+05  1.1760141E+00  9.3297556E+02  2.1507633E-06  1.0000000E-99  1.0000000E-99  1.0000000E-99
  313  2.4335346E+05  1.1797946E+00  9.3597483E+02  2.1507633E-06  1.0000000E-99  1.0000000E-99  1.0000000E-99
  314  2.4413327E+05  1.1835752E+00  9.3897411E+02  2.1507633E-06  1.0000000E-99  1.0000000E-99  1.0000000E-99
  315  2.4491308E+05  1.1873558E+00  9.4197338E+02  2.1507633E-06  1.0000000E-99  1.0000000E-99  1.0000000E-99
  316  2.4569289E+05  1.1911364E+00  9.4497265E+02  2.1507633E-06  1.0000000E-99  1.0000000E-99  1.0000000E-99
  317  2.4647270E+05  1.1949169E+00  9.4797192E+02  2.1507633E-06  1.0000000E-99  1.0000000E-99  1.0000000E-99
  318  2.4725251E+05  1.1986975E+00  9.5097119E+02  2.1507633E-06  1.0000000E-99  1.0000000E-99  1.0000000E-99
  319  2.4803232E+05  1.2024781E+00  9.5397047E+02  2.1507633E-06  1.0000000E-99  1.0000000E-99  1.0000000E-99
  320  2.4881213E+05  1.2062587E+00  9.5696974E+02  2.1507633E-06  1.0000000E-99  1.0000000E-99  1.0000000E-99
  321  2.4959194E+05  1.2100392E+00  9.5996901E+02  2.1507633E-06  1.0000000E-99  1.0000000E-99  1.0000000E-99
  322  2.5037175E+05  1.2138198E+00  9.6296828E+02  2.1507633E-06  1.0000000E-99  1.0000000E-99  1.0000000E-99
  323  2.5115156E+05  1.2176004E+00  9.6596755E+02  2.1507633E-06  1.0000000E-99  1.0000000E-99  1.0000000E-99
