! Date: 14/08/2026  Time: 14:18:08  Created by RADMC3D compiled on Aug 14 2026 12:46    
! Alexander Men’shchikov, DAp IRFU CEA Saclay, France                         
!
! RADIAL PROFILES OF SURFACE DENSITIES (cm^-2)
!
! Distance (pc): 2.60000000E+02  Mass-averaged Tdust (K): 1.56803652E+01
!
!   N   RADIUS(au)     RADIUS(pc)     RADIUS(as)      PROFILE        SLOPE          PROFILEBS      SLOPEBS
!
    1  1.1053575E+02  5.3588509E-04  4.2513751E-01  4.0595238E+21  8.6738739E-04  3.6847636E+21  9.5569333E-04
    2  8.9042107E+02  4.3168238E-03  3.4246964E+00  4.0521840E+21  8.6738739E-04  3.6774238E+21  9.5569333E-04
    3  1.6703064E+03  8.0977625E-03  6.4242553E+00  4.0264461E+21  8.6738739E-04  3.6516859E+21  9.5569333E-04
    4  2.4501917E+03  1.1878701E-02  9.4238142E+00  3.9838058E+21  8.6738739E-04  3.6090456E+21  9.5569333E-04
    5  3.2300770E+03  1.5659640E-02  1.2423373E+01  3.9246135E+21  1.0129054E-02  3.5498533E+21  1.1164922E-02
    6  4.0099623E+03  1.9440579E-02  1.5422932E+01  3.8493313E+21  2.7786208E-02  3.4745711E+21  3.0654623E-02
    7  4.7898476E+03  2.3221517E-02  1.8422491E+01  3.7598623E+21  5.4171385E-02  3.3851021E+21  5.9843252E-02
    8  5.5697330E+03  2.7002456E-02  2.1422050E+01  3.6551738E+21  8.9554360E-02  3.2804136E+21  9.9110688E-02
    9  6.3496183E+03  3.0783395E-02  2.4421609E+01  3.5357429E+21  1.3232909E-01  3.1609828E+21  1.4678955E-01
   10  7.1295036E+03  3.4564334E-02  2.7421168E+01  3.4035864E+21  1.8719904E-01  3.0288262E+21  2.0825238E-01
   11  7.9093889E+03  3.8345272E-02  3.0420727E+01  3.2573021E+21  2.5349722E-01  2.8825420E+21  2.8300055E-01
   12  8.6892742E+03  4.2126211E-02  3.3420285E+01  3.1031299E+21  3.2882823E-01  2.7283697E+21  3.6865730E-01
   13  9.4691595E+03  4.5907150E-02  3.6419844E+01  2.9368300E+21  4.2318543E-01  2.5620698E+21  4.7686308E-01
   14  1.0249045E+04  4.9688088E-02  3.9419403E+01  2.7584576E+21  5.1561698E-01  2.3836974E+21  5.8452710E-01
   15  1.1028930E+04  5.3469027E-02  4.2418962E+01  2.5674208E+21  6.4083779E-01  2.1926606E+21  7.3168430E-01
   16  1.1808815E+04  5.7249966E-02  4.5418521E+01  2.3621493E+21  7.9170620E-01  1.9873891E+21  9.1178486E-01
   17  1.2588701E+04  6.1030905E-02  4.8418080E+01  2.1476524E+21  9.7862686E-01  1.7728922E+21  1.1390807E+00
   18  1.3368586E+04  6.4811843E-02  5.1417639E+01  1.9199904E+21  1.2196193E+00  1.5452303E+21  1.4386335E+00
   19  1.4148471E+04  6.8592782E-02  5.4417198E+01  1.6578400E+21  1.4885327E+00  1.2830798E+21  1.7858270E+00
   20  1.4928357E+04  7.2373721E-02  5.7416757E+01  1.3432809E+21  1.8642302E+00  9.6852069E+20  2.2865396E+00
   21  1.5708242E+04  7.6154660E-02  6.0416316E+01  8.9587400E+20  2.5891953E+00  5.2111382E+20  3.2788902E+00
   22  1.6488127E+04  7.9935598E-02  6.3415874E+01  3.7478067E+20  3.9212893E+00  1.0000000E-99  3.2788902E+00
   23  1.7268013E+04  8.3716537E-02  6.6415433E+01  3.7475928E+20  3.9212893E+00  1.0000000E-99  1.0000000E-99
   24  1.8047898E+04  8.7497476E-02  6.9414992E+01  3.7473689E+20  1.3525084E-03  1.0000000E-99  1.0000000E-99
   25  1.8827783E+04  9.1278414E-02  7.2414551E+01  3.7471350E+20  1.3525084E-03  1.0000000E-99  1.0000000E-99
   26  1.9607669E+04  9.5059353E-02  7.5414110E+01  3.7468912E+20  1.3525084E-03  1.0000000E-99  1.0000000E-99
   27  2.0387554E+04  9.8840292E-02  7.8413669E+01  3.7466374E+20  1.4752100E-03  1.0000000E-99  1.0000000E-99
   28  2.1167439E+04  1.0262123E-01  8.1413228E+01  3.7463736E+20  1.6032621E-03  1.0000000E-99  1.0000000E-99
   29  2.1947325E+04  1.0640217E-01  8.4412787E+01  3.7460999E+20  1.7366687E-03  1.0000000E-99  1.0000000E-99
   30  2.2727210E+04  1.1018311E-01  8.7412346E+01  3.7458162E+20  1.8754342E-03  1.0000000E-99  1.0000000E-99
   31  2.3507095E+04  1.1396405E-01  9.0411904E+01  3.7455225E+20  2.0195628E-03  1.0000000E-99  1.0000000E-99
   32  2.4286980E+04  1.1774499E-01  9.3411463E+01  3.7452188E+20  2.1690594E-03  1.0000000E-99  1.0000000E-99
   33  2.5066866E+04  1.2152592E-01  9.6411022E+01  3.7449052E+20  2.3239285E-03  1.0000000E-99  1.0000000E-99
   34  2.5846751E+04  1.2530686E-01  9.9410581E+01  3.7445815E+20  2.4841753E-03  1.0000000E-99  1.0000000E-99
   35  2.6626636E+04  1.2908780E-01  1.0241014E+02  3.7442479E+20  2.6498047E-03  1.0000000E-99  1.0000000E-99
   36  2.7406522E+04  1.3286874E-01  1.0540970E+02  3.7439043E+20  2.8208222E-03  1.0000000E-99  1.0000000E-99
   37  2.8186407E+04  1.3664968E-01  1.0840926E+02  3.7435507E+20  2.9972331E-03  1.0000000E-99  1.0000000E-99
   38  2.8966292E+04  1.4043062E-01  1.1140882E+02  3.7431871E+20  3.1790432E-03  1.0000000E-99  1.0000000E-99
   39  2.9746178E+04  1.4421156E-01  1.1440838E+02  3.7428135E+20  3.3662583E-03  1.0000000E-99  1.0000000E-99
   40  3.0526063E+04  1.4799250E-01  1.1740793E+02  3.7424299E+20  3.5588844E-03  1.0000000E-99  1.0000000E-99
   41  3.1305948E+04  1.5177343E-01  1.2040749E+02  3.7420363E+20  3.7569277E-03  1.0000000E-99  1.0000000E-99
   42  3.2085834E+04  1.5555437E-01  1.2340705E+02  3.7416326E+20  3.9603945E-03  1.0000000E-99  1.0000000E-99
   43  3.2865719E+04  1.5933531E-01  1.2640661E+02  3.7412190E+20  4.1692915E-03  1.0000000E-99  1.0000000E-99
   44  3.3645604E+04  1.6311625E-01  1.2940617E+02  3.7407954E+20  4.3836252E-03  1.0000000E-99  1.0000000E-99
   45  3.4425490E+04  1.6689719E-01  1.3240573E+02  3.7403617E+20  4.6034026E-03  1.0000000E-99  1.0000000E-99
   46  3.5205375E+04  1.7067813E-01  1.3540529E+02  3.7399180E+20  4.8286309E-03  1.0000000E-99  1.0000000E-99
   47  3.5985260E+04  1.7445907E-01  1.3840485E+02  3.7394643E+20  5.0593172E-03  1.0000000E-99  1.0000000E-99
   48  3.6765146E+04  1.7824001E-01  1.4140441E+02  3.7390006E+20  5.2954690E-03  1.0000000E-99  1.0000000E-99
   49  3.7545031E+04  1.8202094E-01  1.4440396E+02  3.7385268E+20  5.5370939E-03  1.0000000E-99  1.0000000E-99
   50  3.8324916E+04  1.8580188E-01  1.4740352E+02  3.7380430E+20  5.7841998E-03  1.0000000E-99  1.0000000E-99
   51  3.9104801E+04  1.8958282E-01  1.5040308E+02  3.7375492E+20  6.0367946E-03  1.0000000E-99  1.0000000E-99
   52  3.9884687E+04  1.9336376E-01  1.5340264E+02  3.7370453E+20  6.2948865E-03  1.0000000E-99  1.0000000E-99
   53  4.0664572E+04  1.9714470E-01  1.5640220E+02  3.7365314E+20  6.5584838E-03  1.0000000E-99  1.0000000E-99
   54  4.1444457E+04  2.0092564E-01  1.5940176E+02  3.7360074E+20  6.8275952E-03  1.0000000E-99  1.0000000E-99
   55  4.2224343E+04  2.0470658E-01  1.6240132E+02  3.7354734E+20  7.1022293E-03  1.0000000E-99  1.0000000E-99
   56  4.3004228E+04  2.0848751E-01  1.6540088E+02  3.7349292E+20  7.3823950E-03  1.0000000E-99  1.0000000E-99
   57  4.3784113E+04  2.1226845E-01  1.6840044E+02  3.7343751E+20  7.6681015E-03  1.0000000E-99  1.0000000E-99
   58  4.4563999E+04  2.1604939E-01  1.7139999E+02  3.7338108E+20  7.9593581E-03  1.0000000E-99  1.0000000E-99
   59  4.5343884E+04  2.1983033E-01  1.7439955E+02  3.7332365E+20  8.2561741E-03  1.0000000E-99  1.0000000E-99
   60  4.6123769E+04  2.2361127E-01  1.7739911E+02  3.7326521E+20  8.5585594E-03  1.0000000E-99  1.0000000E-99
   61  4.6903655E+04  2.2739221E-01  1.8039867E+02  3.7320577E+20  8.8665237E-03  1.0000000E-99  1.0000000E-99
   62  4.7683540E+04  2.3117315E-01  1.8339823E+02  3.7314531E+20  9.1800771E-03  1.0000000E-99  1.0000000E-99
   63  4.8463425E+04  2.3495409E-01  1.8639779E+02  3.7308385E+20  9.4992299E-03  1.0000000E-99  1.0000000E-99
   64  4.9243311E+04  2.3873502E-01  1.8939735E+02  3.7302137E+20  9.8239924E-03  1.0000000E-99  1.0000000E-99
   65  5.0023196E+04  2.4251596E-01  1.9239691E+02  3.7295789E+20  1.0154375E-02  1.0000000E-99  1.0000000E-99
   66  5.0803081E+04  2.4629690E-01  1.9539647E+02  3.7289339E+20  1.0490390E-02  1.0000000E-99  1.0000000E-99
   67  5.1582966E+04  2.5007784E-01  1.9839602E+02  3.7282788E+20  1.0832046E-02  1.0000000E-99  1.0000000E-99
   68  5.2362852E+04  2.5385878E-01  2.0139558E+02  3.7276136E+20  1.1179356E-02  1.0000000E-99  1.0000000E-99
   69  5.3142737E+04  2.5763972E-01  2.0439514E+02  3.7269383E+20  1.1532331E-02  1.0000000E-99  1.0000000E-99
   70  5.3922622E+04  2.6142066E-01  2.0739470E+02  3.7262529E+20  1.1890982E-02  1.0000000E-99  1.0000000E-99
   71  5.4702508E+04  2.6520160E-01  2.1039426E+02  3.7255573E+20  1.2255322E-02  1.0000000E-99  1.0000000E-99
   72  5.5482393E+04  2.6898253E-01  2.1339382E+02  3.7248515E+20  1.2625362E-02  1.0000000E-99  1.0000000E-99
   73  5.6262278E+04  2.7276347E-01  2.1639338E+02  3.7241357E+20  1.3001114E-02  1.0000000E-99  1.0000000E-99
   74  5.7042164E+04  2.7654441E-01  2.1939294E+02  3.7234096E+20  1.3382591E-02  1.0000000E-99  1.0000000E-99
   75  5.7822049E+04  2.8032535E-01  2.2239250E+02  3.7226735E+20  1.3769806E-02  1.0000000E-99  1.0000000E-99
   76  5.8601934E+04  2.8410629E-01  2.2539205E+02  3.7219271E+20  1.4162771E-02  1.0000000E-99  1.0000000E-99
   77  5.9381820E+04  2.8788723E-01  2.2839161E+02  3.7211706E+20  1.4561500E-02  1.0000000E-99  1.0000000E-99
   78  6.0161705E+04  2.9166817E-01  2.3139117E+02  3.7204039E+20  1.4966006E-02  1.0000000E-99  1.0000000E-99
   79  6.0941590E+04  2.9544911E-01  2.3439073E+02  3.7196270E+20  1.5376301E-02  1.0000000E-99  1.0000000E-99
   80  6.1721476E+04  2.9923004E-01  2.3739029E+02  3.7188399E+20  1.5792400E-02  1.0000000E-99  1.0000000E-99
   81  6.2501361E+04  3.0301098E-01  2.4038985E+02  3.7180427E+20  1.6214317E-02  1.0000000E-99  1.0000000E-99
   82  6.3281246E+04  3.0679192E-01  2.4338941E+02  3.7172352E+20  1.6642065E-02  1.0000000E-99  1.0000000E-99
   83  6.4061131E+04  3.1057286E-01  2.4638897E+02  3.7164175E+20  1.7075659E-02  1.0000000E-99  1.0000000E-99
   84  6.4841017E+04  3.1435380E-01  2.4938853E+02  3.7155896E+20  1.7515114E-02  1.0000000E-99  1.0000000E-99
   85  6.5620902E+04  3.1813474E-01  2.5238809E+02  3.7147515E+20  1.7960444E-02  1.0000000E-99  1.0000000E-99
   86  6.6400787E+04  3.2191568E-01  2.5538764E+02  3.7139032E+20  1.8411664E-02  1.0000000E-99  1.0000000E-99
   87  6.7180673E+04  3.2569662E-01  2.5838720E+02  3.7130446E+20  1.8868789E-02  1.0000000E-99  1.0000000E-99
   88  6.7960558E+04  3.2947755E-01  2.6138676E+02  3.7121758E+20  1.9331835E-02  1.0000000E-99  1.0000000E-99
   89  6.8740443E+04  3.3325849E-01  2.6438632E+02  3.7112967E+20  1.9800817E-02  1.0000000E-99  1.0000000E-99
   90  6.9520329E+04  3.3703943E-01  2.6738588E+02  3.7104073E+20  2.0275750E-02  1.0000000E-99  1.0000000E-99
   91  7.0300214E+04  3.4082037E-01  2.7038544E+02  3.7095077E+20  2.0756652E-02  1.0000000E-99  1.0000000E-99
   92  7.1080099E+04  3.4460131E-01  2.7338500E+02  3.7085979E+20  2.1243538E-02  1.0000000E-99  1.0000000E-99
   93  7.1859985E+04  3.4838225E-01  2.7638456E+02  3.7076777E+20  2.1736425E-02  1.0000000E-99  1.0000000E-99
   94  7.2639870E+04  3.5216319E-01  2.7938412E+02  3.7067473E+20  2.2235329E-02  1.0000000E-99  1.0000000E-99
   95  7.3419755E+04  3.5594412E-01  2.8238367E+02  3.7058065E+20  2.2740268E-02  1.0000000E-99  1.0000000E-99
   96  7.4199641E+04  3.5972506E-01  2.8538323E+02  3.7048555E+20  2.3251258E-02  1.0000000E-99  1.0000000E-99
   97  7.4979526E+04  3.6350600E-01  2.8838279E+02  3.7038941E+20  2.3768317E-02  1.0000000E-99  1.0000000E-99
   98  7.5759411E+04  3.6728694E-01  2.9138235E+02  3.7029224E+20  2.4291462E-02  1.0000000E-99  1.0000000E-99
   99  7.6539297E+04  3.7106788E-01  2.9438191E+02  3.7019404E+20  2.4820712E-02  1.0000000E-99  1.0000000E-99
  100  7.7319182E+04  3.7484882E-01  2.9738147E+02  3.7009481E+20  2.5356084E-02  1.0000000E-99  1.0000000E-99
  101  7.8099067E+04  3.7862976E-01  3.0038103E+02  3.6999454E+20  2.5897597E-02  1.0000000E-99  1.0000000E-99
  102  7.8878952E+04  3.8241070E-01  3.0338059E+02  3.6989323E+20  2.6445270E-02  1.0000000E-99  1.0000000E-99
  103  7.9658838E+04  3.8619163E-01  3.0638015E+02  3.6979089E+20  2.6999120E-02  1.0000000E-99  1.0000000E-99
  104  8.0438723E+04  3.8997257E-01  3.0937970E+02  3.6968752E+20  2.7559168E-02  1.0000000E-99  1.0000000E-99
  105  8.1218608E+04  3.9375351E-01  3.1237926E+02  3.6958310E+20  2.8125433E-02  1.0000000E-99  1.0000000E-99
  106  8.1998494E+04  3.9753445E-01  3.1537882E+02  3.6947765E+20  2.8697933E-02  1.0000000E-99  1.0000000E-99
  107  8.2778379E+04  4.0131539E-01  3.1837838E+02  3.6937115E+20  2.9276690E-02  1.0000000E-99  1.0000000E-99
  108  8.3558264E+04  4.0509633E-01  3.2137794E+02  3.6926362E+20  2.9861722E-02  1.0000000E-99  1.0000000E-99
  109  8.4338150E+04  4.0887727E-01  3.2437750E+02  3.6915504E+20  3.0453050E-02  1.0000000E-99  1.0000000E-99
  110  8.5118035E+04  4.1265821E-01  3.2737706E+02  3.6904543E+20  3.1050696E-02  1.0000000E-99  1.0000000E-99
  111  8.5897920E+04  4.1643914E-01  3.3037662E+02  3.6893476E+20  3.1654679E-02  1.0000000E-99  1.0000000E-99
  112  8.6677806E+04  4.2022008E-01  3.3337618E+02  3.6882306E+20  3.2265020E-02  1.0000000E-99  1.0000000E-99
  113  8.7457691E+04  4.2400102E-01  3.3637573E+02  3.6871031E+20  3.2881741E-02  1.0000000E-99  1.0000000E-99
  114  8.8237576E+04  4.2778196E-01  3.3937529E+02  3.6859651E+20  3.3504864E-02  1.0000000E-99  1.0000000E-99
  115  8.9017462E+04  4.3156290E-01  3.4237485E+02  3.6848167E+20  3.4134410E-02  1.0000000E-99  1.0000000E-99
  116  8.9797347E+04  4.3534384E-01  3.4537441E+02  3.6836577E+20  3.4770402E-02  1.0000000E-99  1.0000000E-99
  117  9.0577232E+04  4.3912478E-01  3.4837397E+02  3.6824883E+20  3.5412861E-02  1.0000000E-99  1.0000000E-99
  118  9.1357117E+04  4.4290572E-01  3.5137353E+02  3.6813084E+20  3.6061811E-02  1.0000000E-99  1.0000000E-99
  119  9.2137003E+04  4.4668665E-01  3.5437309E+02  3.6801180E+20  3.6717274E-02  1.0000000E-99  1.0000000E-99
  120  9.2916888E+04  4.5046759E-01  3.5737265E+02  3.6789170E+20  3.7379274E-02  1.0000000E-99  1.0000000E-99
  121  9.3696773E+04  4.5424853E-01  3.6037221E+02  3.6777055E+20  3.8047834E-02  1.0000000E-99  1.0000000E-99
  122  9.4476659E+04  4.5802947E-01  3.6337176E+02  3.6764835E+20  3.8722977E-02  1.0000000E-99  1.0000000E-99
  123  9.5256544E+04  4.6181041E-01  3.6637132E+02  3.6752509E+20  3.9404728E-02  1.0000000E-99  1.0000000E-99
  124  9.6036429E+04  4.6559135E-01  3.6937088E+02  3.6740078E+20  4.0093112E-02  1.0000000E-99  1.0000000E-99
  125  9.6816315E+04  4.6937229E-01  3.7237044E+02  3.6727541E+20  4.0788151E-02  1.0000000E-99  1.0000000E-99
  126  9.7596200E+04  4.7315323E-01  3.7537000E+02  3.6714898E+20  4.1489873E-02  1.0000000E-99  1.0000000E-99
  127  9.8376085E+04  4.7693416E-01  3.7836956E+02  3.6702149E+20  4.2198300E-02  1.0000000E-99  1.0000000E-99
  128  9.9155971E+04  4.8071510E-01  3.8136912E+02  3.6689294E+20  4.2913460E-02  1.0000000E-99  1.0000000E-99
  129  9.9935856E+04  4.8449604E-01  3.8436868E+02  3.6676333E+20  4.3635378E-02  1.0000000E-99  1.0000000E-99
  130  1.0071574E+05  4.8827698E-01  3.8736824E+02  3.6663265E+20  4.4364080E-02  1.0000000E-99  1.0000000E-99
  131  1.0149563E+05  4.9205792E-01  3.9036779E+02  3.6650091E+20  4.5099591E-02  1.0000000E-99  1.0000000E-99
  132  1.0227551E+05  4.9583886E-01  3.9336735E+02  3.6636811E+20  4.5841940E-02  1.0000000E-99  1.0000000E-99
  133  1.0305540E+05  4.9961980E-01  3.9636691E+02  3.6623424E+20  4.6591152E-02  1.0000000E-99  1.0000000E-99
  134  1.0383528E+05  5.0340074E-01  3.9936647E+02  3.6609930E+20  4.7347255E-02  1.0000000E-99  1.0000000E-99
  135  1.0461517E+05  5.0718167E-01  4.0236603E+02  3.6596329E+20  4.8110277E-02  1.0000000E-99  1.0000000E-99
  136  1.0539505E+05  5.1096261E-01  4.0536559E+02  3.6582622E+20  4.8880245E-02  1.0000000E-99  1.0000000E-99
  137  1.0617494E+05  5.1474355E-01  4.0836515E+02  3.6568807E+20  4.9657187E-02  1.0000000E-99  1.0000000E-99
  138  1.0695482E+05  5.1852449E-01  4.1136471E+02  3.6554885E+20  5.0441133E-02  1.0000000E-99  1.0000000E-99
  139  1.0773471E+05  5.2230543E-01  4.1436427E+02  3.6540856E+20  5.1232110E-02  1.0000000E-99  1.0000000E-99
  140  1.0851459E+05  5.2608637E-01  4.1736382E+02  3.6526719E+20  5.2030149E-02  1.0000000E-99  1.0000000E-99
  141  1.0929448E+05  5.2986731E-01  4.2036338E+02  3.6512474E+20  5.2835278E-02  1.0000000E-99  1.0000000E-99
  142  1.1007437E+05  5.3364824E-01  4.2336294E+02  3.6498122E+20  5.3647526E-02  1.0000000E-99  1.0000000E-99
  143  1.1085425E+05  5.3742918E-01  4.2636250E+02  3.6483662E+20  5.4466926E-02  1.0000000E-99  1.0000000E-99
  144  1.1163414E+05  5.4121012E-01  4.2936206E+02  3.6469094E+20  5.5293506E-02  1.0000000E-99  1.0000000E-99
  145  1.1241402E+05  5.4499106E-01  4.3236162E+02  3.6454418E+20  5.6127297E-02  1.0000000E-99  1.0000000E-99
  146  1.1319391E+05  5.4877200E-01  4.3536118E+02  3.6439634E+20  5.6968331E-02  1.0000000E-99  1.0000000E-99
  147  1.1397379E+05  5.5255294E-01  4.3836074E+02  3.6424741E+20  5.7816639E-02  1.0000000E-99  1.0000000E-99
  148  1.1475368E+05  5.5633388E-01  4.4136030E+02  3.6409740E+20  5.8672253E-02  1.0000000E-99  1.0000000E-99
  149  1.1553356E+05  5.6011482E-01  4.4435985E+02  3.6394630E+20  5.9535206E-02  1.0000000E-99  1.0000000E-99
  150  1.1631345E+05  5.6389575E-01  4.4735941E+02  3.6379411E+20  6.0405528E-02  1.0000000E-99  1.0000000E-99
  151  1.1709333E+05  5.6767669E-01  4.5035897E+02  3.6364083E+20  6.1283255E-02  1.0000000E-99  1.0000000E-99
  152  1.1787322E+05  5.7145763E-01  4.5335853E+02  3.6348647E+20  6.2168417E-02  1.0000000E-99  1.0000000E-99
  153  1.1865310E+05  5.7523857E-01  4.5635809E+02  3.6333101E+20  6.3061051E-02  1.0000000E-99  1.0000000E-99
  154  1.1943299E+05  5.7901951E-01  4.5935765E+02  3.6317446E+20  6.3961188E-02  1.0000000E-99  1.0000000E-99
  155  1.2021287E+05  5.8280045E-01  4.6235721E+02  3.6301681E+20  6.4868864E-02  1.0000000E-99  1.0000000E-99
  156  1.2099276E+05  5.8658139E-01  4.6535677E+02  3.6285807E+20  6.5784113E-02  1.0000000E-99  1.0000000E-99
  157  1.2177264E+05  5.9036233E-01  4.6835633E+02  3.6269823E+20  6.6706970E-02  1.0000000E-99  1.0000000E-99
  158  1.2255253E+05  5.9414326E-01  4.7135588E+02  3.6253729E+20  6.7637471E-02  1.0000000E-99  1.0000000E-99
  159  1.2333242E+05  5.9792420E-01  4.7435544E+02  3.6237525E+20  6.8575652E-02  1.0000000E-99  1.0000000E-99
  160  1.2411230E+05  6.0170514E-01  4.7735500E+02  3.6221211E+20  6.9521548E-02  1.0000000E-99  1.0000000E-99
  161  1.2489219E+05  6.0548608E-01  4.8035456E+02  3.6204786E+20  7.0475197E-02  1.0000000E-99  1.0000000E-99
  162  1.2567207E+05  6.0926702E-01  4.8335412E+02  3.6188251E+20  7.1436635E-02  1.0000000E-99  1.0000000E-99
  163  1.2645196E+05  6.1304796E-01  4.8635368E+02  3.6171605E+20  7.2405900E-02  1.0000000E-99  1.0000000E-99
  164  1.2723184E+05  6.1682890E-01  4.8935324E+02  3.6154849E+20  7.3383030E-02  1.0000000E-99  1.0000000E-99
  165  1.2801173E+05  6.2060984E-01  4.9235280E+02  3.6137981E+20  7.4368062E-02  1.0000000E-99  1.0000000E-99
  166  1.2879161E+05  6.2439077E-01  4.9535236E+02  3.6121003E+20  7.5361036E-02  1.0000000E-99  1.0000000E-99
  167  1.2957150E+05  6.2817171E-01  4.9835191E+02  3.6103913E+20  7.6361990E-02  1.0000000E-99  1.0000000E-99
  168  1.3035138E+05  6.3195265E-01  5.0135147E+02  3.6086712E+20  7.7370964E-02  1.0000000E-99  1.0000000E-99
  169  1.3113127E+05  6.3573359E-01  5.0435103E+02  3.6069399E+20  7.8387998E-02  1.0000000E-99  1.0000000E-99
  170  1.3191115E+05  6.3951453E-01  5.0735059E+02  3.6051974E+20  7.9413132E-02  1.0000000E-99  1.0000000E-99
  171  1.3269104E+05  6.4329547E-01  5.1035015E+02  3.6034438E+20  8.0446407E-02  1.0000000E-99  1.0000000E-99
  172  1.3347092E+05  6.4707641E-01  5.1334971E+02  3.6016789E+20  8.1487864E-02  1.0000000E-99  1.0000000E-99
  173  1.3425081E+05  6.5085735E-01  5.1634927E+02  3.5999028E+20  8.2537545E-02  1.0000000E-99  1.0000000E-99
  174  1.3503070E+05  6.5463828E-01  5.1934883E+02  3.5981155E+20  8.3595491E-02  1.0000000E-99  1.0000000E-99
  175  1.3581058E+05  6.5841922E-01  5.2234839E+02  3.5963169E+20  8.4661745E-02  1.0000000E-99  1.0000000E-99
  176  1.3659047E+05  6.6220016E-01  5.2534794E+02  3.5945071E+20  8.5736351E-02  1.0000000E-99  1.0000000E-99
  177  1.3737035E+05  6.6598110E-01  5.2834750E+02  3.5926859E+20  8.6819351E-02  1.0000000E-99  1.0000000E-99
  178  1.3815024E+05  6.6976204E-01  5.3134706E+02  3.5908535E+20  8.7910789E-02  1.0000000E-99  1.0000000E-99
  179  1.3893012E+05  6.7354298E-01  5.3434662E+02  3.5890097E+20  8.9010711E-02  1.0000000E-99  1.0000000E-99
  180  1.3971001E+05  6.7732392E-01  5.3734618E+02  3.5871546E+20  9.0119159E-02  1.0000000E-99  1.0000000E-99
  181  1.4048989E+05  6.8110486E-01  5.4034574E+02  3.5852881E+20  9.1236181E-02  1.0000000E-99  1.0000000E-99
  182  1.4126978E+05  6.8488579E-01  5.4334530E+02  3.5834102E+20  9.2361822E-02  1.0000000E-99  1.0000000E-99
  183  1.4204966E+05  6.8866673E-01  5.4634486E+02  3.5815209E+20  9.3496127E-02  1.0000000E-99  1.0000000E-99
  184  1.4282955E+05  6.9244767E-01  5.4934442E+02  3.5796203E+20  9.4639144E-02  1.0000000E-99  1.0000000E-99
  185  1.4360943E+05  6.9622861E-01  5.5234398E+02  3.5777082E+20  9.5790920E-02  1.0000000E-99  1.0000000E-99
  186  1.4438932E+05  7.0000955E-01  5.5534353E+02  3.5757846E+20  9.6951503E-02  1.0000000E-99  1.0000000E-99
  187  1.4516920E+05  7.0379049E-01  5.5834309E+02  3.5738496E+20  9.8120941E-02  1.0000000E-99  1.0000000E-99
  188  1.4594909E+05  7.0757143E-01  5.6134265E+02  3.5719031E+20  9.9299283E-02  1.0000000E-99  1.0000000E-99
  189  1.4672897E+05  7.1135236E-01  5.6434221E+02  3.5699450E+20  1.0048658E-01  1.0000000E-99  1.0000000E-99
  190  1.4750886E+05  7.1513330E-01  5.6734177E+02  3.5679755E+20  1.0168288E-01  1.0000000E-99  1.0000000E-99
  191  1.4828875E+05  7.1891424E-01  5.7034133E+02  3.5659944E+20  1.0288823E-01  1.0000000E-99  1.0000000E-99
  192  1.4906863E+05  7.2269518E-01  5.7334089E+02  3.5640017E+20  1.0410268E-01  1.0000000E-99  1.0000000E-99
  193  1.4984852E+05  7.2647612E-01  5.7634045E+02  3.5619975E+20  1.0532629E-01  1.0000000E-99  1.0000000E-99
  194  1.5062840E+05  7.3025706E-01  5.7934001E+02  3.5599816E+20  1.0655911E-01  1.0000000E-99  1.0000000E-99
  195  1.5140829E+05  7.3403800E-01  5.8233956E+02  3.5579542E+20  1.0780119E-01  1.0000000E-99  1.0000000E-99
  196  1.5218817E+05  7.3781894E-01  5.8533912E+02  3.5559151E+20  1.0905258E-01  1.0000000E-99  1.0000000E-99
  197  1.5296806E+05  7.4159987E-01  5.8833868E+02  3.5538643E+20  1.1031334E-01  1.0000000E-99  1.0000000E-99
  198  1.5374794E+05  7.4538081E-01  5.9133824E+02  3.5518018E+20  1.1158353E-01  1.0000000E-99  1.0000000E-99
  199  1.5452783E+05  7.4916175E-01  5.9433780E+02  3.5497277E+20  1.1286318E-01  1.0000000E-99  1.0000000E-99
  200  1.5530771E+05  7.5294269E-01  5.9733736E+02  3.5476418E+20  1.1415237E-01  1.0000000E-99  1.0000000E-99
  201  1.5608760E+05  7.5672363E-01  6.0033692E+02  3.5455442E+20  1.1545115E-01  1.0000000E-99  1.0000000E-99
  202  1.5686748E+05  7.6050457E-01  6.0333648E+02  3.5434348E+20  1.1675957E-01  1.0000000E-99  1.0000000E-99
  203  1.5764737E+05  7.6428551E-01  6.0633604E+02  3.5413136E+20  1.1807769E-01  1.0000000E-99  1.0000000E-99
  204  1.5842725E+05  7.6806645E-01  6.0933559E+02  3.5391806E+20  1.1940557E-01  1.0000000E-99  1.0000000E-99
  205  1.5920714E+05  7.7184738E-01  6.1233515E+02  3.5370358E+20  1.2074327E-01  1.0000000E-99  1.0000000E-99
  206  1.5998703E+05  7.7562832E-01  6.1533471E+02  3.5348791E+20  1.2209085E-01  1.0000000E-99  1.0000000E-99
  207  1.6076691E+05  7.7940926E-01  6.1833427E+02  3.5327106E+20  1.2344836E-01  1.0000000E-99  1.0000000E-99
  208  1.6154680E+05  7.8319020E-01  6.2133383E+02  3.5305301E+20  1.2481588E-01  1.0000000E-99  1.0000000E-99
  209  1.6232668E+05  7.8697114E-01  6.2433339E+02  3.5283378E+20  1.2619344E-01  1.0000000E-99  1.0000000E-99
  210  1.6310657E+05  7.9075208E-01  6.2733295E+02  3.5261335E+20  1.2758113E-01  1.0000000E-99  1.0000000E-99
  211  1.6388645E+05  7.9453302E-01  6.3033251E+02  3.5239172E+20  1.2897900E-01  1.0000000E-99  1.0000000E-99
  212  1.6466634E+05  7.9831396E-01  6.3333207E+02  3.5216890E+20  1.3038712E-01  1.0000000E-99  1.0000000E-99
  213  1.6544622E+05  8.0209489E-01  6.3633162E+02  3.5194488E+20  1.3180555E-01  1.0000000E-99  1.0000000E-99
  214  1.6622611E+05  8.0587583E-01  6.3933118E+02  3.5171965E+20  1.3323435E-01  1.0000000E-99  1.0000000E-99
  215  1.6700599E+05  8.0965677E-01  6.4233074E+02  3.5149322E+20  1.3467358E-01  1.0000000E-99  1.0000000E-99
  216  1.6778588E+05  8.1343771E-01  6.4533030E+02  3.5126558E+20  1.3612332E-01  1.0000000E-99  1.0000000E-99
  217  1.6856576E+05  8.1721865E-01  6.4832986E+02  3.5103673E+20  1.3758364E-01  1.0000000E-99  1.0000000E-99
  218  1.6934565E+05  8.2099959E-01  6.5132942E+02  3.5080667E+20  1.3905459E-01  1.0000000E-99  1.0000000E-99
  219  1.7012553E+05  8.2478053E-01  6.5432898E+02  3.5057539E+20  1.4053625E-01  1.0000000E-99  1.0000000E-99
  220  1.7090542E+05  8.2856147E-01  6.5732854E+02  3.5034289E+20  1.4202868E-01  1.0000000E-99  1.0000000E-99
  221  1.7168530E+05  8.3234240E-01  6.6032810E+02  3.5010918E+20  1.4353195E-01  1.0000000E-99  1.0000000E-99
  222  1.7246519E+05  8.3612334E-01  6.6332765E+02  3.4987425E+20  1.4504615E-01  1.0000000E-99  1.0000000E-99
  223  1.7324508E+05  8.3990428E-01  6.6632721E+02  3.4963809E+20  1.4657132E-01  1.0000000E-99  1.0000000E-99
  224  1.7402496E+05  8.4368522E-01  6.6932677E+02  3.4940070E+20  1.4810756E-01  1.0000000E-99  1.0000000E-99
  225  1.7480485E+05  8.4746616E-01  6.7232633E+02  3.4916208E+20  1.4965492E-01  1.0000000E-99  1.0000000E-99
  226  1.7558473E+05  8.5124710E-01  6.7532589E+02  3.4892224E+20  1.5121349E-01  1.0000000E-99  1.0000000E-99
  227  1.7636462E+05  8.5502804E-01  6.7832545E+02  3.4868115E+20  1.5278334E-01  1.0000000E-99  1.0000000E-99
  228  1.7714450E+05  8.5880898E-01  6.8132501E+02  3.4843884E+20  1.5436453E-01  1.0000000E-99  1.0000000E-99
  229  1.7792439E+05  8.6258991E-01  6.8432457E+02  3.4819528E+20  1.5595716E-01  1.0000000E-99  1.0000000E-99
  230  1.7870427E+05  8.6637085E-01  6.8732413E+02  3.4795048E+20  1.5756129E-01  1.0000000E-99  1.0000000E-99
  231  1.7948416E+05  8.7015179E-01  6.9032368E+02  3.4770443E+20  1.5917701E-01  1.0000000E-99  1.0000000E-99
  232  1.8026404E+05  8.7393273E-01  6.9332324E+02  3.4745714E+20  1.6080439E-01  1.0000000E-99  1.0000000E-99
  233  1.8104393E+05  8.7771367E-01  6.9632280E+02  3.4720859E+20  1.6244350E-01  1.0000000E-99  1.0000000E-99
  234  1.8182381E+05  8.8149461E-01  6.9932236E+02  3.4695880E+20  1.6409444E-01  1.0000000E-99  1.0000000E-99
  235  1.8260370E+05  8.8527555E-01  7.0232192E+02  3.4670774E+20  1.6575728E-01  1.0000000E-99  1.0000000E-99
  236  1.8338358E+05  8.8905648E-01  7.0532148E+02  3.4645543E+20  1.6743210E-01  1.0000000E-99  1.0000000E-99
  237  1.8416347E+05  8.9283742E-01  7.0832104E+02  3.4620186E+20  1.6911899E-01  1.0000000E-99  1.0000000E-99
  238  1.8494336E+05  8.9661836E-01  7.1132060E+02  3.4594703E+20  1.7081803E-01  1.0000000E-99  1.0000000E-99
  239  1.8572324E+05  9.0039930E-01  7.1432016E+02  3.4569093E+20  1.7252930E-01  1.0000000E-99  1.0000000E-99
  240  1.8650313E+05  9.0418024E-01  7.1731971E+02  3.4543356E+20  1.7425290E-01  1.0000000E-99  1.0000000E-99
  241  1.8728301E+05  9.0796118E-01  7.2031927E+02  3.4517491E+20  1.7598890E-01  1.0000000E-99  1.0000000E-99
  242  1.8806290E+05  9.1174212E-01  7.2331883E+02  3.4491500E+20  1.7773740E-01  1.0000000E-99  1.0000000E-99
  243  1.8884278E+05  9.1552306E-01  7.2631839E+02  3.4465380E+20  1.7949848E-01  1.0000000E-99  1.0000000E-99
  244  1.8962267E+05  9.1930399E-01  7.2931795E+02  3.4439132E+20  1.8127223E-01  1.0000000E-99  1.0000000E-99
  245  1.9040255E+05  9.2308493E-01  7.3231751E+02  3.4412756E+20  1.8305875E-01  1.0000000E-99  1.0000000E-99
  246  1.9118244E+05  9.2686587E-01  7.3531707E+02  3.4386251E+20  1.8485812E-01  1.0000000E-99  1.0000000E-99
  247  1.9196232E+05  9.3064681E-01  7.3831663E+02  3.4359618E+20  1.8667044E-01  1.0000000E-99  1.0000000E-99
  248  1.9274221E+05  9.3442775E-01  7.4131619E+02  3.4332855E+20  1.8849580E-01  1.0000000E-99  1.0000000E-99
  249  1.9352209E+05  9.3820869E-01  7.4431574E+02  3.4305962E+20  1.9033430E-01  1.0000000E-99  1.0000000E-99
  250  1.9430198E+05  9.4198963E-01  7.4731530E+02  3.4278940E+20  1.9218604E-01  1.0000000E-99  1.0000000E-99
  251  1.9508186E+05  9.4577057E-01  7.5031486E+02  3.4251787E+20  1.9405110E-01  1.0000000E-99  1.0000000E-99
  252  1.9586175E+05  9.4955150E-01  7.5331442E+02  3.4224504E+20  1.9592959E-01  1.0000000E-99  1.0000000E-99
  253  1.9664163E+05  9.5333244E-01  7.5631398E+02  3.4197090E+20  1.9782160E-01  1.0000000E-99  1.0000000E-99
  254  1.9742152E+05  9.5711338E-01  7.5931354E+02  3.4169545E+20  1.9972725E-01  1.0000000E-99  1.0000000E-99
  255  1.9820141E+05  9.6089432E-01  7.6231310E+02  3.4141868E+20  2.0164662E-01  1.0000000E-99  1.0000000E-99
  256  1.9898129E+05  9.6467526E-01  7.6531266E+02  3.4114060E+20  2.0357983E-01  1.0000000E-99  1.0000000E-99
  257  1.9976118E+05  9.6845620E-01  7.6831222E+02  3.4086119E+20  2.0552697E-01  1.0000000E-99  1.0000000E-99
  258  2.0054106E+05  9.7223714E-01  7.7131177E+02  3.4058047E+20  2.0748815E-01  1.0000000E-99  1.0000000E-99
  259  2.0132095E+05  9.7601808E-01  7.7431133E+02  3.4029841E+20  2.0946348E-01  1.0000000E-99  1.0000000E-99
  260  2.0210083E+05  9.7979901E-01  7.7731089E+02  3.4001502E+20  2.1145306E-01  1.0000000E-99  1.0000000E-99
  261  2.0288072E+05  9.8357995E-01  7.8031045E+02  3.3973030E+20  2.1345701E-01  1.0000000E-99  1.0000000E-99
  262  2.0366060E+05  9.8736089E-01  7.8331001E+02  3.3944425E+20  2.1547543E-01  1.0000000E-99  1.0000000E-99
  263  2.0444049E+05  9.9114183E-01  7.8630957E+02  3.3915685E+20  2.1750843E-01  1.0000000E-99  1.0000000E-99
  264  2.0522037E+05  9.9492277E-01  7.8930913E+02  3.3886811E+20  2.1955614E-01  1.0000000E-99  1.0000000E-99
  265  2.0600026E+05  9.9870371E-01  7.9230869E+02  3.3857802E+20  2.2161865E-01  1.0000000E-99  1.0000000E-99
  266  2.0678014E+05  1.0024846E+00  7.9530825E+02  3.3828657E+20  2.2369609E-01  1.0000000E-99  1.0000000E-99
  267  2.0756003E+05  1.0062656E+00  7.9830780E+02  3.3799378E+20  2.2578858E-01  1.0000000E-99  1.0000000E-99
  268  2.0833991E+05  1.0100465E+00  8.0130736E+02  3.3769962E+20  2.2789623E-01  1.0000000E-99  1.0000000E-99
  269  2.0911980E+05  1.0138275E+00  8.0430692E+02  3.3740411E+20  2.3001916E-01  1.0000000E-99  1.0000000E-99
  270  2.0989969E+05  1.0176084E+00  8.0730648E+02  3.3710723E+20  2.3215749E-01  1.0000000E-99  1.0000000E-99
  271  2.1067957E+05  1.0213893E+00  8.1030604E+02  3.3680898E+20  2.3431135E-01  1.0000000E-99  1.0000000E-99
  272  2.1145946E+05  1.0251703E+00  8.1330560E+02  3.3650936E+20  2.3648086E-01  1.0000000E-99  1.0000000E-99
  273  2.1223934E+05  1.0289512E+00  8.1630516E+02  3.3620836E+20  2.3866615E-01  1.0000000E-99  1.0000000E-99
  274  2.1301923E+05  1.0327322E+00  8.1930472E+02  3.3590598E+20  2.4086733E-01  1.0000000E-99  1.0000000E-99
  275  2.1379911E+05  1.0365131E+00  8.2230428E+02  3.3560222E+20  2.4308455E-01  1.0000000E-99  1.0000000E-99
  276  2.1457900E+05  1.0402940E+00  8.2530383E+02  3.3529707E+20  2.4531792E-01  1.0000000E-99  1.0000000E-99
  277  2.1535888E+05  1.0440750E+00  8.2830339E+02  3.3499053E+20  2.4756759E-01  1.0000000E-99  1.0000000E-99
  278  2.1613877E+05  1.0478559E+00  8.3130295E+02  3.3468259E+20  2.4983368E-01  1.0000000E-99  1.0000000E-99
  279  2.1691865E+05  1.0516368E+00  8.3430251E+02  3.3437326E+20  2.5211633E-01  1.0000000E-99  1.0000000E-99
  280  2.1769854E+05  1.0554178E+00  8.3730207E+02  3.3406252E+20  2.5441568E-01  1.0000000E-99  1.0000000E-99
  281  2.1847842E+05  1.0591987E+00  8.4030163E+02  3.3375038E+20  2.5673186E-01  1.0000000E-99  1.0000000E-99
  282  2.1925831E+05  1.0629797E+00  8.4330119E+02  3.3343682E+20  2.5906501E-01  1.0000000E-99  1.0000000E-99
  283  2.2003819E+05  1.0667606E+00  8.4630075E+02  3.3312186E+20  2.6141528E-01  1.0000000E-99  1.0000000E-99
  284  2.2081808E+05  1.0705415E+00  8.4930031E+02  3.3280547E+20  2.6378281E-01  1.0000000E-99  1.0000000E-99
  285  2.2159796E+05  1.0743225E+00  8.5229986E+02  3.3248766E+20  2.6616774E-01  1.0000000E-99  1.0000000E-99
  286  2.2237785E+05  1.0781034E+00  8.5529942E+02  3.3216842E+20  2.6857022E-01  1.0000000E-99  1.0000000E-99
  287  2.2315774E+05  1.0818844E+00  8.5829898E+02  3.3184775E+20  2.7099040E-01  1.0000000E-99  1.0000000E-99
  288  2.2393762E+05  1.0856653E+00  8.6129854E+02  3.3152565E+20  2.7342844E-01  1.0000000E-99  1.0000000E-99
  289  2.2471751E+05  1.0894462E+00  8.6429810E+02  3.3120211E+20  2.7588447E-01  1.0000000E-99  1.0000000E-99
  290  2.2549739E+05  1.0932272E+00  8.6729766E+02  3.3087713E+20  2.7835866E-01  1.0000000E-99  1.0000000E-99
  291  2.2627728E+05  1.0970081E+00  8.7029722E+02  3.3055069E+20  2.8085116E-01  1.0000000E-99  1.0000000E-99
  292  2.2705716E+05  1.1007891E+00  8.7329678E+02  3.3022281E+20  2.8336213E-01  1.0000000E-99  1.0000000E-99
  293  2.2783705E+05  1.1045700E+00  8.7629634E+02  3.2989347E+20  2.8589174E-01  1.0000000E-99  1.0000000E-99
  294  2.2861693E+05  1.1083509E+00  8.7929590E+02  3.2956267E+20  2.8844013E-01  1.0000000E-99  1.0000000E-99
  295  2.2939682E+05  1.1121319E+00  8.8229545E+02  3.2923040E+20  2.9100749E-01  1.0000000E-99  1.0000000E-99
  296  2.3017670E+05  1.1159128E+00  8.8529501E+02  3.2889667E+20  2.9359397E-01  1.0000000E-99  1.0000000E-99
  297  2.3095659E+05  1.1196937E+00  8.8829457E+02  3.2856146E+20  2.9619974E-01  1.0000000E-99  1.0000000E-99
  298  2.3173647E+05  1.1234747E+00  8.9129413E+02  3.2822477E+20  2.9882497E-01  1.0000000E-99  1.0000000E-99
  299  2.3251636E+05  1.1272556E+00  8.9429369E+02  3.2788660E+20  3.0146984E-01  1.0000000E-99  1.0000000E-99
  300  2.3329624E+05  1.1310366E+00  8.9729325E+02  3.2754694E+20  3.0413452E-01  1.0000000E-99  1.0000000E-99
  301  2.3407613E+05  1.1348175E+00  9.0029281E+02  3.2720579E+20  3.0681919E-01  1.0000000E-99  1.0000000E-99
  302  2.3485602E+05  1.1385984E+00  9.0329237E+02  3.2686314E+20  3.0952402E-01  1.0000000E-99  1.0000000E-99
  303  2.3563590E+05  1.1423794E+00  9.0629193E+02  3.2651899E+20  3.1224921E-01  1.0000000E-99  1.0000000E-99
  304  2.3641579E+05  1.1461603E+00  9.0929148E+02  3.2617333E+20  3.1499493E-01  1.0000000E-99  1.0000000E-99
  305  2.3719567E+05  1.1499413E+00  9.1229104E+02  3.2582617E+20  3.1776137E-01  1.0000000E-99  1.0000000E-99
  306  2.3797556E+05  1.1537222E+00  9.1529060E+02  3.2547748E+20  3.2054872E-01  1.0000000E-99  1.0000000E-99
  307  2.3875544E+05  1.1575031E+00  9.1829016E+02  3.2512728E+20  3.2335717E-01  1.0000000E-99  1.0000000E-99
  308  2.3953533E+05  1.1612841E+00  9.2128972E+02  3.2477555E+20  3.2618691E-01  1.0000000E-99  1.0000000E-99
  309  2.4031521E+05  1.1650650E+00  9.2428928E+02  3.2442229E+20  3.2903815E-01  1.0000000E-99  1.0000000E-99
  310  2.4109510E+05  1.1688460E+00  9.2728884E+02  3.2406749E+20  3.3191108E-01  1.0000000E-99  1.0000000E-99
  311  2.4187498E+05  1.1726269E+00  9.3028840E+02  3.2371115E+20  3.3480591E-01  1.0000000E-99  1.0000000E-99
  312  2.4265487E+05  1.1764078E+00  9.3328796E+02  3.2335327E+20  3.3772283E-01  1.0000000E-99  1.0000000E-99
  313  2.4343475E+05  1.1801888E+00  9.3628751E+02  3.2299384E+20  3.4066206E-01  1.0000000E-99  1.0000000E-99
  314  2.4421464E+05  1.1839697E+00  9.3928707E+02  3.2263285E+20  3.4362380E-01  1.0000000E-99  1.0000000E-99
  315  2.4499452E+05  1.1877506E+00  9.4228663E+02  3.2227029E+20  3.4660827E-01  1.0000000E-99  1.0000000E-99
  316  2.4577441E+05  1.1915316E+00  9.4528619E+02  3.2190618E+20  3.4961569E-01  1.0000000E-99  1.0000000E-99
  317  2.4655429E+05  1.1953125E+00  9.4828575E+02  3.2154048E+20  3.5264627E-01  1.0000000E-99  1.0000000E-99
  318  2.4733418E+05  1.1990935E+00  9.5128531E+02  3.2117322E+20  3.5570024E-01  1.0000000E-99  1.0000000E-99
  319  2.4811407E+05  1.2028744E+00  9.5428487E+02  3.2080437E+20  3.5877781E-01  1.0000000E-99  1.0000000E-99
  320  2.4889395E+05  1.2066553E+00  9.5728443E+02  3.2043393E+20  3.6187922E-01  1.0000000E-99  1.0000000E-99
  321  2.4967384E+05  1.2104363E+00  9.6028399E+02  3.2006189E+20  3.6500470E-01  1.0000000E-99  1.0000000E-99
  322  2.5045372E+05  1.2142172E+00  9.6328354E+02  3.1968826E+20  3.6815449E-01  1.0000000E-99  1.0000000E-99
  323  2.5123361E+05  1.2179982E+00  9.6628310E+02  3.1931302E+20  3.7132881E-01  1.0000000E-99  1.0000000E-99
  324  2.5201349E+05  1.2217791E+00  9.6928266E+02  3.1893617E+20  3.7452791E-01  1.0000000E-99  1.0000000E-99
  325  2.5279338E+05  1.2255600E+00  9.7228222E+02  3.1855771E+20  3.7775204E-01  1.0000000E-99  1.0000000E-99
  326  2.5357326E+05  1.2293410E+00  9.7528178E+02  3.1817762E+20  3.8100144E-01  1.0000000E-99  1.0000000E-99
  327  2.5435315E+05  1.2331219E+00  9.7828134E+02  3.1779591E+20  3.8427637E-01  1.0000000E-99  1.0000000E-99
  328  2.5513303E+05  1.2369028E+00  9.8128090E+02  3.1741256E+20  3.8757707E-01  1.0000000E-99  1.0000000E-99
  329  2.5591292E+05  1.2406838E+00  9.8428046E+02  3.1702757E+20  3.9090380E-01  1.0000000E-99  1.0000000E-99
  330  2.5669280E+05  1.2444647E+00  9.8728002E+02  3.1664094E+20  3.9425683E-01  1.0000000E-99  1.0000000E-99
  331  2.5747269E+05  1.2482457E+00  9.9027957E+02  3.1625265E+20  3.9763642E-01  1.0000000E-99  1.0000000E-99
  332  2.5825257E+05  1.2520266E+00  9.9327913E+02  3.1586270E+20  4.0104284E-01  1.0000000E-99  1.0000000E-99
  333  2.5903246E+05  1.2558075E+00  9.9627869E+02  3.1547110E+20  4.0447637E-01  1.0000000E-99  1.0000000E-99
  334  2.5981235E+05  1.2595885E+00  9.9927825E+02  3.1507782E+20  4.0793727E-01  1.0000000E-99  1.0000000E-99
  335  2.6059223E+05  1.2633694E+00  1.0022778E+03  3.1468286E+20  4.1142584E-01  1.0000000E-99  1.0000000E-99
  336  2.6137212E+05  1.2671504E+00  1.0052774E+03  3.1428623E+20  4.1494235E-01  1.0000000E-99  1.0000000E-99
  337  2.6215200E+05  1.2709313E+00  1.0082769E+03  3.1388790E+20  4.1848709E-01  1.0000000E-99  1.0000000E-99
  338  2.6293189E+05  1.2747122E+00  1.0112765E+03  3.1348788E+20  4.2206036E-01  1.0000000E-99  1.0000000E-99
  339  2.6371177E+05  1.2784932E+00  1.0142760E+03  3.1308615E+20  4.2566245E-01  1.0000000E-99  1.0000000E-99
  340  2.6449166E+05  1.2822741E+00  1.0172756E+03  3.1268272E+20  4.2929367E-01  1.0000000E-99  1.0000000E-99
  341  2.6527154E+05  1.2860551E+00  1.0202752E+03  3.1227757E+20  4.3295431E-01  1.0000000E-99  1.0000000E-99
  342  2.6605143E+05  1.2898360E+00  1.0232747E+03  3.1187070E+20  4.3664470E-01  1.0000000E-99  1.0000000E-99
  343  2.6683131E+05  1.2936169E+00  1.0262743E+03  3.1146210E+20  4.4036515E-01  1.0000000E-99  1.0000000E-99
  344  2.6761120E+05  1.2973979E+00  1.0292738E+03  3.1105176E+20  4.4411597E-01  1.0000000E-99  1.0000000E-99
  345  2.6839108E+05  1.3011788E+00  1.0322734E+03  3.1063969E+20  4.4789749E-01  1.0000000E-99  1.0000000E-99
  346  2.6917097E+05  1.3049597E+00  1.0352730E+03  3.1022586E+20  4.5171004E-01  1.0000000E-99  1.0000000E-99
  347  2.6995085E+05  1.3087407E+00  1.0382725E+03  3.0981028E+20  4.5555395E-01  1.0000000E-99  1.0000000E-99
  348  2.7073074E+05  1.3125216E+00  1.0412721E+03  3.0939293E+20  4.5942957E-01  1.0000000E-99  1.0000000E-99
  349  2.7151062E+05  1.3163026E+00  1.0442716E+03  3.0897381E+20  4.6333723E-01  1.0000000E-99  1.0000000E-99
  350  2.7229051E+05  1.3200835E+00  1.0472712E+03  3.0855292E+20  4.6727729E-01  1.0000000E-99  1.0000000E-99
  351  2.7307040E+05  1.3238644E+00  1.0502708E+03  3.0813023E+20  4.7125009E-01  1.0000000E-99  1.0000000E-99
  352  2.7385028E+05  1.3276454E+00  1.0532703E+03  3.0770576E+20  4.7525601E-01  1.0000000E-99  1.0000000E-99
  353  2.7463017E+05  1.3314263E+00  1.0562699E+03  3.0727949E+20  4.7929540E-01  1.0000000E-99  1.0000000E-99
  354  2.7541005E+05  1.3352073E+00  1.0592694E+03  3.0685141E+20  4.8336864E-01  1.0000000E-99  1.0000000E-99
  355  2.7618994E+05  1.3389882E+00  1.0622690E+03  3.0642151E+20  4.8747610E-01  1.0000000E-99  1.0000000E-99
  356  2.7696982E+05  1.3427691E+00  1.0652685E+03  3.0598979E+20  4.9161817E-01  1.0000000E-99  1.0000000E-99
  357  2.7774971E+05  1.3465501E+00  1.0682681E+03  3.0555625E+20  4.9579523E-01  1.0000000E-99  1.0000000E-99
  358  2.7852959E+05  1.3503310E+00  1.0712677E+03  3.0512086E+20  5.0000768E-01  1.0000000E-99  1.0000000E-99
  359  2.7930948E+05  1.3541119E+00  1.0742672E+03  3.0468363E+20  5.0425592E-01  1.0000000E-99  1.0000000E-99
  360  2.8008936E+05  1.3578929E+00  1.0772668E+03  3.0424454E+20  5.0854035E-01  1.0000000E-99  1.0000000E-99
  361  2.8086925E+05  1.3616738E+00  1.0802663E+03  3.0380359E+20  5.1286139E-01  1.0000000E-99  1.0000000E-99
  362  2.8164913E+05  1.3654548E+00  1.0832659E+03  3.0336077E+20  5.1721947E-01  1.0000000E-99  1.0000000E-99
  363  2.8242902E+05  1.3692357E+00  1.0862655E+03  3.0291607E+20  5.2161499E-01  1.0000000E-99  1.0000000E-99
  364  2.8320890E+05  1.3730166E+00  1.0892650E+03  3.0246949E+20  5.2604841E-01  1.0000000E-99  1.0000000E-99
  365  2.8398879E+05  1.3767976E+00  1.0922646E+03  3.0202101E+20  5.3052015E-01  1.0000000E-99  1.0000000E-99
  366  2.8476868E+05  1.3805785E+00  1.0952641E+03  3.0157063E+20  5.3503067E-01  1.0000000E-99  1.0000000E-99
  367  2.8554856E+05  1.3843595E+00  1.0982637E+03  3.0111833E+20  5.3958042E-01  1.0000000E-99  1.0000000E-99
  368  2.8632845E+05  1.3881404E+00  1.1012633E+03  3.0066412E+20  5.4416987E-01  1.0000000E-99  1.0000000E-99
  369  2.8710833E+05  1.3919213E+00  1.1042628E+03  3.0020797E+20  5.4879947E-01  1.0000000E-99  1.0000000E-99
  370  2.8788822E+05  1.3957023E+00  1.1072624E+03  2.9974989E+20  5.5346971E-01  1.0000000E-99  1.0000000E-99
  371  2.8866810E+05  1.3994832E+00  1.1102619E+03  2.9928986E+20  5.5818107E-01  1.0000000E-99  1.0000000E-99
  372  2.8944799E+05  1.4032642E+00  1.1132615E+03  2.9882788E+20  5.6293404E-01  1.0000000E-99  1.0000000E-99
  373  2.9022787E+05  1.4070451E+00  1.1162610E+03  2.9836393E+20  5.6772913E-01  1.0000000E-99  1.0000000E-99
  374  2.9100776E+05  1.4108260E+00  1.1192606E+03  2.9789800E+20  5.7256685E-01  1.0000000E-99  1.0000000E-99
  375  2.9178764E+05  1.4146070E+00  1.1222602E+03  2.9743009E+20  5.7744770E-01  1.0000000E-99  1.0000000E-99
  376  2.9256753E+05  1.4183879E+00  1.1252597E+03  2.9696019E+20  5.8237222E-01  1.0000000E-99  1.0000000E-99
  377  2.9334741E+05  1.4221688E+00  1.1282593E+03  2.9648828E+20  5.8734094E-01  1.0000000E-99  1.0000000E-99
  378  2.9412730E+05  1.4259498E+00  1.1312588E+03  2.9601437E+20  5.9235440E-01  1.0000000E-99  1.0000000E-99
  379  2.9490718E+05  1.4297307E+00  1.1342584E+03  2.9553843E+20  5.9741316E-01  1.0000000E-99  1.0000000E-99
  380  2.9568707E+05  1.4335117E+00  1.1372580E+03  2.9506046E+20  6.0251778E-01  1.0000000E-99  1.0000000E-99
  381  2.9646696E+05  1.4372926E+00  1.1402575E+03  2.9458045E+20  6.0766883E-01  1.0000000E-99  1.0000000E-99
  382  2.9724684E+05  1.4410735E+00  1.1432571E+03  2.9409839E+20  6.1286690E-01  1.0000000E-99  1.0000000E-99
  383  2.9802673E+05  1.4448545E+00  1.1462566E+03  2.9361426E+20  6.1811256E-01  1.0000000E-99  1.0000000E-99
  384  2.9880661E+05  1.4486354E+00  1.1492562E+03  2.9312807E+20  6.2340643E-01  1.0000000E-99  1.0000000E-99
  385  2.9958650E+05  1.4524164E+00  1.1522558E+03  2.9263979E+20  6.2874912E-01  1.0000000E-99  1.0000000E-99
  386  3.0036638E+05  1.4561973E+00  1.1552553E+03  2.9214942E+20  6.3414124E-01  1.0000000E-99  1.0000000E-99
  387  3.0114627E+05  1.4599782E+00  1.1582549E+03  2.9165694E+20  6.3958344E-01  1.0000000E-99  1.0000000E-99
  388  3.0192615E+05  1.4637592E+00  1.1612544E+03  2.9116236E+20  6.4507635E-01  1.0000000E-99  1.0000000E-99
  389  3.0270604E+05  1.4675401E+00  1.1642540E+03  2.9066565E+20  6.5062063E-01  1.0000000E-99  1.0000000E-99
  390  3.0348592E+05  1.4713210E+00  1.1672535E+03  2.9016680E+20  6.5621695E-01  1.0000000E-99  1.0000000E-99
  391  3.0426581E+05  1.4751020E+00  1.1702531E+03  2.8966581E+20  6.6186600E-01  1.0000000E-99  1.0000000E-99
  392  3.0504569E+05  1.4788829E+00  1.1732527E+03  2.8916265E+20  6.6756844E-01  1.0000000E-99  1.0000000E-99
  393  3.0582558E+05  1.4826639E+00  1.1762522E+03  2.8865733E+20  6.7332501E-01  1.0000000E-99  1.0000000E-99
  394  3.0660546E+05  1.4864448E+00  1.1792518E+03  2.8814983E+20  6.7913640E-01  1.0000000E-99  1.0000000E-99
  395  3.0738535E+05  1.4902257E+00  1.1822513E+03  2.8764014E+20  6.8500335E-01  1.0000000E-99  1.0000000E-99
  396  3.0816523E+05  1.4940067E+00  1.1852509E+03  2.8712825E+20  6.9092659E-01  1.0000000E-99  1.0000000E-99
  397  3.0894512E+05  1.4977876E+00  1.1882505E+03  2.8661414E+20  6.9690690E-01  1.0000000E-99  1.0000000E-99
  398  3.0972501E+05  1.5015686E+00  1.1912500E+03  2.8609780E+20  7.0294502E-01  1.0000000E-99  1.0000000E-99
  399  3.1050489E+05  1.5053495E+00  1.1942496E+03  2.8557922E+20  7.0904176E-01  1.0000000E-99  1.0000000E-99
  400  3.1128478E+05  1.5091304E+00  1.1972491E+03  2.8505839E+20  7.1519790E-01  1.0000000E-99  1.0000000E-99
  401  3.1206466E+05  1.5129114E+00  1.2002487E+03  2.8453530E+20  7.2141426E-01  1.0000000E-99  1.0000000E-99
  402  3.1284455E+05  1.5166923E+00  1.2032483E+03  2.8400993E+20  7.2769167E-01  1.0000000E-99  1.0000000E-99
  403  3.1362443E+05  1.5204733E+00  1.2062478E+03  2.8348227E+20  7.3403097E-01  1.0000000E-99  1.0000000E-99
  404  3.1440432E+05  1.5242542E+00  1.2092474E+03  2.8295231E+20  7.4043302E-01  1.0000000E-99  1.0000000E-99
  405  3.1518420E+05  1.5280351E+00  1.2122469E+03  2.8242003E+20  7.4689869E-01  1.0000000E-99  1.0000000E-99
  406  3.1596409E+05  1.5318161E+00  1.2152465E+03  2.8188543E+20  7.5342889E-01  1.0000000E-99  1.0000000E-99
  407  3.1674397E+05  1.5355970E+00  1.2182461E+03  2.8134849E+20  7.6002450E-01  1.0000000E-99  1.0000000E-99
  408  3.1752386E+05  1.5393779E+00  1.2212456E+03  2.8080919E+20  7.6668647E-01  1.0000000E-99  1.0000000E-99
  409  3.1830374E+05  1.5431589E+00  1.2242452E+03  2.8026752E+20  7.7341574E-01  1.0000000E-99  1.0000000E-99
  410  3.1908363E+05  1.5469398E+00  1.2272447E+03  2.7972347E+20  7.8021327E-01  1.0000000E-99  1.0000000E-99
  411  3.1986351E+05  1.5507208E+00  1.2302443E+03  2.7917703E+20  7.8708004E-01  1.0000000E-99  1.0000000E-99
  412  3.2064340E+05  1.5545017E+00  1.2332438E+03  2.7862817E+20  7.9401704E-01  1.0000000E-99  1.0000000E-99
  413  3.2142329E+05  1.5582826E+00  1.2362434E+03  2.7807689E+20  8.0102531E-01  1.0000000E-99  1.0000000E-99
  414  3.2220317E+05  1.5620636E+00  1.2392430E+03  2.7752317E+20  8.0810588E-01  1.0000000E-99  1.0000000E-99
  415  3.2298306E+05  1.5658445E+00  1.2422425E+03  2.7696700E+20  8.1525981E-01  1.0000000E-99  1.0000000E-99
  416  3.2376294E+05  1.5696255E+00  1.2452421E+03  2.7640836E+20  8.2248818E-01  1.0000000E-99  1.0000000E-99
  417  3.2454283E+05  1.5734064E+00  1.2482416E+03  2.7584724E+20  8.2979210E-01  1.0000000E-99  1.0000000E-99
  418  3.2532271E+05  1.5771873E+00  1.2512412E+03  2.7528362E+20  8.3717269E-01  1.0000000E-99  1.0000000E-99
  419  3.2610260E+05  1.5809683E+00  1.2542408E+03  2.7471748E+20  8.4463110E-01  1.0000000E-99  1.0000000E-99
  420  3.2688248E+05  1.5847492E+00  1.2572403E+03  2.7414882E+20  8.5216849E-01  1.0000000E-99  1.0000000E-99
  421  3.2766237E+05  1.5885301E+00  1.2602399E+03  2.7357761E+20  8.5978608E-01  1.0000000E-99  1.0000000E-99
  422  3.2844225E+05  1.5923111E+00  1.2632394E+03  2.7300384E+20  8.6748507E-01  1.0000000E-99  1.0000000E-99
  423  3.2922214E+05  1.5960920E+00  1.2662390E+03  2.7242749E+20  8.7526671E-01  1.0000000E-99  1.0000000E-99
  424  3.3000202E+05  1.5998730E+00  1.2692386E+03  2.7184855E+20  8.8313227E-01  1.0000000E-99  1.0000000E-99
  425  3.3078191E+05  1.6036539E+00  1.2722381E+03  2.7126700E+20  8.9108304E-01  1.0000000E-99  1.0000000E-99
  426  3.3156179E+05  1.6074348E+00  1.2752377E+03  2.7068282E+20  8.9912036E-01  1.0000000E-99  1.0000000E-99
  427  3.3234168E+05  1.6112158E+00  1.2782372E+03  2.7009599E+20  9.0724557E-01  1.0000000E-99  1.0000000E-99
  428  3.3312156E+05  1.6149967E+00  1.2812368E+03  2.6950651E+20  9.1546006E-01  1.0000000E-99  1.0000000E-99
  429  3.3390145E+05  1.6187777E+00  1.2842363E+03  2.6891435E+20  9.2376523E-01  1.0000000E-99  1.0000000E-99
  430  3.3468134E+05  1.6225586E+00  1.2872359E+03  2.6831949E+20  9.3216253E-01  1.0000000E-99  1.0000000E-99
  431  3.3546122E+05  1.6263395E+00  1.2902355E+03  2.6772191E+20  9.4065342E-01  1.0000000E-99  1.0000000E-99
  432  3.3624111E+05  1.6301205E+00  1.2932350E+03  2.6712161E+20  9.4923940E-01  1.0000000E-99  1.0000000E-99
  433  3.3702099E+05  1.6339014E+00  1.2962346E+03  2.6651855E+20  9.5792202E-01  1.0000000E-99  1.0000000E-99
  434  3.3780088E+05  1.6376824E+00  1.2992341E+03  2.6591272E+20  9.6670284E-01  1.0000000E-99  1.0000000E-99
  435  3.3858076E+05  1.6414633E+00  1.3022337E+03  2.6530410E+20  9.7558346E-01  1.0000000E-99  1.0000000E-99
  436  3.3936065E+05  1.6452442E+00  1.3052333E+03  2.6469267E+20  9.8456553E-01  1.0000000E-99  1.0000000E-99
  437  3.4014053E+05  1.6490252E+00  1.3082328E+03  2.6407842E+20  9.9365071E-01  1.0000000E-99  1.0000000E-99
  438  3.4092042E+05  1.6528061E+00  1.3112324E+03  2.6346132E+20  1.0028407E+00  1.0000000E-99  1.0000000E-99
  439  3.4170030E+05  1.6565870E+00  1.3142319E+03  2.6284135E+20  1.0121373E+00  1.0000000E-99  1.0000000E-99
  440  3.4248019E+05  1.6603680E+00  1.3172315E+03  2.6221849E+20  1.0215423E+00  1.0000000E-99  1.0000000E-99
  441  3.4326007E+05  1.6641489E+00  1.3202311E+03  2.6159273E+20  1.0310574E+00  1.0000000E-99  1.0000000E-99
  442  3.4403996E+05  1.6679299E+00  1.3232306E+03  2.6096404E+20  1.0406847E+00  1.0000000E-99  1.0000000E-99
  443  3.4481984E+05  1.6717108E+00  1.3262302E+03  2.6033239E+20  1.0504259E+00  1.0000000E-99  1.0000000E-99
  444  3.4559973E+05  1.6754917E+00  1.3292297E+03  2.5969777E+20  1.0602831E+00  1.0000000E-99  1.0000000E-99
  445  3.4637962E+05  1.6792727E+00  1.3322293E+03  2.5906016E+20  1.0702582E+00  1.0000000E-99  1.0000000E-99
  446  3.4715950E+05  1.6830536E+00  1.3352288E+03  2.5841953E+20  1.0803533E+00  1.0000000E-99  1.0000000E-99
  447  3.4793939E+05  1.6868346E+00  1.3382284E+03  2.5777587E+20  1.0905705E+00  1.0000000E-99  1.0000000E-99
  448  3.4871927E+05  1.6906155E+00  1.3412280E+03  2.5712914E+20  1.1009120E+00  1.0000000E-99  1.0000000E-99
  449  3.4949916E+05  1.6943964E+00  1.3442275E+03  2.5647933E+20  1.1113799E+00  1.0000000E-99  1.0000000E-99
  450  3.5027904E+05  1.6981774E+00  1.3472271E+03  2.5582641E+20  1.1219766E+00  1.0000000E-99  1.0000000E-99
  451  3.5105893E+05  1.7019583E+00  1.3502266E+03  2.5517035E+20  1.1327042E+00  1.0000000E-99  1.0000000E-99
  452  3.5183881E+05  1.7057392E+00  1.3532262E+03  2.5451114E+20  1.1435652E+00  1.0000000E-99  1.0000000E-99
  453  3.5261870E+05  1.7095202E+00  1.3562258E+03  2.5384875E+20  1.1545621E+00  1.0000000E-99  1.0000000E-99
  454  3.5339858E+05  1.7133011E+00  1.3592253E+03  2.5318316E+20  1.1656972E+00  1.0000000E-99  1.0000000E-99
  455  3.5417847E+05  1.7170821E+00  1.3622249E+03  2.5251433E+20  1.1769731E+00  1.0000000E-99  1.0000000E-99
  456  3.5495835E+05  1.7208630E+00  1.3652244E+03  2.5184225E+20  1.1883924E+00  1.0000000E-99  1.0000000E-99
  457  3.5573824E+05  1.7246439E+00  1.3682240E+03  2.5116688E+20  1.1999578E+00  1.0000000E-99  1.0000000E-99
  458  3.5651812E+05  1.7284249E+00  1.3712236E+03  2.5048821E+20  1.2116721E+00  1.0000000E-99  1.0000000E-99
  459  3.5729801E+05  1.7322058E+00  1.3742231E+03  2.4980619E+20  1.2235379E+00  1.0000000E-99  1.0000000E-99
  460  3.5807789E+05  1.7359868E+00  1.3772227E+03  2.4912082E+20  1.2355583E+00  1.0000000E-99  1.0000000E-99
  461  3.5885778E+05  1.7397677E+00  1.3802222E+03  2.4843205E+20  1.2477361E+00  1.0000000E-99  1.0000000E-99
  462  3.5963767E+05  1.7435486E+00  1.3832218E+03  2.4773986E+20  1.2600744E+00  1.0000000E-99  1.0000000E-99
  463  3.6041755E+05  1.7473296E+00  1.3862213E+03  2.4704422E+20  1.2725763E+00  1.0000000E-99  1.0000000E-99
  464  3.6119744E+05  1.7511105E+00  1.3892209E+03  2.4634510E+20  1.2852449E+00  1.0000000E-99  1.0000000E-99
  465  3.6197732E+05  1.7548915E+00  1.3922205E+03  2.4564248E+20  1.2980836E+00  1.0000000E-99  1.0000000E-99
  466  3.6275721E+05  1.7586724E+00  1.3952200E+03  2.4493632E+20  1.3110957E+00  1.0000000E-99  1.0000000E-99
  467  3.6353709E+05  1.7624533E+00  1.3982196E+03  2.4422659E+20  1.3242845E+00  1.0000000E-99  1.0000000E-99
  468  3.6431698E+05  1.7662343E+00  1.4012191E+03  2.4351326E+20  1.3376538E+00  1.0000000E-99  1.0000000E-99
  469  3.6509686E+05  1.7700152E+00  1.4042187E+03  2.4279630E+20  1.3512070E+00  1.0000000E-99  1.0000000E-99
  470  3.6587675E+05  1.7737961E+00  1.4072183E+03  2.4207567E+20  1.3649480E+00  1.0000000E-99  1.0000000E-99
  471  3.6665663E+05  1.7775771E+00  1.4102178E+03  2.4135135E+20  1.3788805E+00  1.0000000E-99  1.0000000E-99
  472  3.6743652E+05  1.7813580E+00  1.4132174E+03  2.4062330E+20  1.3930085E+00  1.0000000E-99  1.0000000E-99
  473  3.6821640E+05  1.7851390E+00  1.4162169E+03  2.3989148E+20  1.4073360E+00  1.0000000E-99  1.0000000E-99
  474  3.6899629E+05  1.7889199E+00  1.4192165E+03  2.3915586E+20  1.4218673E+00  1.0000000E-99  1.0000000E-99
  475  3.6977617E+05  1.7927008E+00  1.4222161E+03  2.3841642E+20  1.4366065E+00  1.0000000E-99  1.0000000E-99
  476  3.7055606E+05  1.7964818E+00  1.4252156E+03  2.3767310E+20  1.4515580E+00  1.0000000E-99  1.0000000E-99
  477  3.7133595E+05  1.8002627E+00  1.4282152E+03  2.3692587E+20  1.4667264E+00  1.0000000E-99  1.0000000E-99
  478  3.7211583E+05  1.8040437E+00  1.4312147E+03  2.3617471E+20  1.4821164E+00  1.0000000E-99  1.0000000E-99
  479  3.7289572E+05  1.8078246E+00  1.4342143E+03  2.3541956E+20  1.4977327E+00  1.0000000E-99  1.0000000E-99
  480  3.7367560E+05  1.8116055E+00  1.4372139E+03  2.3466039E+20  1.5135802E+00  1.0000000E-99  1.0000000E-99
  481  3.7445549E+05  1.8153865E+00  1.4402134E+03  2.3389716E+20  1.5296640E+00  1.0000000E-99  1.0000000E-99
  482  3.7523537E+05  1.8191674E+00  1.4432130E+03  2.3312984E+20  1.5459893E+00  1.0000000E-99  1.0000000E-99
  483  3.7601526E+05  1.8229483E+00  1.4462125E+03  2.3235838E+20  1.5625615E+00  1.0000000E-99  1.0000000E-99
  484  3.7679514E+05  1.8267293E+00  1.4492121E+03  2.3158274E+20  1.5793861E+00  1.0000000E-99  1.0000000E-99
  485  3.7757503E+05  1.8305102E+00  1.4522116E+03  2.3080287E+20  1.5964689E+00  1.0000000E-99  1.0000000E-99
  486  3.7835491E+05  1.8342912E+00  1.4552112E+03  2.3001874E+20  1.6138157E+00  1.0000000E-99  1.0000000E-99
  487  3.7913480E+05  1.8380721E+00  1.4582108E+03  2.2923030E+20  1.6314325E+00  1.0000000E-99  1.0000000E-99
  488  3.7991468E+05  1.8418530E+00  1.4612103E+03  2.2843751E+20  1.6493256E+00  1.0000000E-99  1.0000000E-99
  489  3.8069457E+05  1.8456340E+00  1.4642099E+03  2.2764032E+20  1.6675014E+00  1.0000000E-99  1.0000000E-99
  490  3.8147445E+05  1.8494149E+00  1.4672094E+03  2.2683868E+20  1.6859665E+00  1.0000000E-99  1.0000000E-99
  491  3.8225434E+05  1.8531959E+00  1.4702090E+03  2.2603255E+20  1.7047279E+00  1.0000000E-99  1.0000000E-99
  492  3.8303422E+05  1.8569768E+00  1.4732086E+03  2.2522188E+20  1.7237925E+00  1.0000000E-99  1.0000000E-99
  493  3.8381411E+05  1.8607577E+00  1.4762081E+03  2.2440662E+20  1.7431677E+00  1.0000000E-99  1.0000000E-99
  494  3.8459400E+05  1.8645387E+00  1.4792077E+03  2.2358671E+20  1.7628610E+00  1.0000000E-99  1.0000000E-99
  495  3.8537388E+05  1.8683196E+00  1.4822072E+03  2.2276212E+20  1.7828801E+00  1.0000000E-99  1.0000000E-99
  496  3.8615377E+05  1.8721006E+00  1.4852068E+03  2.2193278E+20  1.8032331E+00  1.0000000E-99  1.0000000E-99
  497  3.8693365E+05  1.8758815E+00  1.4882064E+03  2.2109865E+20  1.8239283E+00  1.0000000E-99  1.0000000E-99
  498  3.8771354E+05  1.8796624E+00  1.4912059E+03  2.2025966E+20  1.8449743E+00  1.0000000E-99  1.0000000E-99
  499  3.8849342E+05  1.8834434E+00  1.4942055E+03  2.1941577E+20  1.8663798E+00  1.0000000E-99  1.0000000E-99
  500  3.8927331E+05  1.8872243E+00  1.4972050E+03  2.1856691E+20  1.8881541E+00  1.0000000E-99  1.0000000E-99
  501  3.9005319E+05  1.8910052E+00  1.5002046E+03  2.1771303E+20  1.9103066E+00  1.0000000E-99  1.0000000E-99
  502  3.9083308E+05  1.8947862E+00  1.5032041E+03  2.1685406E+20  1.9328472E+00  1.0000000E-99  1.0000000E-99
  503  3.9161296E+05  1.8985671E+00  1.5062037E+03  2.1598996E+20  1.9557860E+00  1.0000000E-99  1.0000000E-99
  504  3.9239285E+05  1.9023481E+00  1.5092033E+03  2.1512065E+20  1.9791335E+00  1.0000000E-99  1.0000000E-99
  505  3.9317273E+05  1.9061290E+00  1.5122028E+03  2.1424607E+20  2.0029006E+00  1.0000000E-99  1.0000000E-99
  506  3.9395262E+05  1.9099099E+00  1.5152024E+03  2.1336616E+20  2.0270985E+00  1.0000000E-99  1.0000000E-99
  507  3.9473250E+05  1.9136909E+00  1.5182019E+03  2.1248085E+20  2.0517389E+00  1.0000000E-99  1.0000000E-99
  508  3.9551239E+05  1.9174718E+00  1.5212015E+03  2.1159008E+20  2.0768339E+00  1.0000000E-99  1.0000000E-99
  509  3.9629228E+05  1.9212528E+00  1.5242011E+03  2.1069377E+20  2.1023961E+00  1.0000000E-99  1.0000000E-99
  510  3.9707216E+05  1.9250337E+00  1.5272006E+03  2.0979185E+20  2.1284385E+00  1.0000000E-99  1.0000000E-99
  511  3.9785205E+05  1.9288146E+00  1.5302002E+03  2.0888425E+20  2.1549746E+00  1.0000000E-99  1.0000000E-99
  512  3.9863193E+05  1.9325956E+00  1.5331997E+03  2.0797090E+20  2.1820183E+00  1.0000000E-99  1.0000000E-99
  513  3.9941182E+05  1.9363765E+00  1.5361993E+03  2.0705172E+20  2.2095843E+00  1.0000000E-99  1.0000000E-99
  514  4.0019170E+05  1.9401574E+00  1.5391989E+03  2.0612663E+20  2.2376877E+00  1.0000000E-99  1.0000000E-99
  515  4.0097159E+05  1.9439384E+00  1.5421984E+03  2.0519555E+20  2.2663441E+00  1.0000000E-99  1.0000000E-99
  516  4.0175147E+05  1.9477193E+00  1.5451980E+03  2.0425841E+20  2.2955699E+00  1.0000000E-99  1.0000000E-99
  517  4.0253136E+05  1.9515003E+00  1.5481975E+03  2.0331511E+20  2.3253820E+00  1.0000000E-99  1.0000000E-99
  518  4.0331124E+05  1.9552812E+00  1.5511971E+03  2.0236557E+20  2.3557981E+00  1.0000000E-99  1.0000000E-99
  519  4.0409113E+05  1.9590621E+00  1.5541966E+03  2.0140970E+20  2.3868365E+00  1.0000000E-99  1.0000000E-99
  520  4.0487101E+05  1.9628431E+00  1.5571962E+03  2.0044741E+20  2.4185164E+00  1.0000000E-99  1.0000000E-99
  521  4.0565090E+05  1.9666240E+00  1.5601958E+03  1.9947861E+20  2.4508577E+00  1.0000000E-99  1.0000000E-99
  522  4.0643078E+05  1.9704050E+00  1.5631953E+03  1.9850321E+20  2.4838812E+00  1.0000000E-99  1.0000000E-99
  523  4.0721067E+05  1.9741859E+00  1.5661949E+03  1.9752110E+20  2.5176083E+00  1.0000000E-99  1.0000000E-99
  524  4.0799055E+05  1.9779668E+00  1.5691944E+03  1.9653219E+20  2.5520618E+00  1.0000000E-99  1.0000000E-99
  525  4.0877044E+05  1.9817478E+00  1.5721940E+03  1.9553636E+20  2.5872650E+00  1.0000000E-99  1.0000000E-99
  526  4.0955033E+05  1.9855287E+00  1.5751936E+03  1.9453353E+20  2.6232426E+00  1.0000000E-99  1.0000000E-99
  527  4.1033021E+05  1.9893097E+00  1.5781931E+03  1.9352357E+20  2.6600202E+00  1.0000000E-99  1.0000000E-99
  528  4.1111010E+05  1.9930906E+00  1.5811927E+03  1.9250637E+20  2.6976245E+00  1.0000000E-99  1.0000000E-99
  529  4.1188998E+05  1.9968715E+00  1.5841922E+03  1.9148182E+20  2.7360836E+00  1.0000000E-99  1.0000000E-99
  530  4.1266987E+05  2.0006525E+00  1.5871918E+03  1.9044981E+20  2.7754267E+00  1.0000000E-99  1.0000000E-99
  531  4.1344975E+05  2.0044334E+00  1.5901914E+03  1.8941020E+20  2.8156843E+00  1.0000000E-99  1.0000000E-99
  532  4.1422964E+05  2.0082143E+00  1.5931909E+03  1.8836287E+20  2.8568887E+00  1.0000000E-99  1.0000000E-99
  533  4.1500952E+05  2.0119953E+00  1.5961905E+03  1.8730770E+20  2.8990732E+00  1.0000000E-99  1.0000000E-99
  534  4.1578941E+05  2.0157762E+00  1.5991900E+03  1.8624455E+20  2.9422731E+00  1.0000000E-99  1.0000000E-99
  535  4.1656929E+05  2.0195572E+00  1.6021896E+03  1.8517328E+20  2.9865253E+00  1.0000000E-99  1.0000000E-99
  536  4.1734918E+05  2.0233381E+00  1.6051891E+03  1.8409375E+20  3.0318683E+00  1.0000000E-99  1.0000000E-99
  537  4.1812906E+05  2.0271190E+00  1.6081887E+03  1.8300582E+20  3.0783429E+00  1.0000000E-99  1.0000000E-99
  538  4.1890895E+05  2.0309000E+00  1.6111883E+03  1.8190933E+20  3.1259916E+00  1.0000000E-99  1.0000000E-99
  539  4.1968883E+05  2.0346809E+00  1.6141878E+03  1.8080412E+20  3.1748593E+00  1.0000000E-99  1.0000000E-99
  540  4.2046872E+05  2.0384619E+00  1.6171874E+03  1.7969005E+20  3.2249931E+00  1.0000000E-99  1.0000000E-99
  541  4.2124861E+05  2.0422428E+00  1.6201869E+03  1.7856693E+20  3.2764425E+00  1.0000000E-99  1.0000000E-99
  542  4.2202849E+05  2.0460237E+00  1.6231865E+03  1.7743461E+20  3.3292598E+00  1.0000000E-99  1.0000000E-99
  543  4.2280838E+05  2.0498047E+00  1.6261861E+03  1.7629290E+20  3.3834999E+00  1.0000000E-99  1.0000000E-99
  544  4.2358826E+05  2.0535856E+00  1.6291856E+03  1.7514161E+20  3.4392208E+00  1.0000000E-99  1.0000000E-99
  545  4.2436815E+05  2.0573666E+00  1.6321852E+03  1.7398057E+20  3.4964838E+00  1.0000000E-99  1.0000000E-99
  546  4.2514803E+05  2.0611475E+00  1.6351847E+03  1.7280956E+20  3.5553534E+00  1.0000000E-99  1.0000000E-99
  547  4.2592792E+05  2.0649284E+00  1.6381843E+03  1.7162840E+20  3.6158978E+00  1.0000000E-99  1.0000000E-99
  548  4.2670780E+05  2.0687094E+00  1.6411839E+03  1.7043686E+20  3.6781894E+00  1.0000000E-99  1.0000000E-99
  549  4.2748769E+05  2.0724903E+00  1.6441834E+03  1.6923472E+20  3.7423045E+00  1.0000000E-99  1.0000000E-99
  550  4.2826757E+05  2.0762712E+00  1.6471830E+03  1.6802177E+20  3.8083239E+00  1.0000000E-99  1.0000000E-99
  551  4.2904746E+05  2.0800522E+00  1.6501825E+03  1.6679776E+20  3.8763335E+00  1.0000000E-99  1.0000000E-99
  552  4.2982734E+05  2.0838331E+00  1.6531821E+03  1.6556246E+20  3.9464244E+00  1.0000000E-99  1.0000000E-99
  553  4.3060723E+05  2.0876141E+00  1.6561816E+03  1.6431559E+20  4.0186931E+00  1.0000000E-99  1.0000000E-99
  554  4.3138711E+05  2.0913950E+00  1.6591812E+03  1.6305691E+20  4.0932424E+00  1.0000000E-99  1.0000000E-99
  555  4.3216700E+05  2.0951759E+00  1.6621808E+03  1.6178612E+20  4.1701815E+00  1.0000000E-99  1.0000000E-99
  556  4.3294688E+05  2.0989569E+00  1.6651803E+03  1.6050296E+20  4.2496270E+00  1.0000000E-99  1.0000000E-99
  557  4.3372677E+05  2.1027378E+00  1.6681799E+03  1.5920711E+20  4.3317028E+00  1.0000000E-99  1.0000000E-99
  558  4.3450666E+05  2.1065188E+00  1.6711794E+03  1.5789826E+20  4.4165414E+00  1.0000000E-99  1.0000000E-99
  559  4.3528654E+05  2.1102997E+00  1.6741790E+03  1.5657609E+20  4.5042842E+00  1.0000000E-99  1.0000000E-99
  560  4.3606643E+05  2.1140806E+00  1.6771786E+03  1.5524026E+20  4.5950825E+00  1.0000000E-99  1.0000000E-99
  561  4.3684631E+05  2.1178616E+00  1.6801781E+03  1.5389041E+20  4.6890983E+00  1.0000000E-99  1.0000000E-99
  562  4.3762620E+05  2.1216425E+00  1.6831777E+03  1.5252617E+20  4.7865053E+00  1.0000000E-99  1.0000000E-99
  563  4.3840608E+05  2.1254234E+00  1.6861772E+03  1.5114715E+20  4.8874897E+00  1.0000000E-99  1.0000000E-99
  564  4.3918597E+05  2.1292044E+00  1.6891768E+03  1.4975294E+20  4.9922518E+00  1.0000000E-99  1.0000000E-99
  565  4.3996585E+05  2.1329853E+00  1.6921764E+03  1.4834312E+20  5.1010071E+00  1.0000000E-99  1.0000000E-99
  566  4.4074574E+05  2.1367663E+00  1.6951759E+03  1.4691723E+20  5.2139879E+00  1.0000000E-99  1.0000000E-99
  567  4.4152562E+05  2.1405472E+00  1.6981755E+03  1.4547480E+20  5.3314448E+00  1.0000000E-99  1.0000000E-99
  568  4.4230551E+05  2.1443281E+00  1.7011750E+03  1.4401534E+20  5.4536484E+00  1.0000000E-99  1.0000000E-99
  569  4.4308539E+05  2.1481091E+00  1.7041746E+03  1.4253831E+20  5.5808919E+00  1.0000000E-99  1.0000000E-99
  570  4.4386528E+05  2.1518900E+00  1.7071742E+03  1.4104318E+20  5.7134930E+00  1.0000000E-99  1.0000000E-99
  571  4.4464516E+05  2.1556710E+00  1.7101737E+03  1.3952936E+20  5.8517967E+00  1.0000000E-99  1.0000000E-99
  572  4.4542505E+05  2.1594519E+00  1.7131733E+03  1.3799622E+20  5.9961783E+00  1.0000000E-99  1.0000000E-99
  573  4.4620494E+05  2.1632328E+00  1.7161728E+03  1.3644313E+20  6.1470468E+00  1.0000000E-99  1.0000000E-99
  574  4.4698482E+05  2.1670138E+00  1.7191724E+03  1.3486939E+20  6.3048485E+00  1.0000000E-99  1.0000000E-99
  575  4.4776471E+05  2.1707947E+00  1.7221719E+03  1.3327427E+20  6.4700720E+00  1.0000000E-99  1.0000000E-99
  576  4.4854459E+05  2.1745757E+00  1.7251715E+03  1.3165700E+20  6.6432527E+00  1.0000000E-99  1.0000000E-99
  577  4.4932448E+05  2.1783566E+00  1.7281711E+03  1.3001674E+20  6.8249787E+00  1.0000000E-99  1.0000000E-99
  578  4.5010436E+05  2.1821375E+00  1.7311706E+03  1.2835262E+20  7.0158977E+00  1.0000000E-99  1.0000000E-99
  579  4.5088425E+05  2.1859185E+00  1.7341702E+03  1.2666369E+20  7.2167243E+00  1.0000000E-99  1.0000000E-99
  580  4.5166413E+05  2.1896994E+00  1.7371697E+03  1.2494895E+20  7.4282496E+00  1.0000000E-99  1.0000000E-99
  581  4.5244402E+05  2.1934803E+00  1.7401693E+03  1.2320732E+20  7.6513508E+00  1.0000000E-99  1.0000000E-99
  582  4.5322390E+05  2.1972613E+00  1.7431689E+03  1.2143765E+20  7.8870038E+00  1.0000000E-99  1.0000000E-99
  583  4.5400379E+05  2.2010422E+00  1.7461684E+03  1.1963868E+20  8.1362976E+00  1.0000000E-99  1.0000000E-99
  584  4.5478367E+05  2.2048232E+00  1.7491680E+03  1.1780909E+20  8.4004506E+00  1.0000000E-99  1.0000000E-99
  585  4.5556356E+05  2.2086041E+00  1.7521675E+03  1.1594741E+20  8.6808311E+00  1.0000000E-99  1.0000000E-99
  586  4.5634344E+05  2.2123850E+00  1.7551671E+03  1.1405208E+20  8.9789805E+00  1.0000000E-99  1.0000000E-99
  587  4.5712333E+05  2.2161660E+00  1.7581667E+03  1.1212139E+20  9.2966419E+00  1.0000000E-99  1.0000000E-99
  588  4.5790321E+05  2.2199469E+00  1.7611662E+03  1.1015348E+20  9.6357943E+00  1.0000000E-99  1.0000000E-99
  589  4.5868310E+05  2.2237279E+00  1.7641658E+03  1.0814632E+20  9.9986933E+00  1.0000000E-99  1.0000000E-99
  590  4.5946299E+05  2.2275088E+00  1.7671653E+03  1.0609769E+20  1.0387922E+01  1.0000000E-99  1.0000000E-99
  591  4.6024287E+05  2.2312897E+00  1.7701649E+03  1.0400512E+20  1.0806453E+01  1.0000000E-99  1.0000000E-99
  592  4.6102276E+05  2.2350707E+00  1.7731644E+03  1.0186592E+20  1.1257721E+01  1.0000000E-99  1.0000000E-99
  593  4.6180264E+05  2.2388516E+00  1.7761640E+03  9.9677077E+19  1.1745724E+01  1.0000000E-99  1.0000000E-99
  594  4.6258253E+05  2.2426325E+00  1.7791636E+03  9.7435251E+19  1.2275135E+01  1.0000000E-99  1.0000000E-99
  595  4.6336241E+05  2.2464135E+00  1.7821631E+03  9.5136696E+19  1.2851456E+01  1.0000000E-99  1.0000000E-99
  596  4.6414230E+05  2.2501944E+00  1.7851627E+03  9.2777195E+19  1.3481209E+01  1.0000000E-99  1.0000000E-99
  597  4.6492218E+05  2.2539754E+00  1.7881622E+03  9.0351973E+19  1.4172186E+01  1.0000000E-99  1.0000000E-99
  598  4.6570207E+05  2.2577563E+00  1.7911618E+03  8.7855588E+19  1.4933768E+01  1.0000000E-99  1.0000000E-99
  599  4.6648195E+05  2.2615372E+00  1.7941614E+03  8.5281791E+19  1.5777360E+01  1.0000000E-99  1.0000000E-99
  600  4.6726184E+05  2.2653182E+00  1.7971609E+03  8.2623348E+19  1.6716961E+01  1.0000000E-99  1.0000000E-99
  601  4.6804172E+05  2.2690991E+00  1.8001605E+03  7.9871807E+19  1.7769952E+01  1.0000000E-99  1.0000000E-99
  602  4.6882161E+05  2.2728801E+00  1.8031600E+03  7.7017191E+19  1.8958177E+01  1.0000000E-99  1.0000000E-99
  603  4.6960149E+05  2.2766610E+00  1.8061596E+03  7.4047579E+19  2.0309481E+01  1.0000000E-99  1.0000000E-99
  604  4.7038138E+05  2.2804419E+00  1.8091592E+03  7.0948534E+19  2.1859920E+01  1.0000000E-99  1.0000000E-99
  605  4.7116127E+05  2.2842229E+00  1.8121587E+03  6.7702284E+19  2.3657032E+01  1.0000000E-99  1.0000000E-99
  606  4.7194115E+05  2.2880038E+00  1.8151583E+03  6.4286531E+19  2.5764801E+01  1.0000000E-99  1.0000000E-99
  607  4.7272104E+05  2.2917848E+00  1.8181578E+03  6.0672656E+19  2.8271454E+01  1.0000000E-99  1.0000000E-99
  608  4.7350092E+05  2.2955657E+00  1.8211574E+03  5.6822869E+19  3.1302156E+01  1.0000000E-99  1.0000000E-99
  609  4.7428081E+05  2.2993466E+00  1.8241569E+03  5.2685481E+19  3.5040621E+01  1.0000000E-99  1.0000000E-99
  610  4.7506069E+05  2.3031276E+00  1.8271565E+03  4.8186466E+19  3.9767935E+01  1.0000000E-99  1.0000000E-99
  611  4.7584058E+05  2.3069085E+00  1.8301561E+03  4.3213023E+19  4.5937070E+01  1.0000000E-99  1.0000000E-99
  612  4.7662046E+05  2.3106894E+00  1.8331556E+03  3.7577246E+19  5.4328391E+01  1.0000000E-99  1.0000000E-99
  613  4.7740035E+05  2.3144704E+00  1.8361552E+03  3.0919050E+19  6.6412092E+01  1.0000000E-99  1.0000000E-99
  614  4.7818023E+05  2.3182513E+00  1.8391547E+03  2.2342337E+19  8.5333016E+01  1.0000000E-99  1.0000000E-99
  615  4.7896012E+05  2.3220323E+00  1.8421543E+03  6.4518718E+18  1.1928615E+02  1.0000000E-99  1.0000000E-99
  616  4.7974000E+05  2.3258132E+00  1.8451539E+03  2.1507633E-06  1.9904056E+02  1.0000000E-99  1.0000000E-99
  617  4.8051989E+05  2.3295941E+00  1.8481534E+03  2.1507633E-06  1.9904056E+02  1.0000000E-99  1.0000000E-99
  618  4.8129977E+05  2.3333751E+00  1.8511530E+03  2.1507633E-06  1.0000000E-99  1.0000000E-99  1.0000000E-99
  619  4.8207966E+05  2.3371560E+00  1.8541525E+03  2.1507633E-06  1.0000000E-99  1.0000000E-99  1.0000000E-99
  620  4.8285955E+05  2.3409370E+00  1.8571521E+03  2.1507633E-06  1.0000000E-99  1.0000000E-99  1.0000000E-99
  621  4.8363943E+05  2.3447179E+00  1.8601517E+03  2.1507633E-06  1.0000000E-99  1.0000000E-99  1.0000000E-99
  622  4.8441932E+05  2.3484988E+00  1.8631512E+03  2.1507633E-06  1.0000000E-99  1.0000000E-99  1.0000000E-99
  623  4.8519920E+05  2.3522798E+00  1.8661508E+03  2.1507633E-06  1.0000000E-99  1.0000000E-99  1.0000000E-99
  624  4.8597909E+05  2.3560607E+00  1.8691503E+03  2.1507633E-06  1.0000000E-99  1.0000000E-99  1.0000000E-99
  625  4.8675897E+05  2.3598416E+00  1.8721499E+03  2.1507633E-06  1.0000000E-99  1.0000000E-99  1.0000000E-99
  626  4.8753886E+05  2.3636226E+00  1.8751494E+03  2.1507633E-06  1.0000000E-99  1.0000000E-99  1.0000000E-99
  627  4.8831874E+05  2.3674035E+00  1.8781490E+03  2.1507633E-06  1.0000000E-99  1.0000000E-99  1.0000000E-99
  628  4.8909863E+05  2.3711845E+00  1.8811486E+03  2.1507633E-06  1.0000000E-99  1.0000000E-99  1.0000000E-99
  629  4.8987851E+05  2.3749654E+00  1.8841481E+03  2.1507633E-06  1.0000000E-99  1.0000000E-99  1.0000000E-99
  630  4.9065840E+05  2.3787463E+00  1.8871477E+03  2.1507633E-06  1.0000000E-99  1.0000000E-99  1.0000000E-99
  631  4.9143828E+05  2.3825273E+00  1.8901472E+03  2.1507633E-06  1.0000000E-99  1.0000000E-99  1.0000000E-99
  632  4.9221817E+05  2.3863082E+00  1.8931468E+03  2.1507633E-06  1.0000000E-99  1.0000000E-99  1.0000000E-99
  633  4.9299805E+05  2.3900892E+00  1.8961464E+03  2.1507633E-06  1.0000000E-99  1.0000000E-99  1.0000000E-99
  634  4.9377794E+05  2.3938701E+00  1.8991459E+03  2.1507633E-06  1.0000000E-99  1.0000000E-99  1.0000000E-99
  635  4.9455782E+05  2.3976510E+00  1.9021455E+03  2.1507633E-06  1.0000000E-99  1.0000000E-99  1.0000000E-99
  636  4.9533771E+05  2.4014320E+00  1.9051450E+03  2.1507633E-06  1.0000000E-99  1.0000000E-99  1.0000000E-99
  637  4.9611760E+05  2.4052129E+00  1.9081446E+03  2.1507633E-06  1.0000000E-99  1.0000000E-99  1.0000000E-99
  638  4.9689748E+05  2.4089939E+00  1.9111442E+03  2.1507633E-06  1.0000000E-99  1.0000000E-99  1.0000000E-99
  639  4.9767737E+05  2.4127748E+00  1.9141437E+03  2.1507633E-06  1.0000000E-99  1.0000000E-99  1.0000000E-99
  640  4.9845725E+05  2.4165557E+00  1.9171433E+03  2.1507633E-06  1.0000000E-99  1.0000000E-99  1.0000000E-99
  641  4.9923714E+05  2.4203367E+00  1.9201428E+03  2.1507633E-06  1.0000000E-99  1.0000000E-99  1.0000000E-99
  642  5.0001702E+05  2.4241176E+00  1.9231424E+03  2.1507633E-06  1.0000000E-99  1.0000000E-99  1.0000000E-99
  643  5.0079691E+05  2.4278985E+00  1.9261420E+03  2.1507633E-06  1.0000000E-99  1.0000000E-99  1.0000000E-99
  644  5.0157679E+05  2.4316795E+00  1.9291415E+03  2.1507633E-06  1.0000000E-99  1.0000000E-99  1.0000000E-99
  645  5.0235668E+05  2.4354604E+00  1.9321411E+03  2.1507633E-06  1.0000000E-99  1.0000000E-99  1.0000000E-99
  646  5.0313656E+05  2.4392414E+00  1.9351406E+03  2.1507633E-06  1.0000000E-99  1.0000000E-99  1.0000000E-99
  647  5.0391645E+05  2.4430223E+00  1.9381402E+03  2.1507633E-06  1.0000000E-99  1.0000000E-99  1.0000000E-99
  648  5.0469633E+05  2.4468032E+00  1.9411397E+03  2.1507633E-06  1.0000000E-99  1.0000000E-99  1.0000000E-99
  649  5.0547622E+05  2.4505842E+00  1.9441393E+03  2.1507633E-06  1.0000000E-99  1.0000000E-99  1.0000000E-99
  650  5.0625610E+05  2.4543651E+00  1.9471389E+03  2.1507633E-06  1.0000000E-99  1.0000000E-99  1.0000000E-99
  651  5.0703599E+05  2.4581461E+00  1.9501384E+03  2.1507633E-06  1.0000000E-99  1.0000000E-99  1.0000000E-99
  652  5.0781588E+05  2.4619270E+00  1.9531380E+03  2.1507633E-06  1.0000000E-99  1.0000000E-99  1.0000000E-99
  653  5.0859576E+05  2.4657079E+00  1.9561375E+03  2.1507633E-06  1.0000000E-99  1.0000000E-99  1.0000000E-99
  654  5.0937565E+05  2.4694889E+00  1.9591371E+03  2.1507633E-06  1.0000000E-99  1.0000000E-99  1.0000000E-99
  655  5.1015553E+05  2.4732698E+00  1.9621367E+03  2.1507633E-06  1.0000000E-99  1.0000000E-99  1.0000000E-99
  656  5.1093542E+05  2.4770507E+00  1.9651362E+03  2.1507633E-06  1.0000000E-99  1.0000000E-99  1.0000000E-99
  657  5.1171530E+05  2.4808317E+00  1.9681358E+03  2.1507633E-06  1.0000000E-99  1.0000000E-99  1.0000000E-99
  658  5.1249519E+05  2.4846126E+00  1.9711353E+03  2.1507633E-06  1.0000000E-99  1.0000000E-99  1.0000000E-99
  659  5.1327507E+05  2.4883936E+00  1.9741349E+03  2.1507633E-06  1.0000000E-99  1.0000000E-99  1.0000000E-99
  660  5.1405496E+05  2.4921745E+00  1.9771345E+03  2.1507633E-06  1.0000000E-99  1.0000000E-99  1.0000000E-99
  661  5.1483484E+05  2.4959554E+00  1.9801340E+03  2.1507633E-06  1.0000000E-99  1.0000000E-99  1.0000000E-99
  662  5.1561473E+05  2.4997364E+00  1.9831336E+03  2.1507633E-06  1.0000000E-99  1.0000000E-99  1.0000000E-99
  663  5.1639461E+05  2.5035173E+00  1.9861331E+03  2.1507633E-06  1.0000000E-99  1.0000000E-99  1.0000000E-99
  664  5.1717450E+05  2.5072983E+00  1.9891327E+03  2.1507633E-06  1.0000000E-99  1.0000000E-99  1.0000000E-99
  665  5.1795438E+05  2.5110792E+00  1.9921322E+03  2.1507633E-06  1.0000000E-99  1.0000000E-99  1.0000000E-99
  666  5.1873427E+05  2.5148601E+00  1.9951318E+03  2.1507633E-06  1.0000000E-99  1.0000000E-99  1.0000000E-99
  667  5.1951415E+05  2.5186411E+00  1.9981314E+03  2.1507633E-06  1.0000000E-99  1.0000000E-99  1.0000000E-99
  668  5.2029404E+05  2.5224220E+00  2.0011309E+03  2.1507633E-06  1.0000000E-99  1.0000000E-99  1.0000000E-99
  669  5.2107393E+05  2.5262030E+00  2.0041305E+03  2.1507633E-06  1.0000000E-99  1.0000000E-99  1.0000000E-99
  670  5.2185381E+05  2.5299839E+00  2.0071300E+03  2.1507633E-06  1.0000000E-99  1.0000000E-99  1.0000000E-99
  671  5.2263370E+05  2.5337648E+00  2.0101296E+03  2.1507633E-06  1.0000000E-99  1.0000000E-99  1.0000000E-99
  672  5.2341358E+05  2.5375458E+00  2.0131292E+03  2.1507633E-06  1.0000000E-99  1.0000000E-99  1.0000000E-99
  673  5.2419347E+05  2.5413267E+00  2.0161287E+03  2.1507633E-06  1.0000000E-99  1.0000000E-99  1.0000000E-99
  674  5.2497335E+05  2.5451076E+00  2.0191283E+03  2.1507633E-06  1.0000000E-99  1.0000000E-99  1.0000000E-99
  675  5.2575324E+05  2.5488886E+00  2.0221278E+03  2.1507633E-06  1.0000000E-99  1.0000000E-99  1.0000000E-99
