! Date: 14/08/2026  Time: 13:29:12  Created by RADMC3D compiled on Aug 14 2026 12:46    
! Alexander Men’shchikov, DAp IRFU CEA Saclay, France                         
!
! RADIAL PROFILES OF SURFACE DENSITIES (cm^-2)
!
! Distance (pc): 2.60000000E+02  Mass-averaged Tdust (K): 1.64871048E+01
!
!   N   RADIUS(au)     RADIUS(pc)     RADIUS(as)      PROFILE        SLOPE          PROFILEBS      SLOPEBS
!
    1  9.6926164E+01  4.6990484E-04  3.7279294E-01  2.7677559E+21  2.9065336E-03  2.3930387E+21  3.3633475E-03
    2  8.7794235E+02  4.2563261E-03  3.3767013E+00  2.7500853E+21  2.9065336E-03  2.3753681E+21  3.3633475E-03
    3  1.6589585E+03  8.0427474E-03  6.3806097E+00  2.6936261E+21  2.9065336E-03  2.3189089E+21  3.3633475E-03
    4  2.4399747E+03  1.1829169E-02  9.3845181E+00  2.5986630E+21  2.9065336E-03  2.2239458E+21  3.3633475E-03
    5  3.2209909E+03  1.5615590E-02  1.2388427E+01  2.4628032E+21  3.2597112E-02  2.0880860E+21  3.7801660E-02
    6  4.0020071E+03  1.9402011E-02  1.5392335E+01  2.2827745E+21  9.3031128E-02  1.9080573E+21  1.0838262E-01
    7  4.7830233E+03  2.3188432E-02  1.8396243E+01  2.0499747E+21  1.9336198E-01  1.6752575E+21  2.2698905E-01
    8  5.5640394E+03  2.6974854E-02  2.1400152E+01  1.7477062E+21  3.4963696E-01  1.3729890E+21  4.1528951E-01
    9  6.3450556E+03  3.0761275E-02  2.4404060E+01  1.3199239E+21  6.0335449E-01  9.4520669E+20  7.2986883E-01
   10  7.1260718E+03  3.4547696E-02  2.7407968E+01  5.4097101E+20  1.0546887E+00  1.0000000E-99  7.2986883E-01
   11  7.9070880E+03  3.8334117E-02  3.0411877E+01  3.7473621E+20  2.1372433E+00  1.0000000E-99  1.0000000E-99
   12  8.6881042E+03  4.2120539E-02  3.3415785E+01  3.7468118E+20  2.1372433E+00  1.0000000E-99  1.0000000E-99
   13  9.4691204E+03  4.5906960E-02  3.6419694E+01  3.7462022E+20  1.8902712E-03  1.0000000E-99  1.0000000E-99
   14  1.0250137E+04  4.9693381E-02  3.9423602E+01  3.7455431E+20  1.8902712E-03  1.0000000E-99  1.0000000E-99
   15  1.1031153E+04  5.3479802E-02  4.2427510E+01  3.7448343E+20  1.8902712E-03  1.0000000E-99  1.0000000E-99
   16  1.1812169E+04  5.7266224E-02  4.5431419E+01  3.7440694E+20  2.2202883E-03  1.0000000E-99  1.0000000E-99
   17  1.2593185E+04  6.1052645E-02  4.8435327E+01  3.7432516E+20  2.5769927E-03  1.0000000E-99  1.0000000E-99
   18  1.3374201E+04  6.4839066E-02  5.1439236E+01  3.7423808E+20  2.9862291E-03  1.0000000E-99  1.0000000E-99
   19  1.4155217E+04  6.8625487E-02  5.4443144E+01  3.7414570E+20  3.4120647E-03  1.0000000E-99  1.0000000E-99
   20  1.4936234E+04  7.2411909E-02  5.7447052E+01  3.7404802E+20  3.8665699E-03  1.0000000E-99  1.0000000E-99
   21  1.5717250E+04  7.6198330E-02  6.0450961E+01  3.7394503E+20  4.3498219E-03  1.0000000E-99  1.0000000E-99
   22  1.6498266E+04  7.9984751E-02  6.3454869E+01  3.7383672E+20  4.8619032E-03  1.0000000E-99  1.0000000E-99
   23  1.7279282E+04  8.3771172E-02  6.6458778E+01  3.7372310E+20  5.4029009E-03  1.0000000E-99  1.0000000E-99
   24  1.8060298E+04  8.7557594E-02  6.9462686E+01  3.7360416E+20  5.9729077E-03  1.0000000E-99  1.0000000E-99
   25  1.8841315E+04  9.1344015E-02  7.2466594E+01  3.7347989E+20  6.5720209E-03  1.0000000E-99  1.0000000E-99
   26  1.9622331E+04  9.5130436E-02  7.5470503E+01  3.7335029E+20  7.2003435E-03  1.0000000E-99  1.0000000E-99
   27  2.0403347E+04  9.8916857E-02  7.8474411E+01  3.7321536E+20  7.8579832E-03  1.0000000E-99  1.0000000E-99
   28  2.1184363E+04  1.0270328E-01  8.1478320E+01  3.7307507E+20  8.5450534E-03  1.0000000E-99  1.0000000E-99
   29  2.1965379E+04  1.0648970E-01  8.4482228E+01  3.7292944E+20  9.2616725E-03  1.0000000E-99  1.0000000E-99
   30  2.2746395E+04  1.1027612E-01  8.7486136E+01  3.7277846E+20  1.0007964E-02  1.0000000E-99  1.0000000E-99
   31  2.3527412E+04  1.1406254E-01  9.0490045E+01  3.7262211E+20  1.0784058E-02  1.0000000E-99  1.0000000E-99
   32  2.4308428E+04  1.1784896E-01  9.3493953E+01  3.7246039E+20  1.1590089E-02  1.0000000E-99  1.0000000E-99
   33  2.5089444E+04  1.2163538E-01  9.6497862E+01  3.7229330E+20  1.2426197E-02  1.0000000E-99  1.0000000E-99
   34  2.5870460E+04  1.2542181E-01  9.9501770E+01  3.7212082E+20  1.3292529E-02  1.0000000E-99  1.0000000E-99
   35  2.6651476E+04  1.2920823E-01  1.0250568E+02  3.7194295E+20  1.4189234E-02  1.0000000E-99  1.0000000E-99
   36  2.7432493E+04  1.3299465E-01  1.0550959E+02  3.7175969E+20  1.5116472E-02  1.0000000E-99  1.0000000E-99
   37  2.8213509E+04  1.3678107E-01  1.0851350E+02  3.7157101E+20  1.6074404E-02  1.0000000E-99  1.0000000E-99
   38  2.8994525E+04  1.4056749E-01  1.1151740E+02  3.7137693E+20  1.7063201E-02  1.0000000E-99  1.0000000E-99
   39  2.9775541E+04  1.4435391E-01  1.1452131E+02  3.7117742E+20  1.8083036E-02  1.0000000E-99  1.0000000E-99
   40  3.0556557E+04  1.4814033E-01  1.1752522E+02  3.7097248E+20  1.9134090E-02  1.0000000E-99  1.0000000E-99
   41  3.1337573E+04  1.5192676E-01  1.2052913E+02  3.7076209E+20  2.0216551E-02  1.0000000E-99  1.0000000E-99
   42  3.2118590E+04  1.5571318E-01  1.2353304E+02  3.7054626E+20  2.1330613E-02  1.0000000E-99  1.0000000E-99
   43  3.2899606E+04  1.5949960E-01  1.2653695E+02  3.7032497E+20  2.2476473E-02  1.0000000E-99  1.0000000E-99
   44  3.3680622E+04  1.6328602E-01  1.2954085E+02  3.7009821E+20  2.3654338E-02  1.0000000E-99  1.0000000E-99
   45  3.4461638E+04  1.6707244E-01  1.3254476E+02  3.6986596E+20  2.4864421E-02  1.0000000E-99  1.0000000E-99
   46  3.5242654E+04  1.7085886E-01  1.3554867E+02  3.6962823E+20  2.6106940E-02  1.0000000E-99  1.0000000E-99
   47  3.6023671E+04  1.7464528E-01  1.3855258E+02  3.6938500E+20  2.7382121E-02  1.0000000E-99  1.0000000E-99
   48  3.6804687E+04  1.7843170E-01  1.4155649E+02  3.6913626E+20  2.8690196E-02  1.0000000E-99  1.0000000E-99
   49  3.7585703E+04  1.8221813E-01  1.4456040E+02  3.6888199E+20  3.0031404E-02  1.0000000E-99  1.0000000E-99
   50  3.8366719E+04  1.8600455E-01  1.4756430E+02  3.6862219E+20  3.1405992E-02  1.0000000E-99  1.0000000E-99
   51  3.9147735E+04  1.8979097E-01  1.5056821E+02  3.6835685E+20  3.2814212E-02  1.0000000E-99  1.0000000E-99
   52  3.9928751E+04  1.9357739E-01  1.5357212E+02  3.6808594E+20  3.4256326E-02  1.0000000E-99  1.0000000E-99
   53  4.0709768E+04  1.9736381E-01  1.5657603E+02  3.6780947E+20  3.5732600E-02  1.0000000E-99  1.0000000E-99
   54  4.1490784E+04  2.0115023E-01  1.5957994E+02  3.6752741E+20  3.7243312E-02  1.0000000E-99  1.0000000E-99
   55  4.2271800E+04  2.0493665E-01  1.6258385E+02  3.6723976E+20  3.8788742E-02  1.0000000E-99  1.0000000E-99
   56  4.3052816E+04  2.0872307E-01  1.6558775E+02  3.6694650E+20  4.0369183E-02  1.0000000E-99  1.0000000E-99
   57  4.3833832E+04  2.1250950E-01  1.6859166E+02  3.6664762E+20  4.1984933E-02  1.0000000E-99  1.0000000E-99
   58  4.4614849E+04  2.1629592E-01  1.7159557E+02  3.6634310E+20  4.3636299E-02  1.0000000E-99  1.0000000E-99
   59  4.5395865E+04  2.2008234E-01  1.7459948E+02  3.6603294E+20  4.5323594E-02  1.0000000E-99  1.0000000E-99
   60  4.6176881E+04  2.2386876E-01  1.7760339E+02  3.6571711E+20  4.7047144E-02  1.0000000E-99  1.0000000E-99
   61  4.6957897E+04  2.2765518E-01  1.8060730E+02  3.6539560E+20  4.8807279E-02  1.0000000E-99  1.0000000E-99
   62  4.7738913E+04  2.3144160E-01  1.8361121E+02  3.6506839E+20  5.0604339E-02  1.0000000E-99  1.0000000E-99
   63  4.8519930E+04  2.3522802E-01  1.8661511E+02  3.6473548E+20  5.2438675E-02  1.0000000E-99  1.0000000E-99
   64  4.9300946E+04  2.3901444E-01  1.8961902E+02  3.6439684E+20  5.4310645E-02  1.0000000E-99  1.0000000E-99
   65  5.0081962E+04  2.4280087E-01  1.9262293E+02  3.6405246E+20  5.6220616E-02  1.0000000E-99  1.0000000E-99
   66  5.0862978E+04  2.4658729E-01  1.9562684E+02  3.6370233E+20  5.8168965E-02  1.0000000E-99  1.0000000E-99
   67  5.1643994E+04  2.5037371E-01  1.9863075E+02  3.6334642E+20  6.0156079E-02  1.0000000E-99  1.0000000E-99
   68  5.2425010E+04  2.5416013E-01  2.0163466E+02  3.6298472E+20  6.2182355E-02  1.0000000E-99  1.0000000E-99
   69  5.3206027E+04  2.5794655E-01  2.0463856E+02  3.6261721E+20  6.4248198E-02  1.0000000E-99  1.0000000E-99
   70  5.3987043E+04  2.6173297E-01  2.0764247E+02  3.6224388E+20  6.6354026E-02  1.0000000E-99  1.0000000E-99
   71  5.4768059E+04  2.6551939E-01  2.1064638E+02  3.6186470E+20  6.8500266E-02  1.0000000E-99  1.0000000E-99
   72  5.5549075E+04  2.6930581E-01  2.1365029E+02  3.6147966E+20  7.0687356E-02  1.0000000E-99  1.0000000E-99
   73  5.6330091E+04  2.7309224E-01  2.1665420E+02  3.6108874E+20  7.2915744E-02  1.0000000E-99  1.0000000E-99
   74  5.7111108E+04  2.7687866E-01  2.1965811E+02  3.6069192E+20  7.5185891E-02  1.0000000E-99  1.0000000E-99
   75  5.7892124E+04  2.8066508E-01  2.2266201E+02  3.6028918E+20  7.7498269E-02  1.0000000E-99  1.0000000E-99
   76  5.8673140E+04  2.8445150E-01  2.2566592E+02  3.5988050E+20  7.9853360E-02  1.0000000E-99  1.0000000E-99
   77  5.9454156E+04  2.8823792E-01  2.2866983E+02  3.5946586E+20  8.2251660E-02  1.0000000E-99  1.0000000E-99
   78  6.0235172E+04  2.9202434E-01  2.3167374E+02  3.5904524E+20  8.4693677E-02  1.0000000E-99  1.0000000E-99
   79  6.1016188E+04  2.9581076E-01  2.3467765E+02  3.5861862E+20  8.7179930E-02  1.0000000E-99  1.0000000E-99
   80  6.1797205E+04  2.9959718E-01  2.3768156E+02  3.5818597E+20  8.9710953E-02  1.0000000E-99  1.0000000E-99
   81  6.2578221E+04  3.0338361E-01  2.4068546E+02  3.5774728E+20  9.2287291E-02  1.0000000E-99  1.0000000E-99
   82  6.3359237E+04  3.0717003E-01  2.4368937E+02  3.5730253E+20  9.4909505E-02  1.0000000E-99  1.0000000E-99
   83  6.4140253E+04  3.1095645E-01  2.4669328E+02  3.5685168E+20  9.7578167E-02  1.0000000E-99  1.0000000E-99
   84  6.4921269E+04  3.1474287E-01  2.4969719E+02  3.5639473E+20  1.0029387E-01  1.0000000E-99  1.0000000E-99
   85  6.5702286E+04  3.1852929E-01  2.5270110E+02  3.5593163E+20  1.0305720E-01  1.0000000E-99  1.0000000E-99
   86  6.6483302E+04  3.2231571E-01  2.5570501E+02  3.5546238E+20  1.0586880E-01  1.0000000E-99  1.0000000E-99
   87  6.7264318E+04  3.2610213E-01  2.5870891E+02  3.5498694E+20  1.0872928E-01  1.0000000E-99  1.0000000E-99
   88  6.8045334E+04  3.2988855E-01  2.6171282E+02  3.5450529E+20  1.1163930E-01  1.0000000E-99  1.0000000E-99
   89  6.8826350E+04  3.3367498E-01  2.6471673E+02  3.5401741E+20  1.1459951E-01  1.0000000E-99  1.0000000E-99
   90  6.9607366E+04  3.3746140E-01  2.6772064E+02  3.5352326E+20  1.1761061E-01  1.0000000E-99  1.0000000E-99
   91  7.0388383E+04  3.4124782E-01  2.7072455E+02  3.5302283E+20  1.2067329E-01  1.0000000E-99  1.0000000E-99
   92  7.1169399E+04  3.4503424E-01  2.7372846E+02  3.5251609E+20  1.2378826E-01  1.0000000E-99  1.0000000E-99
   93  7.1950415E+04  3.4882066E-01  2.7673237E+02  3.5200300E+20  1.2695626E-01  1.0000000E-99  1.0000000E-99
   94  7.2731431E+04  3.5260708E-01  2.7973627E+02  3.5148355E+20  1.3017804E-01  1.0000000E-99  1.0000000E-99
   95  7.3512447E+04  3.5639350E-01  2.8274018E+02  3.5095769E+20  1.3345436E-01  1.0000000E-99  1.0000000E-99
   96  7.4293464E+04  3.6017992E-01  2.8574409E+02  3.5042542E+20  1.3678602E-01  1.0000000E-99  1.0000000E-99
   97  7.5074480E+04  3.6396635E-01  2.8874800E+02  3.4988668E+20  1.4017383E-01  1.0000000E-99  1.0000000E-99
   98  7.5855496E+04  3.6775277E-01  2.9175191E+02  3.4934147E+20  1.4361861E-01  1.0000000E-99  1.0000000E-99
   99  7.6636512E+04  3.7153919E-01  2.9475582E+02  3.4878973E+20  1.4712122E-01  1.0000000E-99  1.0000000E-99
  100  7.7417528E+04  3.7532561E-01  2.9775972E+02  3.4823145E+20  1.5068253E-01  1.0000000E-99  1.0000000E-99
  101  7.8198544E+04  3.7911203E-01  3.0076363E+02  3.4766660E+20  1.5430343E-01  1.0000000E-99  1.0000000E-99
  102  7.8979561E+04  3.8289845E-01  3.0376754E+02  3.4709513E+20  1.5798484E-01  1.0000000E-99  1.0000000E-99
  103  7.9760577E+04  3.8668487E-01  3.0677145E+02  3.4651702E+20  1.6172770E-01  1.0000000E-99  1.0000000E-99
  104  8.0541593E+04  3.9047129E-01  3.0977536E+02  3.4593223E+20  1.6553298E-01  1.0000000E-99  1.0000000E-99
  105  8.1322609E+04  3.9425772E-01  3.1277927E+02  3.4534073E+20  1.6940167E-01  1.0000000E-99  1.0000000E-99
  106  8.2103625E+04  3.9804414E-01  3.1578317E+02  3.4474249E+20  1.7333478E-01  1.0000000E-99  1.0000000E-99
  107  8.2884642E+04  4.0183056E-01  3.1878708E+02  3.4413747E+20  1.7733336E-01  1.0000000E-99  1.0000000E-99
  108  8.3665658E+04  4.0561698E-01  3.2179099E+02  3.4352563E+20  1.8139846E-01  1.0000000E-99  1.0000000E-99
  109  8.4446674E+04  4.0940340E-01  3.2479490E+02  3.4290694E+20  1.8553120E-01  1.0000000E-99  1.0000000E-99
  110  8.5227690E+04  4.1318982E-01  3.2779881E+02  3.4228137E+20  1.8973270E-01  1.0000000E-99  1.0000000E-99
  111  8.6008706E+04  4.1697624E-01  3.3080272E+02  3.4164886E+20  1.9400411E-01  1.0000000E-99  1.0000000E-99
  112  8.6789722E+04  4.2076266E-01  3.3380662E+02  3.4100939E+20  1.9834662E-01  1.0000000E-99  1.0000000E-99
  113  8.7570739E+04  4.2454909E-01  3.3681053E+02  3.4036291E+20  2.0276145E-01  1.0000000E-99  1.0000000E-99
  114  8.8351755E+04  4.2833551E-01  3.3981444E+02  3.3970939E+20  2.0724985E-01  1.0000000E-99  1.0000000E-99
  115  8.9132771E+04  4.3212193E-01  3.4281835E+02  3.3904879E+20  2.1181310E-01  1.0000000E-99  1.0000000E-99
  116  8.9913787E+04  4.3590835E-01  3.4582226E+02  3.3838106E+20  2.1645253E-01  1.0000000E-99  1.0000000E-99
  117  9.0694803E+04  4.3969477E-01  3.4882617E+02  3.3770615E+20  2.2116949E-01  1.0000000E-99  1.0000000E-99
  118  9.1475820E+04  4.4348119E-01  3.5183008E+02  3.3702404E+20  2.2596536E-01  1.0000000E-99  1.0000000E-99
  119  9.2256836E+04  4.4726761E-01  3.5483398E+02  3.3633467E+20  2.3084159E-01  1.0000000E-99  1.0000000E-99
  120  9.3037852E+04  4.5105403E-01  3.5783789E+02  3.3563799E+20  2.3579964E-01  1.0000000E-99  1.0000000E-99
  121  9.3818868E+04  4.5484046E-01  3.6084180E+02  3.3493398E+20  2.4084103E-01  1.0000000E-99  1.0000000E-99
  122  9.4599884E+04  4.5862688E-01  3.6384571E+02  3.3422256E+20  2.4596730E-01  1.0000000E-99  1.0000000E-99
  123  9.5380900E+04  4.6241330E-01  3.6684962E+02  3.3350371E+20  2.5118005E-01  1.0000000E-99  1.0000000E-99
  124  9.6161917E+04  4.6619972E-01  3.6985353E+02  3.3277737E+20  2.5648092E-01  1.0000000E-99  1.0000000E-99
  125  9.6942933E+04  4.6998614E-01  3.7285743E+02  3.3204349E+20  2.6187161E-01  1.0000000E-99  1.0000000E-99
  126  9.7723949E+04  4.7377256E-01  3.7586134E+02  3.3130203E+20  2.6735384E-01  1.0000000E-99  1.0000000E-99
  127  9.8504965E+04  4.7755898E-01  3.7886525E+02  3.3055292E+20  2.7292941E-01  1.0000000E-99  1.0000000E-99
  128  9.9285981E+04  4.8134540E-01  3.8186916E+02  3.2979613E+20  2.7860015E-01  1.0000000E-99  1.0000000E-99
  129  1.0006700E+05  4.8513183E-01  3.8487307E+02  3.2903159E+20  2.8436795E-01  1.0000000E-99  1.0000000E-99
  130  1.0084801E+05  4.8891825E-01  3.8787698E+02  3.2825925E+20  2.9023476E-01  1.0000000E-99  1.0000000E-99
  131  1.0162903E+05  4.9270467E-01  3.9088088E+02  3.2747906E+20  2.9620258E-01  1.0000000E-99  1.0000000E-99
  132  1.0241005E+05  4.9649109E-01  3.9388479E+02  3.2669096E+20  3.0227348E-01  1.0000000E-99  1.0000000E-99
  133  1.0319106E+05  5.0027751E-01  3.9688870E+02  3.2589489E+20  3.0844957E-01  1.0000000E-99  1.0000000E-99
  134  1.0397208E+05  5.0406393E-01  3.9989261E+02  3.2509080E+20  3.1473305E-01  1.0000000E-99  1.0000000E-99
  135  1.0475309E+05  5.0785035E-01  4.0289652E+02  3.2427862E+20  3.2112617E-01  1.0000000E-99  1.0000000E-99
  136  1.0553411E+05  5.1163677E-01  4.0590043E+02  3.2345830E+20  3.2763125E-01  1.0000000E-99  1.0000000E-99
  137  1.0631513E+05  5.1542320E-01  4.0890433E+02  3.2262976E+20  3.3425069E-01  1.0000000E-99  1.0000000E-99
  138  1.0709614E+05  5.1920962E-01  4.1190824E+02  3.2179296E+20  3.4098694E-01  1.0000000E-99  1.0000000E-99
  139  1.0787716E+05  5.2299604E-01  4.1491215E+02  3.2094782E+20  3.4784256E-01  1.0000000E-99  1.0000000E-99
  140  1.0865818E+05  5.2678246E-01  4.1791606E+02  3.2009428E+20  3.5482016E-01  1.0000000E-99  1.0000000E-99
  141  1.0943919E+05  5.3056888E-01  4.2091997E+02  3.1923227E+20  3.6192246E-01  1.0000000E-99  1.0000000E-99
  142  1.1022021E+05  5.3435530E-01  4.2392388E+02  3.1836172E+20  3.6915223E-01  1.0000000E-99  1.0000000E-99
  143  1.1100122E+05  5.3814172E-01  4.2692779E+02  3.1748256E+20  3.7651236E-01  1.0000000E-99  1.0000000E-99
  144  1.1178224E+05  5.4192814E-01  4.2993169E+02  3.1659472E+20  3.8400582E-01  1.0000000E-99  1.0000000E-99
  145  1.1256326E+05  5.4571457E-01  4.3293560E+02  3.1569813E+20  3.9163569E-01  1.0000000E-99  1.0000000E-99
  146  1.1334427E+05  5.4950099E-01  4.3593951E+02  3.1479270E+20  3.9940511E-01  1.0000000E-99  1.0000000E-99
  147  1.1412529E+05  5.5328741E-01  4.3894342E+02  3.1387838E+20  4.0731738E-01  1.0000000E-99  1.0000000E-99
  148  1.1490631E+05  5.5707383E-01  4.4194733E+02  3.1295507E+20  4.1537586E-01  1.0000000E-99  1.0000000E-99
  149  1.1568732E+05  5.6086025E-01  4.4495124E+02  3.1202270E+20  4.2358404E-01  1.0000000E-99  1.0000000E-99
  150  1.1646834E+05  5.6464667E-01  4.4795514E+02  3.1108118E+20  4.3194555E-01  1.0000000E-99  1.0000000E-99
  151  1.1724935E+05  5.6843309E-01  4.5095905E+02  3.1013044E+20  4.4046411E-01  1.0000000E-99  1.0000000E-99
  152  1.1803037E+05  5.7221951E-01  4.5396296E+02  3.0917038E+20  4.4914357E-01  1.0000000E-99  1.0000000E-99
  153  1.1881139E+05  5.7600594E-01  4.5696687E+02  3.0820093E+20  4.5798794E-01  1.0000000E-99  1.0000000E-99
  154  1.1959240E+05  5.7979236E-01  4.5997078E+02  3.0722198E+20  4.6700133E-01  1.0000000E-99  1.0000000E-99
  155  1.2037342E+05  5.8357878E-01  4.6297469E+02  3.0623346E+20  4.7618804E-01  1.0000000E-99  1.0000000E-99
  156  1.2115443E+05  5.8736520E-01  4.6597859E+02  3.0523526E+20  4.8555247E-01  1.0000000E-99  1.0000000E-99
  157  1.2193545E+05  5.9115162E-01  4.6898250E+02  3.0422730E+20  4.9509922E-01  1.0000000E-99  1.0000000E-99
  158  1.2271647E+05  5.9493804E-01  4.7198641E+02  3.0320947E+20  5.0483303E-01  1.0000000E-99  1.0000000E-99
  159  1.2349748E+05  5.9872446E-01  4.7499032E+02  3.0218167E+20  5.1475882E-01  1.0000000E-99  1.0000000E-99
  160  1.2427850E+05  6.0251088E-01  4.7799423E+02  3.0114381E+20  5.2488169E-01  1.0000000E-99  1.0000000E-99
  161  1.2505952E+05  6.0629731E-01  4.8099814E+02  3.0009578E+20  5.3520693E-01  1.0000000E-99  1.0000000E-99
  162  1.2584053E+05  6.1008373E-01  4.8400204E+02  2.9903747E+20  5.4574001E-01  1.0000000E-99  1.0000000E-99
  163  1.2662155E+05  6.1387015E-01  4.8700595E+02  2.9796877E+20  5.5648663E-01  1.0000000E-99  1.0000000E-99
  164  1.2740256E+05  6.1765657E-01  4.9000986E+02  2.9688957E+20  5.6745269E-01  1.0000000E-99  1.0000000E-99
  165  1.2818358E+05  6.2144299E-01  4.9301377E+02  2.9579976E+20  5.7864432E-01  1.0000000E-99  1.0000000E-99
  166  1.2896460E+05  6.2522941E-01  4.9601768E+02  2.9469921E+20  5.9006789E-01  1.0000000E-99  1.0000000E-99
  167  1.2974561E+05  6.2901583E-01  4.9902159E+02  2.9358781E+20  6.0173000E-01  1.0000000E-99  1.0000000E-99
  168  1.3052663E+05  6.3280225E-01  5.0202550E+02  2.9246543E+20  6.1363752E-01  1.0000000E-99  1.0000000E-99
  169  1.3130764E+05  6.3658868E-01  5.0502940E+02  2.9133195E+20  6.2579762E-01  1.0000000E-99  1.0000000E-99
  170  1.3208866E+05  6.4037510E-01  5.0803331E+02  2.9018724E+20  6.3821770E-01  1.0000000E-99  1.0000000E-99
  171  1.3286968E+05  6.4416152E-01  5.1103722E+02  2.8903115E+20  6.5090551E-01  1.0000000E-99  1.0000000E-99
  172  1.3365069E+05  6.4794794E-01  5.1404113E+02  2.8786357E+20  6.6386909E-01  1.0000000E-99  1.0000000E-99
  173  1.3443171E+05  6.5173436E-01  5.1704504E+02  2.8668433E+20  6.7711683E-01  1.0000000E-99  1.0000000E-99
  174  1.3521273E+05  6.5552078E-01  5.2004895E+02  2.8549331E+20  6.9065744E-01  1.0000000E-99  1.0000000E-99
  175  1.3599374E+05  6.5930720E-01  5.2305285E+02  2.8429035E+20  7.0450002E-01  1.0000000E-99  1.0000000E-99
  176  1.3677476E+05  6.6309362E-01  5.2605676E+02  2.8307530E+20  7.1865406E-01  1.0000000E-99  1.0000000E-99
  177  1.3755577E+05  6.6688005E-01  5.2906067E+02  2.8184800E+20  7.3312944E-01  1.0000000E-99  1.0000000E-99
  178  1.3833679E+05  6.7066647E-01  5.3206458E+02  2.8060830E+20  7.4793649E-01  1.0000000E-99  1.0000000E-99
  179  1.3911781E+05  6.7445289E-01  5.3506849E+02  2.7935603E+20  7.6308598E-01  1.0000000E-99  1.0000000E-99
  180  1.3989882E+05  6.7823931E-01  5.3807240E+02  2.7809101E+20  7.7858915E-01  1.0000000E-99  1.0000000E-99
  181  1.4067984E+05  6.8202573E-01  5.4107630E+02  2.7681308E+20  7.9445776E-01  1.0000000E-99  1.0000000E-99
  182  1.4146086E+05  6.8581215E-01  5.4408021E+02  2.7552205E+20  8.1070411E-01  1.0000000E-99  1.0000000E-99
  183  1.4224187E+05  6.8959857E-01  5.4708412E+02  2.7421774E+20  8.2734105E-01  1.0000000E-99  1.0000000E-99
  184  1.4302289E+05  6.9338499E-01  5.5008803E+02  2.7289995E+20  8.4438202E-01  1.0000000E-99  1.0000000E-99
  185  1.4380390E+05  6.9717142E-01  5.5309194E+02  2.7156850E+20  8.6184110E-01  1.0000000E-99  1.0000000E-99
  186  1.4458492E+05  7.0095784E-01  5.5609585E+02  2.7022318E+20  8.7973306E-01  1.0000000E-99  1.0000000E-99
  187  1.4536594E+05  7.0474426E-01  5.5909975E+02  2.6886378E+20  8.9807335E-01  1.0000000E-99  1.0000000E-99
  188  1.4614695E+05  7.0853068E-01  5.6210366E+02  2.6749009E+20  9.1687818E-01  1.0000000E-99  1.0000000E-99
  189  1.4692797E+05  7.1231710E-01  5.6510757E+02  2.6610189E+20  9.3616456E-01  1.0000000E-99  1.0000000E-99
  190  1.4770898E+05  7.1610352E-01  5.6811148E+02  2.6469894E+20  9.5595036E-01  1.0000000E-99  1.0000000E-99
  191  1.4849000E+05  7.1988994E-01  5.7111539E+02  2.6328101E+20  9.7625433E-01  1.0000000E-99  1.0000000E-99
  192  1.4927102E+05  7.2367636E-01  5.7411930E+02  2.6184787E+20  9.9709620E-01  1.0000000E-99  1.0000000E-99
  193  1.5005203E+05  7.2746279E-01  5.7712320E+02  2.6039925E+20  1.0184967E+00  1.0000000E-99  1.0000000E-99
  194  1.5083305E+05  7.3124921E-01  5.8012711E+02  2.5893489E+20  1.0404777E+00  1.0000000E-99  1.0000000E-99
  195  1.5161407E+05  7.3503563E-01  5.8313102E+02  2.5745454E+20  1.0630621E+00  1.0000000E-99  1.0000000E-99
  196  1.5239508E+05  7.3882205E-01  5.8613493E+02  2.5595791E+20  1.0862743E+00  1.0000000E-99  1.0000000E-99
  197  1.5317610E+05  7.4260847E-01  5.8913884E+02  2.5444471E+20  1.1101397E+00  1.0000000E-99  1.0000000E-99
  198  1.5395711E+05  7.4639489E-01  5.9214275E+02  2.5291465E+20  1.1346853E+00  1.0000000E-99  1.0000000E-99
  199  1.5473813E+05  7.5018131E-01  5.9514666E+02  2.5136742E+20  1.1599396E+00  1.0000000E-99  1.0000000E-99
  200  1.5551915E+05  7.5396773E-01  5.9815056E+02  2.4980270E+20  1.1859327E+00  1.0000000E-99  1.0000000E-99
  201  1.5630016E+05  7.5775416E-01  6.0115447E+02  2.4822016E+20  1.2126964E+00  1.0000000E-99  1.0000000E-99
  202  1.5708118E+05  7.6154058E-01  6.0415838E+02  2.4661945E+20  1.2402645E+00  1.0000000E-99  1.0000000E-99
  203  1.5786220E+05  7.6532700E-01  6.0716229E+02  2.4500022E+20  1.2686727E+00  1.0000000E-99  1.0000000E-99
  204  1.5864321E+05  7.6911342E-01  6.1016620E+02  2.4336211E+20  1.2979588E+00  1.0000000E-99  1.0000000E-99
  205  1.5942423E+05  7.7289984E-01  6.1317011E+02  2.4170472E+20  1.3281630E+00  1.0000000E-99  1.0000000E-99
  206  1.6020524E+05  7.7668626E-01  6.1617401E+02  2.4002766E+20  1.3593280E+00  1.0000000E-99  1.0000000E-99
  207  1.6098626E+05  7.8047268E-01  6.1917792E+02  2.3833051E+20  1.3914992E+00  1.0000000E-99  1.0000000E-99
  208  1.6176728E+05  7.8425910E-01  6.2218183E+02  2.3661283E+20  1.4247249E+00  1.0000000E-99  1.0000000E-99
  209  1.6254829E+05  7.8804553E-01  6.2518574E+02  2.3487419E+20  1.4590566E+00  1.0000000E-99  1.0000000E-99
  210  1.6332931E+05  7.9183195E-01  6.2818965E+02  2.3311411E+20  1.4945491E+00  1.0000000E-99  1.0000000E-99
  211  1.6411032E+05  7.9561837E-01  6.3119356E+02  2.3133210E+20  1.5312609E+00  1.0000000E-99  1.0000000E-99
  212  1.6489134E+05  7.9940479E-01  6.3419746E+02  2.2952765E+20  1.5692548E+00  1.0000000E-99  1.0000000E-99
  213  1.6567236E+05  8.0319121E-01  6.3720137E+02  2.2770023E+20  1.6085976E+00  1.0000000E-99  1.0000000E-99
  214  1.6645337E+05  8.0697763E-01  6.4020528E+02  2.2584927E+20  1.6493610E+00  1.0000000E-99  1.0000000E-99
  215  1.6723439E+05  8.1076405E-01  6.4320919E+02  2.2397420E+20  1.6916219E+00  1.0000000E-99  1.0000000E-99
  216  1.6801541E+05  8.1455047E-01  6.4621310E+02  2.2207441E+20  1.7354630E+00  1.0000000E-99  1.0000000E-99
  217  1.6879642E+05  8.1833690E-01  6.4921701E+02  2.2014924E+20  1.7809730E+00  1.0000000E-99  1.0000000E-99
  218  1.6957744E+05  8.2212332E-01  6.5222091E+02  2.1819805E+20  1.8282474E+00  1.0000000E-99  1.0000000E-99
  219  1.7035845E+05  8.2590974E-01  6.5522482E+02  2.1622011E+20  1.8773892E+00  1.0000000E-99  1.0000000E-99
  220  1.7113947E+05  8.2969616E-01  6.5822873E+02  2.1421468E+20  1.9285097E+00  1.0000000E-99  1.0000000E-99
  221  1.7192049E+05  8.3348258E-01  6.6123264E+02  2.1218100E+20  1.9817290E+00  1.0000000E-99  1.0000000E-99
  222  1.7270150E+05  8.3726900E-01  6.6423655E+02  2.1011823E+20  2.0371773E+00  1.0000000E-99  1.0000000E-99
  223  1.7348252E+05  8.4105542E-01  6.6724046E+02  2.0802552E+20  2.0949959E+00  1.0000000E-99  1.0000000E-99
  224  1.7426353E+05  8.4484184E-01  6.7024437E+02  2.0590195E+20  2.1553379E+00  1.0000000E-99  1.0000000E-99
  225  1.7504455E+05  8.4862827E-01  6.7324827E+02  2.0374655E+20  2.2183705E+00  1.0000000E-99  1.0000000E-99
  226  1.7582557E+05  8.5241469E-01  6.7625218E+02  2.0155830E+20  2.2842755E+00  1.0000000E-99  1.0000000E-99
  227  1.7660658E+05  8.5620111E-01  6.7925609E+02  1.9933613E+20  2.3532518E+00  1.0000000E-99  1.0000000E-99
  228  1.7738760E+05  8.5998753E-01  6.8226000E+02  1.9707887E+20  2.4255169E+00  1.0000000E-99  1.0000000E-99
  229  1.7816862E+05  8.6377395E-01  6.8526391E+02  1.9478533E+20  2.5013096E+00  1.0000000E-99  1.0000000E-99
  230  1.7894963E+05  8.6756037E-01  6.8826782E+02  1.9245419E+20  2.5808920E+00  1.0000000E-99  1.0000000E-99
  231  1.7973065E+05  8.7134679E-01  6.9127172E+02  1.9008407E+20  2.6645534E+00  1.0000000E-99  1.0000000E-99
  232  1.8051166E+05  8.7513321E-01  6.9427563E+02  1.8767350E+20  2.7526129E+00  1.0000000E-99  1.0000000E-99
  233  1.8129268E+05  8.7891964E-01  6.9727954E+02  1.8522090E+20  2.8454239E+00  1.0000000E-99  1.0000000E-99
  234  1.8207370E+05  8.8270606E-01  7.0028345E+02  1.8272458E+20  2.9433789E+00  1.0000000E-99  1.0000000E-99
  235  1.8285471E+05  8.8649248E-01  7.0328736E+02  1.8018271E+20  3.0469147E+00  1.0000000E-99  1.0000000E-99
  236  1.8363573E+05  8.9027890E-01  7.0629127E+02  1.7759335E+20  3.1565191E+00  1.0000000E-99  1.0000000E-99
  237  1.8441675E+05  8.9406532E-01  7.0929517E+02  1.7495437E+20  3.2727384E+00  1.0000000E-99  1.0000000E-99
  238  1.8519776E+05  8.9785174E-01  7.1229908E+02  1.7226352E+20  3.3961867E+00  1.0000000E-99  1.0000000E-99
  239  1.8597878E+05  9.0163816E-01  7.1530299E+02  1.6951830E+20  3.5275564E+00  1.0000000E-99  1.0000000E-99
  240  1.8675979E+05  9.0542458E-01  7.1830690E+02  1.6671604E+20  3.6676314E+00  1.0000000E-99  1.0000000E-99
  241  1.8754081E+05  9.0921101E-01  7.2131081E+02  1.6385382E+20  3.8173027E+00  1.0000000E-99  1.0000000E-99
  242  1.8832183E+05  9.1299743E-01  7.2431472E+02  1.6092842E+20  3.9775868E+00  1.0000000E-99  1.0000000E-99
  243  1.8910284E+05  9.1678385E-01  7.2731862E+02  1.5793635E+20  4.1496496E+00  1.0000000E-99  1.0000000E-99
  244  1.8988386E+05  9.2057027E-01  7.3032253E+02  1.5487373E+20  4.3348341E+00  1.0000000E-99  1.0000000E-99
  245  1.9066487E+05  9.2435669E-01  7.3332644E+02  1.5173630E+20  4.5346956E+00  1.0000000E-99  1.0000000E-99
  246  1.9144589E+05  9.2814311E-01  7.3633035E+02  1.4851931E+20  4.7510453E+00  1.0000000E-99  1.0000000E-99
  247  1.9222691E+05  9.3192953E-01  7.3933426E+02  1.4521748E+20  4.9860054E+00  1.0000000E-99  1.0000000E-99
  248  1.9300792E+05  9.3571595E-01  7.4233817E+02  1.4182488E+20  5.2420790E+00  1.0000000E-99  1.0000000E-99
  249  1.9378894E+05  9.3950238E-01  7.4534208E+02  1.3833483E+20  5.5222387E+00  1.0000000E-99  1.0000000E-99
  250  1.9456996E+05  9.4328880E-01  7.4834598E+02  1.3473977E+20  5.8300433E+00  1.0000000E-99  1.0000000E-99
  251  1.9535097E+05  9.4707522E-01  7.5134989E+02  1.3103104E+20  6.1697891E+00  1.0000000E-99  1.0000000E-99
  252  1.9613199E+05  9.5086164E-01  7.5435380E+02  1.2719871E+20  6.5467116E+00  1.0000000E-99  1.0000000E-99
  253  1.9691300E+05  9.5464806E-01  7.5735771E+02  1.2323124E+20  6.9672568E+00  1.0000000E-99  1.0000000E-99
  254  1.9769402E+05  9.5843448E-01  7.6036162E+02  1.1911514E+20  7.4394534E+00  1.0000000E-99  1.0000000E-99
  255  1.9847504E+05  9.6222090E-01  7.6336553E+02  1.1483441E+20  7.9734296E+00  1.0000000E-99  1.0000000E-99
  256  1.9925605E+05  9.6600732E-01  7.6636943E+02  1.1036991E+20  8.5821482E+00  1.0000000E-99  1.0000000E-99
  257  2.0003707E+05  9.6979375E-01  7.6937334E+02  1.0569835E+20  9.2824731E+00  1.0000000E-99  1.0000000E-99
  258  2.0081809E+05  9.7358017E-01  7.7237725E+02  1.0079095E+20  1.0096757E+01  1.0000000E-99  1.0000000E-99
  259  2.0159910E+05  9.7736659E-01  7.7538116E+02  9.5611399E+19  1.1055276E+01  1.0000000E-99  1.0000000E-99
  260  2.0238012E+05  9.8115301E-01  7.7838507E+02  9.0112778E+19  1.2200079E+01  1.0000000E-99  1.0000000E-99
  261  2.0316113E+05  9.8493943E-01  7.8138898E+02  8.4232625E+19  1.3591339E+01  1.0000000E-99  1.0000000E-99
  262  2.0394215E+05  9.8872585E-01  7.8439288E+02  7.7884575E+19  1.5318307E+01  1.0000000E-99  1.0000000E-99
  263  2.0472317E+05  9.9251227E-01  7.8739679E+02  7.0943135E+19  1.7519322E+01  1.0000000E-99  1.0000000E-99
  264  2.0550418E+05  9.9629869E-01  7.9040070E+02  6.3213124E+19  2.0421018E+01  1.0000000E-99  1.0000000E-99
  265  2.0628520E+05  1.0000851E+00  7.9340461E+02  5.4359169E+19  2.4422394E+01  1.0000000E-99  1.0000000E-99
  266  2.0706621E+05  1.0038715E+00  7.9640852E+02  4.3703419E+19  3.0298038E+01  1.0000000E-99  1.0000000E-99
  267  2.0784723E+05  1.0076580E+00  7.9941243E+02  2.9344638E+19  3.9780472E+01  1.0000000E-99  1.0000000E-99
  268  2.0862825E+05  1.0114444E+00  8.0241633E+02  2.1507633E-06  5.7737463E+01  1.0000000E-99  1.0000000E-99
  269  2.0940926E+05  1.0152308E+00  8.0542024E+02  2.1507633E-06  5.7737463E+01  1.0000000E-99  1.0000000E-99
  270  2.1019028E+05  1.0190172E+00  8.0842415E+02  2.1507633E-06  1.0000000E-99  1.0000000E-99  1.0000000E-99
  271  2.1097130E+05  1.0228036E+00  8.1142806E+02  2.1507633E-06  1.0000000E-99  1.0000000E-99  1.0000000E-99
  272  2.1175231E+05  1.0265901E+00  8.1443197E+02  2.1507633E-06  1.0000000E-99  1.0000000E-99  1.0000000E-99
  273  2.1253333E+05  1.0303765E+00  8.1743588E+02  2.1507633E-06  1.0000000E-99  1.0000000E-99  1.0000000E-99
  274  2.1331434E+05  1.0341629E+00  8.2043978E+02  2.1507633E-06  1.0000000E-99  1.0000000E-99  1.0000000E-99
  275  2.1409536E+05  1.0379493E+00  8.2344369E+02  2.1507633E-06  1.0000000E-99  1.0000000E-99  1.0000000E-99
  276  2.1487638E+05  1.0417357E+00  8.2644760E+02  2.1507633E-06  1.0000000E-99  1.0000000E-99  1.0000000E-99
  277  2.1565739E+05  1.0455222E+00  8.2945151E+02  2.1507633E-06  1.0000000E-99  1.0000000E-99  1.0000000E-99
  278  2.1643841E+05  1.0493086E+00  8.3245542E+02  2.1507633E-06  1.0000000E-99  1.0000000E-99  1.0000000E-99
  279  2.1721943E+05  1.0530950E+00  8.3545933E+02  2.1507633E-06  1.0000000E-99  1.0000000E-99  1.0000000E-99
  280  2.1800044E+05  1.0568814E+00  8.3846324E+02  2.1507633E-06  1.0000000E-99  1.0000000E-99  1.0000000E-99
  281  2.1878146E+05  1.0606679E+00  8.4146714E+02  2.1507633E-06  1.0000000E-99  1.0000000E-99  1.0000000E-99
  282  2.1956247E+05  1.0644543E+00  8.4447105E+02  2.1507633E-06  1.0000000E-99  1.0000000E-99  1.0000000E-99
  283  2.2034349E+05  1.0682407E+00  8.4747496E+02  2.1507633E-06  1.0000000E-99  1.0000000E-99  1.0000000E-99
  284  2.2112451E+05  1.0720271E+00  8.5047887E+02  2.1507633E-06  1.0000000E-99  1.0000000E-99  1.0000000E-99
  285  2.2190552E+05  1.0758135E+00  8.5348278E+02  2.1507633E-06  1.0000000E-99  1.0000000E-99  1.0000000E-99
  286  2.2268654E+05  1.0796000E+00  8.5648669E+02  2.1507633E-06  1.0000000E-99  1.0000000E-99  1.0000000E-99
  287  2.2346755E+05  1.0833864E+00  8.5949059E+02  2.1507633E-06  1.0000000E-99  1.0000000E-99  1.0000000E-99
  288  2.2424857E+05  1.0871728E+00  8.6249450E+02  2.1507633E-06  1.0000000E-99  1.0000000E-99  1.0000000E-99
  289  2.2502959E+05  1.0909592E+00  8.6549841E+02  2.1507633E-06  1.0000000E-99  1.0000000E-99  1.0000000E-99
  290  2.2581060E+05  1.0947456E+00  8.6850232E+02  2.1507633E-06  1.0000000E-99  1.0000000E-99  1.0000000E-99
  291  2.2659162E+05  1.0985321E+00  8.7150623E+02  2.1507633E-06  1.0000000E-99  1.0000000E-99  1.0000000E-99
  292  2.2737264E+05  1.1023185E+00  8.7451014E+02  2.1507633E-06  1.0000000E-99  1.0000000E-99  1.0000000E-99
  293  2.2815365E+05  1.1061049E+00  8.7751404E+02  2.1507633E-06  1.0000000E-99  1.0000000E-99  1.0000000E-99
