! mass-weighted dust temperature of the middle part of the cylinder, |z| < 2.032 pc, against R
!        R(AU)    cells   frac T=0       T(K)     rms(K)
   1.70106e-01      122      0.000    36.5824     0.0000
   2.69599e-01      162      0.000     6.7792     0.0000
   2.95610e-01      168      0.000    10.9395     0.0000
   3.24130e-01      172      0.000    19.4968     0.0000
   3.39406e-01      180      0.000    11.4518     0.0000
   3.55401e-01      188      0.000    12.5264     0.0000
   3.72151e-01      184      0.000    27.7568     0.0000
   3.89690e-01      200      0.000    10.9689     0.0000
   4.08055e-01      190      0.000    26.1980     0.0000
   4.27286e-01      208      0.000    15.0821     0.0000
   4.47424e-01      198      0.000    11.8383     0.0000
   4.68510e-01      216      0.000    25.1539     0.0000
   4.90590e-01      208      0.000    24.7426     0.0000
   5.13711e-01      222      0.000    10.9949     0.0000
   5.37922e-01      216      0.000     3.1698     0.0000
   5.63273e-01      230      0.000     8.0020     0.0000
   5.89819e-01      224      0.000     5.9348     0.0000
   6.17617e-01      240      0.000     7.7724     0.0000
   6.46724e-01      230      0.000     7.4330     0.0000
   6.77203e-01      244      0.000    12.6369     0.0000
   7.09119e-01      242      0.000    11.2958     0.0000
   7.42538e-01      248      0.000    21.0772     0.0000
   7.77533e-01      256      0.000     9.0193     0.0000
   8.14177e-01      252      0.000    10.8192     0.0000
   8.52548e-01      266      0.000    12.1082     0.0000
   8.92728e-01      260      0.000    10.1285     0.0000
   9.34800e-01      276      0.000     6.3378     0.0000
   9.78856e-01      268      0.000     8.1840     0.0000
   1.02499e+00      282      0.000     7.9235     0.0000
   1.07329e+00      276      0.000     9.1140     0.0000
   1.12388e+00      290      0.000    11.2129     0.0000
   1.17684e+00      286      0.000     7.6409     0.0000
   1.23231e+00      298      0.000     8.1713     0.0000
   1.29038e+00      292      0.000    10.0030     0.0000
   1.35120e+00      302      0.000     9.3431     0.0000
   1.41488e+00      304      0.000    10.7760     0.0000
   1.48156e+00      308      0.000     8.6791     0.0000
   1.55138e+00      316      0.000    10.2379     0.0000
   1.62450e+00      310      0.000     7.6820     0.0000
   1.70106e+00      328      0.000    11.2097     0.0000
   1.78123e+00      318      0.000     9.5314     0.0000
   1.86517e+00      340      0.000     8.5481     0.0000
   1.95308e+00      324      0.000     9.6376     0.0000
   2.04512e+00      346      0.000     8.3975     0.0000
   2.14150e+00      332      0.000     9.5628     0.0000
   2.24243e+00      354      0.000    10.9867     0.0000
   2.34811e+00      344      0.000    11.1452     0.0000
   2.45878e+00      360      0.000    13.0764     0.0000
   2.57465e+00      350      0.000    10.8489     0.0000
   2.69599e+00      364      0.000    10.1698     0.0000
   2.82305e+00      362      0.000     9.8489     0.0000
   2.95610e+00      370      0.000    10.8939     0.0000
   3.09542e+00      374      0.000    11.8750     0.0000
   3.24130e+00      372      0.000    10.7513     0.0000
   3.39406e+00      386      0.000    11.2750     0.0000
   3.55401e+00      378      0.000    11.0247     0.0000
   3.72151e+00      400      0.000    10.3222     0.0000
   3.89690e+00      384      0.000    10.6852     0.0000
   4.08055e+00      408      0.000    11.6847     0.0000
   4.27286e+00      390      0.000    12.5156     0.0000
   4.47424e+00      416      0.000    12.5054     0.0000
   4.68510e+00      402      0.000    11.1291     0.0000
   4.90590e+00      422      0.000    12.8177     0.0000
   5.13711e+00      410      0.000    11.4809     0.0000
   5.37922e+00      424      0.000    12.3177     0.0000
   5.63273e+00      422      0.000    12.0448     0.0000
   5.89819e+00      430      0.000    12.9521     0.0000
   6.17617e+00      434      0.000    12.9109     0.0000
   6.46724e+00      434      0.000    12.5828     0.0000
   6.77203e+00      444      0.000    13.0151     0.0000
   7.09119e+00      438      0.000    12.5002     0.0000
   7.42538e+00      460      0.000    11.8322     0.0000
   7.77533e+00      444      0.000    12.2642     0.0000
   8.14177e+00      470      0.000    12.2443     0.0000
   8.52548e+00      448      0.000    12.4014     0.0000
   8.92728e+00      478      0.000    12.5420     0.0000
   9.34800e+00      460      0.000    12.2132     0.0000
   9.78856e+00      484      0.000    12.9399     0.0000
   1.02499e+01      470      0.000    12.5477     0.0000
   1.07329e+01      484      0.000    12.7066     0.0000
   1.12388e+01      482      0.000    12.9225     0.0000
   1.17684e+01      490      0.000    12.4282     0.0000
   1.23231e+01      494      0.000    12.6764     0.0000
   1.29038e+01      496      0.000    12.6634     0.0000
   1.35120e+01      502      0.000    12.4227     0.0000
   1.41488e+01      500      0.000    12.9455     0.0000
   1.48156e+01      518      0.000    12.8440     0.0000
   1.55138e+01      502      0.000    12.9192     0.0000
   1.62450e+01      532      0.000    12.6546     0.0000
   1.70106e+01      508      0.000    12.9779     0.0000
   1.78123e+01      540      0.000    12.7965     0.0000
   1.86517e+01      516      0.000    12.7930     0.0000
   1.95308e+01      548      0.000    12.7265     0.0000
   2.04512e+01      520      0.000    12.3815     0.0000
   2.14150e+01      550      0.000    12.5104     0.0000
   2.24243e+01      528      0.000    12.4726     0.0000
   2.34811e+01      550      0.000    12.6041     0.0000
   2.45878e+01      544      0.000    12.5116     0.0000
   2.57465e+01      554      0.000    12.5505     0.0000
   2.69599e+01      556      0.000    12.6228     0.0000
   2.82305e+01      556      0.000    12.6999     0.0000
   2.95610e+01      570      0.000    12.7287     0.0000
   3.09542e+01      560      0.000    12.6932     0.0000
   3.24130e+01      584      0.000    12.7501     0.0000
   3.39406e+01      566      0.000    12.8405     0.0000
   3.55401e+01      592      0.000    12.8206     0.0000
   3.72151e+01      574      0.000    12.8520     0.0000
   3.89690e+01      602      0.000    12.8194     0.0000
   4.08055e+01      580      0.000    12.7937     0.0000
   4.27286e+01      604      0.000    12.8547     0.0000
   4.47424e+01      578      0.000    12.8386     0.0000
   4.68510e+01      602      0.000    12.8481     0.0000
   4.90590e+01      582      0.000    12.8172     0.0000
   5.13711e+01      594      0.000    12.8082     0.0000
   5.37922e+01      590      0.000    12.8862     0.0000
   5.63273e+01      586      0.000    12.8386     0.0000
   5.89819e+01      596      0.000    12.8486     0.0000
   6.17617e+01      582      0.000    12.8590     0.0000
   6.46724e+01      602      0.000    12.8690     0.0000
   6.77203e+01      582      0.000    12.9063     0.0000
   7.09119e+01      600      0.000    12.8996     0.0000
   7.42538e+01      582      0.000    12.9183     0.0000
   7.77533e+01      600      0.000    12.9266     0.0000
   8.14177e+01      580      0.000    12.9211     0.0000
   8.52548e+01      608      0.000    12.9629     0.0000
   8.92728e+01      578      0.000    12.9351     0.0000
   9.34800e+01      608      0.000    12.9106     0.0000
   9.78856e+01      578      0.000    12.9491     0.0000
   1.02499e+02      602      0.000    12.9199     0.0000
   1.07329e+02      588      0.000    12.9218     0.0000
   1.12388e+02      592      0.000    12.9554     0.0000
   1.17684e+02      598      0.000    13.0036     0.0000
   1.23231e+02      586      0.000    12.9868     0.0000
   1.29038e+02      606      0.000    12.9744     0.0000
   1.35120e+02      582      0.000    12.9584     0.0000
   1.41488e+02      612      0.000    12.9810     0.0000
   1.48156e+02      580      0.000    12.9980     0.0000
   1.55138e+02      614      0.000    13.0022     0.0000
   1.62450e+02      582      0.000    12.9603     0.0000
   1.70106e+02      616      0.000    12.9837     0.0000
   1.78123e+02      592      0.000    12.9832     0.0000
   1.86517e+02      622      0.000    12.9925     0.0000
   1.95308e+02      598      0.000    13.0027     0.0000
   2.04512e+02      638      0.000    13.0117     0.0000
   2.14150e+02      606      0.000    12.9928     0.0000
   2.24243e+02      650      0.000    13.0070     0.0000
   2.34811e+02      648      0.000    12.9975     0.0000
   2.45878e+02      648      0.000    13.0080     0.0000
   2.57465e+02      632      0.000    13.0205     0.0000
   2.69599e+02      646      0.000    13.0214     0.0000
   2.82305e+02      658      0.000    13.0426     0.0000
   2.95610e+02      658      0.000    13.0297     0.0000
   3.09542e+02      680      0.000    13.0243     0.0000
   3.24130e+02      678      0.000    13.0231     0.0000
   3.39406e+02      708      0.000    13.0269     0.0000
   3.55401e+02      704      0.000    13.0289     0.0000
   3.72151e+02      742      0.000    13.0403     0.0000
   3.89690e+02      744      0.000    13.0356     0.0000
   4.08055e+02      784      0.000    13.0385     0.0000
   4.27286e+02      794      0.000    13.0269     0.0000
   4.47424e+02      846      0.000    13.0502     0.0000
   4.68510e+02      884      0.000    13.0479     0.0000
   4.90590e+02      988      0.000    13.0637     0.0000
   5.13711e+02      960      0.000    13.0753     0.0000
   5.37922e+02      978      0.000    13.0583     0.0000
   5.63273e+02      952      0.000    13.0813     0.0000
   5.89819e+02      966      0.000    13.0604     0.0000
   6.17617e+02      950      0.000    13.0978     0.0000
   6.46724e+02      956      0.000    13.0857     0.0000
   6.77203e+02      942      0.000    13.0879     0.0000
   7.09119e+02      948      0.000    13.1155     0.0000
   7.42538e+02      934      0.000    13.1232     0.0000
   7.77533e+02      938      0.000    13.1254     0.0000
   8.14177e+02      928      0.000    13.1371     0.0000
   8.52548e+02      932      0.000    13.1402     0.0000
   8.92728e+02      922      0.000    13.1666     0.0000
   9.34800e+02      920      0.000    13.1893     0.0000
   9.78856e+02      904      0.000    13.1929     0.0000
   1.02499e+03      922      0.000    13.2255     0.0000
   1.07329e+03      892      0.000    13.2379     0.0000
   1.12388e+03      916      0.000    13.2659     0.0000
   1.17684e+03      886      0.000    13.2837     0.0000
   1.23231e+03      910      0.000    13.3092     0.0000
   1.29038e+03      878      0.000    13.3358     0.0000
   1.35120e+03      900      0.000    13.3601     0.0000
   1.41488e+03      870      0.000    13.3851     0.0000
   1.48156e+03      894      0.000    13.4168     0.0000
   1.55138e+03      862      0.000    13.4427     0.0000
   1.62450e+03      884      0.000    13.4773     0.0000
   1.70106e+03      856      0.000    13.5179     0.0000
   1.78123e+03      876      0.000    13.5636     0.0000
   1.86517e+03      848      0.000    13.6002     0.0000
   1.95308e+03      860      0.000    13.6514     0.0000
   2.04512e+03      842      0.000    13.7066     0.0000
   2.14150e+03      852      0.000    13.7512     0.0000
   2.24243e+03      836      0.000    13.8087     0.0000
   2.34811e+03      842      0.000    13.8657     0.0000
   2.45878e+03      834      0.000    13.9225     0.0000
   2.57465e+03      830      0.000    13.9969     0.0000
   2.69599e+03      826      0.000    14.0580     0.0000
   2.82305e+03      828      0.000    14.1313     0.0000
   2.95610e+03      816      0.000    14.2018     0.0000
   3.09542e+03      820      0.000    14.2770     0.0000
   3.24130e+03      806      0.000    14.3511     0.0000
   3.39406e+03      812      0.000    14.4333     0.0000
   3.55401e+03      798      0.000    14.5199     0.0000
   3.72151e+03      804      0.000    14.6034     0.0000
   3.89690e+03      788      0.000    14.6941     0.0000
   4.08055e+03      790      0.000    14.7955     0.0000
   4.27286e+03      782      0.000    14.8856     0.0000
   4.47424e+03      790      0.000    14.9856     0.0000
   4.68510e+03      770      0.000    15.0879     0.0000
   4.90590e+03      784      0.000    15.1906     0.0000
   5.13711e+03      762      0.000    15.2955     0.0000
   5.37922e+03      778      0.000    15.4038     0.0000
   5.63273e+03      754      0.000    15.5142     0.0000
   5.89819e+03      766      0.000    15.6307     0.0000
   6.17617e+03      748      0.000    15.7415     0.0000
   6.46724e+03      756      0.000    15.8558     0.0000
   6.77203e+03      742      0.000    15.9734     0.0000
   7.09119e+03      742      0.000    16.0882     0.0000
   7.42538e+03      742      0.000    16.2102     0.0000
   7.77533e+03      732      0.000    16.3286     0.0000
   8.14177e+03      734      0.000    16.4489     0.0000
   8.52548e+03      726      0.000    16.5728     0.0000
   8.92728e+03      722      0.000    16.6950     0.0000
   9.34800e+03      716      0.000    16.8193     0.0000
   9.78856e+03      720      0.000    16.9423     0.0000
   1.02499e+04      704      0.000    17.0600     0.0000
   1.07329e+04      710      0.000    17.1825     0.0000
   1.12388e+04      698      0.000    17.3056     0.0000
   1.17684e+04      704      0.000    17.4264     0.0000
   1.23231e+04      692      0.000    17.5505     0.0000
   1.29038e+04      692      0.000    17.6718     0.0000
   1.35120e+04      684      0.000    17.7950     0.0000
   1.41488e+04      684      0.000    17.9160     0.0000
   1.48156e+04      680      0.000    18.0359     0.0000
   1.55138e+04      674      0.000    18.1569     0.0000
   1.62450e+04      670      0.000    18.2719     0.0000
   1.70106e+04      670      0.000    18.3902     0.0000
   1.78123e+04      660      0.000    18.5080     0.0000
   1.86517e+04      662      0.000    18.6228     0.0000
   1.95308e+04      648      0.000    18.7367     0.0000
   2.04512e+04      656      0.000    18.8471     0.0000
   2.14150e+04      640      0.000    18.9579     0.0000
   2.24243e+04      650      0.000    19.0701     0.0000
   2.34811e+04      632      0.000    19.1796     0.0000
   2.45878e+04      638      0.000    19.2856     0.0000
   2.57465e+04      628      0.000    19.3914     0.0000
   2.69599e+04      632      0.000    19.4933     0.0000
   2.82305e+04      618      0.000    19.5982     0.0000
   2.95610e+04      626      0.000    19.7014     0.0000
   3.09542e+04      606      0.000    19.7994     0.0000
   3.24130e+04      618      0.000    19.8991     0.0000
   3.39406e+04      600      0.000    19.9955     0.0000
   3.55401e+04      610      0.000    20.0899     0.0000
   3.72151e+04      592      0.000    20.1860     0.0000
   3.89690e+04      598      0.000    20.2802     0.0000
   4.08055e+04      588      0.000    20.3686     0.0000
   4.27286e+04      586      0.000    20.4541     0.0000
   4.47424e+04      584      0.000    20.5443     0.0000
   4.68510e+04      580      0.000    20.6333     0.0000
   4.90590e+04      576      0.000    20.7161     0.0000
   5.13711e+04      574      0.000    20.7990     0.0000
   5.37922e+04      566      0.000    20.8834     0.0000
   5.63273e+04      568      0.000    20.9668     0.0000
   5.89819e+04      554      0.000    21.0443     0.0000
   6.17617e+04      562      0.000    21.1230     0.0000
   6.46724e+04      544      0.000    21.2016     0.0000
   6.77203e+04      554      0.000    21.2795     0.0000
   7.09119e+04      538      0.000    21.3555     0.0000
   7.42538e+04      544      0.000    21.4312     0.0000
   7.77533e+04      532      0.000    21.5071     0.0000
   8.14177e+04      534      0.000    21.5830     0.0000
   8.52548e+04      522      0.000    21.6616     0.0000
   8.92728e+04      532      0.000    21.7380     0.0000
   9.34800e+04      512      0.000    21.8189     0.0000
   9.78856e+04      526      0.000    21.9045     0.0000
   1.02499e+05      464      0.000    21.9869     0.0000
   1.07329e+05        8      0.000    22.0629     0.0000
