! mass-weighted dust temperature of the middle part of the cylinder, |z| < 3.650 pc, against R
!        R(AU)    cells   frac T=0       T(K)     rms(K)
   1.96487e-01        1      0.993    26.9989     0.0000
   2.84010e-01        1      0.994    11.6882     0.0000
   3.11411e-01        1      0.995    19.9838     0.0000
   3.26087e-01        1      0.995    19.9406     0.0000
   3.41455e-01        1      0.995    18.4222     0.0000
   3.74398e-01        1      0.995    17.6496     0.0000
   3.92043e-01        1      0.995    17.1118     0.0000
   4.10520e-01        2      0.990    21.5422     3.4071
   4.29867e-01        2      0.990    21.2645     3.4604
   4.50126e-01        2      0.991    13.7708     1.1188
   4.71340e-01        2      0.991    21.0347     3.3092
   4.93553e-01        1      0.996    15.7605     0.0000
   5.16814e-01        2      0.991    20.5213     3.5185
   5.41170e-01        1      0.996    22.7644     0.0000
   5.66675e-01        3      0.987     5.2420     1.9742
   5.93381e-01        3      0.988     9.9417     0.3545
   6.21347e-01        3      0.988    14.9805     5.3657
   6.50630e-01        1      0.996    22.0887     0.0000
   6.81293e-01        3      0.988    15.0351     5.2962
   7.13401e-01        2      0.988    11.1540     1.8814
   7.47023e-01        3      0.984    15.2785     5.4638
   7.82229e-01        3      0.977    15.3592     5.5941
   8.19094e-01        1      0.996    21.2217     0.0000
   8.57697e-01        3      0.985    15.1514     5.3073
   8.98119e-01        3      0.974    14.1141     4.4340
   9.40446e-01        5      0.978    14.0740     3.8241
   9.84768e-01        3      0.989     9.9486     4.4798
   1.03118e+00        7      0.972    10.1385     4.6966
   1.07978e+00        5      0.979     8.0435     3.6524
   1.13066e+00        7      0.972    10.5371     5.0675
   1.18395e+00        4      0.976     9.4601     4.8827
   1.23975e+00        8      0.970     8.2844     4.1284
   1.29818e+00        9      0.964     8.2580     3.3611
   1.35936e+00        8      0.964     9.6484     4.2659
   1.42342e+00        9      0.964     7.7881     4.1895
   1.49051e+00        6      0.971     7.9431     4.1787
   1.56075e+00        9      0.953     7.7648     3.0730
   1.63431e+00       10      0.950     7.3244     3.8892
   1.71133e+00       10      0.950     8.2347     4.1822
   1.79198e+00        7      0.945     7.1963     4.0974
   1.87644e+00       13      0.937     8.2022     3.6439
   1.96487e+00       12      0.928     6.6715     2.8886
   2.05747e+00       15      0.917     7.9091     4.1649
   2.15444e+00       10      0.927     6.7772     3.7842
   2.25597e+00       15      0.924     7.8006     3.7993
   2.36229e+00       15      0.909     7.4760     3.3802
   2.47363e+00       19      0.894     8.3411     3.9814
   2.59020e+00       15      0.902     6.8762     3.9962
   2.71228e+00       17      0.899     8.5190     4.2015
   2.84010e+00       20      0.880     7.9833     3.3417
   2.97395e+00       26      0.852     7.6969     3.6571
   3.11411e+00       18      0.875     6.5745     3.3708
   3.26087e+00       20      0.866     7.9177     3.7417
   3.41455e+00       24      0.847     8.2252     3.2333
   3.57548e+00       27      0.837     7.2156     3.0336
   3.74398e+00       23      0.842     6.8354     3.4064
   3.92043e+00       22      0.831     7.7144     3.2942
   4.10520e+00       27      0.830     7.2666     3.0736
   4.29867e+00       33      0.786     7.9343     3.2663
   4.50126e+00       34      0.787     7.7227     3.8001
   4.71340e+00       30      0.779     7.7021     3.4800
   4.93553e+00       30      0.771     7.2087     3.0082
   5.16814e+00       39      0.743     7.6270     3.0353
   5.41170e+00       46      0.708     7.5069     3.1337
   5.66675e+00       41      0.707     7.6443     3.7209
   5.93381e+00       40      0.701     7.7606     3.1428
   6.21347e+00       47      0.669     8.0732     2.9663
   6.50630e+00       52      0.653     7.1136     2.8083
   6.81293e+00       48      0.652     7.2332     3.1374
   7.13401e+00       44      0.655     7.5730     2.6510
   7.47023e+00       52      0.638     7.1635     2.8484
   7.82229e+00       56      0.601     7.3516     2.6824
   8.19094e+00       61      0.589     6.8268     3.0456
   8.57697e+00       54      0.600     7.1221     2.8708
   8.98119e+00       59      0.579     7.0429     2.7852
   9.40446e+00       70      0.546     6.9955     2.5215
   9.84768e+00       74      0.528     6.6468     2.6089
   1.03118e+01       65      0.541     6.2571     2.8484
   1.07978e+01       70      0.523     6.6645     2.9995
   1.13066e+01       80      0.496     6.8106     2.7787
   1.18395e+01       89      0.466     6.6736     2.8612
   1.23975e+01       89      0.462     6.4007     2.8028
   1.29818e+01       88      0.461     6.9029     2.7423
   1.35936e+01       94      0.448     6.7750     2.7680
   1.42342e+01       97      0.425     6.7189     2.5630
   1.49051e+01      109      0.397     6.6669     2.6770
   1.56075e+01      101      0.420     6.8736     2.6693
   1.63431e+01      112      0.392     6.5907     2.5450
   1.71133e+01      113      0.382     6.7096     2.4826
   1.79198e+01      117      0.369     6.7785     2.3253
   1.87644e+01      121      0.359     6.6007     2.4822
   1.96487e+01      131      0.342     6.4749     2.3276
   2.05747e+01      124      0.345     6.5694     2.1401
   2.15444e+01      138      0.314     6.8527     2.1702
   2.25597e+01      139      0.305     6.7868     2.2855
   2.36229e+01      137      0.308     6.5880     2.2345
   2.47363e+01      140      0.306     6.8114     2.1939
   2.59020e+01      145      0.293     6.5808     2.1072
   2.71228e+01      150      0.275     6.6501     2.2082
   2.84010e+01      150      0.275     6.5892     2.0475
   2.97395e+01      157      0.262     6.4869     2.2393
   3.11411e+01      163      0.254     6.5840     2.2776
   3.26087e+01      167      0.243     6.7512     2.1029
   3.41455e+01      164      0.239     6.6976     2.3932
   3.57548e+01      176      0.222     6.5885     2.3353
   3.74398e+01      173      0.224     6.6731     2.3124
   3.92043e+01      182      0.212     6.7072     2.0045
   4.10520e+01      181      0.202     6.7569     2.1276
   4.29867e+01      181      0.209     6.6584     2.1924
   4.50126e+01      196      0.181     6.8399     2.0770
   4.71340e+01      195      0.183     6.7063     2.0087
   4.93553e+01      205      0.159     6.8419     2.0352
   5.16814e+01      199      0.171     7.0426     1.9623
   5.41170e+01      215      0.145     6.9614     1.9866
   5.66675e+01      223      0.137     7.0237     2.0798
   5.93381e+01      212      0.148     6.9987     1.8842
   6.21347e+01      223      0.129     6.9982     1.8643
   6.50630e+01      238      0.108     7.0334     1.8641
   6.81293e+01      228      0.120     7.0181     1.8426
   7.13401e+01      249      0.094     7.0049     1.7457
   7.47023e+01      239      0.104     7.0834     1.7608
   7.82229e+01      240      0.096     7.1593     1.7687
   8.19094e+01      244      0.093     7.1424     1.6109
   8.57697e+01      255      0.086     7.0773     1.6144
   8.98119e+01      253      0.080     7.1426     1.5894
   9.40446e+01      252      0.085     7.1511     1.4473
   9.84768e+01      261      0.070     7.2056     1.5126
   1.03118e+02      264      0.068     7.2298     1.5323
   1.07978e+02      268      0.055     7.2088     1.4617
   1.13066e+02      272      0.051     7.3532     1.4929
   1.18395e+02      274      0.054     7.2371     1.4868
   1.23975e+02      271      0.049     7.3366     1.4271
   1.29818e+02      286      0.034     7.3478     1.4348
   1.35936e+02      284      0.034     7.4304     1.4041
   1.42342e+02      292      0.017     7.3297     1.2715
   1.49051e+02      302      0.017     7.4016     1.2398
   1.56075e+02      284      0.027     7.4602     1.2007
   1.63431e+02      295      0.019     7.4559     1.2354
   1.71133e+02      303      0.018     7.4082     1.1558
   1.79198e+02      299      0.015     7.5417     1.1789
   1.87644e+02      309      0.018     7.5335     1.1567
   1.96487e+02      316      0.010     7.5009     1.2130
   2.05747e+02      322      0.010     7.5934     1.1377
   2.15444e+02      340      0.013     7.4920     1.0463
   2.25597e+02      333      0.011     7.6009     1.0345
   2.36229e+02      372      0.006     7.6265     0.8981
   2.47363e+02      340      0.006     7.6100     1.0407
   2.59020e+02      337      0.002     7.4848     0.9970
   2.71228e+02      352      0.009     7.6006     1.0065
   2.84010e+02      364      0.006     7.5557     0.9562
   2.97395e+02      358      0.006     7.5642     0.9236
   3.11411e+02      393      0.004     7.4830     0.8441
   3.26087e+02      379      0.005     7.5895     0.8252
   3.41455e+02      402      0.006     7.6682     0.8730
   3.57548e+02      429      0.001     7.6619     0.8295
   3.74398e+02      426      0.003     7.6396     0.7959
   3.92043e+02      471      0.007     7.6065     0.7559
   4.10520e+02      472      0.000     7.6594     0.7962
   4.29867e+02      500      0.003     7.6688     0.6983
   4.50126e+02      556      0.000     7.6844     0.7545
   4.71340e+02      598      0.002     7.6249     0.7008
   4.93553e+02      672      0.002     7.6625     0.6839
   5.16814e+02      674      0.000     7.6876     0.7667
   5.41170e+02      648      0.000     7.6710     0.7070
   5.66675e+02      675      0.001     7.6295     0.6705
   5.93381e+02      644      0.000     7.6865     0.6540
   6.21347e+02      656      0.000     7.6696     0.6493
   6.50630e+02      640      0.000     7.7335     0.6498
   6.81293e+02      632      0.000     7.7374     0.5786
   7.13401e+02      652      0.000     7.6811     0.6019
   7.47023e+02      642      0.000     7.7150     0.5935
   7.82229e+02      624      0.000     7.7515     0.5509
   8.19094e+02      650      0.000     7.7615     0.5615
   8.57697e+02      608      0.000     7.7423     0.4775
   8.98119e+02      624      0.000     7.7606     0.4643
   9.40446e+02      624      0.000     7.8126     0.5098
   9.84768e+02      602      0.000     7.7591     0.4623
   1.03118e+03      622      0.000     7.7652     0.4746
   1.07978e+03      606      0.000     7.8249     0.4429
   1.13066e+03      600      0.000     7.7874     0.4506
   1.18395e+03      606      0.000     7.7396     0.4251
   1.23975e+03      584      0.000     7.8309     0.4064
   1.29818e+03      598      0.000     7.8274     0.4185
   1.35936e+03      590      0.000     7.8517     0.4468
   1.42342e+03      580      0.000     7.7868     0.3959
   1.49051e+03      602      0.000     7.8096     0.3716
   1.56075e+03      562      0.000     7.7906     0.3925
   1.63431e+03      580      0.000     7.8650     0.3656
   1.71133e+03      574      0.000     7.8401     0.3485
   1.79198e+03      556      0.000     7.8492     0.3230
   1.87644e+03      570      0.000     7.8494     0.3606
   1.96487e+03      574      0.000     7.8652     0.3235
   2.05747e+03      542      0.000     7.9157     0.3328
   2.15444e+03      568      0.000     7.9173     0.3175
   2.25597e+03      540      0.000     7.9571     0.3112
   2.36229e+03      550      0.000     7.9560     0.3028
   2.47363e+03      536      0.000     7.9398     0.2789
   2.59020e+03      532      0.000     7.9494     0.2766
   2.71228e+03      544      0.000     7.9561     0.2899
   2.84010e+03      536      0.000     7.9826     0.2948
   2.97395e+03      518      0.000     8.0111     0.2683
   3.11411e+03      546      0.000     8.0292     0.2772
   3.26087e+03      502      0.000     8.0096     0.2779
   3.41455e+03      522      0.000     8.0545     0.2743
   3.57548e+03      518      0.000     8.0907     0.2568
   3.74398e+03      498      0.000     8.0999     0.2701
   3.92043e+03      520      0.000     8.1591     0.2633
   4.10520e+03      498      0.000     8.1645     0.2459
   4.29867e+03      492      0.000     8.2123     0.2540
   4.50126e+03      506      0.000     8.2123     0.2133
   4.71340e+03      480      0.000     8.2346     0.2351
   4.93553e+03      488      0.000     8.2579     0.2154
   5.16814e+03      494      0.000     8.2941     0.2141
   5.41170e+03      474      0.000     8.2994     0.2162
   5.66675e+03      492      0.000     8.3489     0.2204
   5.93381e+03      464      0.000     8.3875     0.2128
   6.21347e+03      476      0.000     8.3959     0.1992
   6.50630e+03      464      0.000     8.4210     0.1837
   6.81293e+03      458      0.000     8.4710     0.2156
   7.13401e+03      468      0.000     8.5186     0.2050
   7.47023e+03      462      0.000     8.5367     0.2012
   7.82229e+03      444      0.000     8.5605     0.1880
   8.19094e+03      452      0.000     8.6032     0.1921
   8.57697e+03      434      0.000     8.6399     0.1835
   8.98119e+03      442      0.000     8.6872     0.1820
   9.40446e+03      420      0.000     8.6995     0.1728
   9.84768e+03      416      0.000     8.7265     0.1589
   1.03118e+04      418      0.000     8.7643     0.1648
   1.07978e+04      414      0.000     8.8092     0.1558
   1.13066e+04      392      0.000     8.8374     0.1631
   1.18395e+04      404      0.000     8.8902     0.1539
   1.23975e+04      374      0.000     8.9276     0.1458
   1.29818e+04      386      0.000     8.9575     0.1443
   1.35936e+04      366      0.000     8.9922     0.1394
   1.42342e+04      360      0.000     9.0273     0.1360
   1.49051e+04      360      0.000     9.0817     0.1358
   1.56075e+04      340      0.000     9.1150     0.1337
   1.63431e+04      342      0.000     9.1798     0.1235
   1.71133e+04      322      0.000     9.2073     0.1166
   1.79198e+04      320      0.000     9.2376     0.1156
   1.87644e+04      318      0.000     9.2800     0.1158
   1.96487e+04      298      0.000     9.3104     0.1148
   2.05747e+04      296      0.000     9.3649     0.1135
   2.15444e+04      290      0.000     9.4139     0.1072
   2.25597e+04      270      0.000     9.4511     0.1050
   2.36229e+04      282      0.000     9.4878     0.0971
   2.47363e+04      246      0.000     9.5432     0.1007
   2.59020e+04      250      0.000     9.5735     0.0950
   2.71228e+04      250      0.000     9.6135     0.0895
   2.84010e+04      236      0.000     9.6427     0.0842
   2.97395e+04      228      0.000     9.6873     0.0793
   3.11411e+04      222      0.000     9.7383     0.0696
   3.26087e+04      206      0.000     9.7830     0.0672
   3.41455e+04      214      0.000     9.8094     0.0651
   3.57548e+04      188      0.000     9.8329     0.0642
   3.74398e+04      188      0.000     9.8728     0.0704
   3.92043e+04      184      0.000     9.9198     0.0618
   4.10520e+04      174      0.000     9.9533     0.0640
   4.29867e+04      168      0.000     9.9939     0.0553
   4.50126e+04      162      0.000    10.0312     0.0541
   4.71340e+04      150      0.000    10.0554     0.0471
   4.93553e+04      156      0.000    10.0957     0.0549
   5.16814e+04      136      0.000    10.1209     0.0493
   5.41170e+04      138      0.000    10.1560     0.0464
   5.66675e+04      136      0.000    10.1993     0.0442
   5.93381e+04      118      0.000    10.2283     0.0452
   6.21347e+04      130      0.000    10.2594     0.0372
   6.50630e+04      106      0.000    10.2747     0.0441
   6.81293e+04      108      0.000    10.3053     0.0402
   7.13401e+04      114      0.000    10.3221     0.0440
   7.47023e+04       94      0.000    10.3399     0.0401
   7.82229e+04       98      0.000    10.3590     0.0382
   8.19094e+04       94      0.000    10.3739     0.0365
   8.57697e+04       84      0.000    10.3839     0.0411
   8.98119e+04       94      0.000    10.3972     0.0341
   9.40446e+04       74      0.000    10.3889     0.0355
   9.84768e+04       74      0.000    10.3840     0.0364
   1.03118e+05       80      0.000    10.3649     0.0437
   1.07978e+05       68      0.000    10.3931     0.0539
   1.13066e+05       68      0.000    10.4518     0.0604
   1.18395e+05       64      0.000    10.5388     0.0630
   1.23975e+05       60      0.000    10.6451     0.0727
   1.29818e+05       68      0.000    10.7869     0.0769
   1.35936e+05       50      0.000    10.9491     0.0905
   1.42342e+05       54      0.000    11.1350     0.1024
   1.49051e+05       56      0.000    11.3891     0.1120
   1.56075e+05       42      0.000    11.6716     0.1241
   1.63431e+05       54      0.000    12.0670     0.1781
   1.71133e+05       44      0.000    12.5940     0.1970
   1.79198e+05       38      0.000    13.2857     0.2456
   1.87644e+05       50      0.000    14.4459     0.4896
   1.96487e+05       32      0.000    16.4243     0.5682
   2.05747e+05       32      0.000    18.9732     0.7342
