! mass-weighted dust temperature of the middle part of the cylinder, |z| < 2.032 pc, against R
!        R(AU)    cells   frac T=0       T(K)     rms(K)
   8.92728e-02       34      0.971    11.3684     0.0000
   1.86517e-01       64      0.984    10.4802     0.0000
   1.95308e-01       68      0.985    10.3558     0.0000
   2.04512e-01       66      0.985    10.2369     0.0000
   2.24243e-01       72      0.972     6.0432     0.4238
   2.34811e-01       75      0.987    10.0111     0.0000
   2.45878e-01       77      0.987     9.9022     0.0000
   2.57465e-01       77      0.987     9.7975     0.0000
   2.69599e-01       81      0.988     6.7792     0.0000
   2.82305e-01       83      0.988     9.6939     0.0000
   2.95610e-01       84      0.976    10.9278     0.1254
   3.09542e-01       88      0.989     9.4949     0.0000
   3.24130e-01       86      0.988     9.3970     0.0000
   3.55401e-01       94      0.989     9.3017     0.0000
   3.72151e-01       92      0.989     9.2092     0.0000
   3.89690e-01      100      0.980     9.9983     0.0750
   4.08055e-01       95      0.989     9.0257     0.0000
   4.47424e-01       99      0.990     8.9365     0.0000
   4.68510e-01      108      0.972     6.5747     0.2202
   4.90590e-01      104      0.981     6.3364     1.5234
   5.13711e-01      111      0.973     2.4945     0.5403
   5.63273e-01      115      0.957     6.3018     1.9784
   5.89819e-01      112      0.973     6.4155     1.1346
   6.17617e-01      120      0.958     9.9481     0.6150
   6.46724e-01      115      0.965     7.6348     2.2035
   6.77203e-01      122      0.992    10.3821     0.0000
   7.09119e-01      121      0.950     6.2165     0.6485
   7.42538e-01      124      0.960     5.3840     0.4866
   7.77533e-01      128      0.945     8.8445     0.6703
   8.14177e-01      126      0.952     7.7166     0.6097
   8.52548e-01      133      0.970     2.7962     0.8546
   8.92728e-01      130      0.946     9.6026     0.5849
   9.34800e-01      138      0.942     6.1629     2.3360
   9.78856e-01      134      0.925     6.2105     2.3331
   1.02499e+00      141      0.936     3.0966     1.0970
   1.07329e+00      138      0.957     5.2386     2.9294
   1.12388e+00      145      0.903     6.6662     0.9518
   1.17684e+00      143      0.909     8.8693     1.0237
   1.23231e+00      149      0.893     5.8238     0.8160
   1.29038e+00      146      0.877     5.7759     1.3721
   1.35120e+00      151      0.901     6.2929     2.3569
   1.41488e+00      152      0.868     5.0115     1.4816
   1.48156e+00      154      0.877     6.4494     0.8818
   1.55138e+00      158      0.848     7.5402     3.2664
   1.62450e+00      155      0.832     7.7087     0.9400
   1.70106e+00      164      0.841     7.9034     1.4529
   1.78123e+00      159      0.805     7.5150     1.0910
   1.86517e+00      170      0.841     5.2542     2.4223
   1.95308e+00      162      0.815     6.0569     2.3788
   2.04512e+00      173      0.815     4.0818     1.6080
   2.14150e+00      166      0.819     5.5935     0.7268
   2.24243e+00      177      0.774     7.0670     0.8838
   2.34811e+00      172      0.820     6.6963     0.8131
   2.45878e+00      180      0.778     7.4697     1.6930
   2.57465e+00      175      0.771     6.7766     1.3717
   2.69599e+00      182      0.764     7.8691     1.1520
   2.82305e+00      181      0.735     6.3343     1.7345
   2.95610e+00      185      0.741     6.1614     0.7085
   3.09542e+00      187      0.711     5.4607     1.3237
   3.24130e+00      186      0.688     6.2649     0.8968
   3.39406e+00      193      0.699     5.8905     1.4373
   3.55401e+00      189      0.656     5.9574     0.8071
   3.72151e+00      200      0.665     6.8564     1.0773
   3.89690e+00      192      0.620     6.0282     0.7819
   4.08055e+00      204      0.608     6.1970     0.8563
   4.27286e+00      195      0.610     6.5734     0.7155
   4.47424e+00      208      0.577     6.0789     0.9442
   4.68510e+00      201      0.612     6.5535     0.6671
   4.90590e+00      211      0.569     6.8566     0.7025
   5.13711e+00      205      0.537     6.3656     0.6888
   5.37922e+00      212      0.538     6.5391     0.7092
   5.63273e+00      211      0.521     6.5920     0.6415
   5.89819e+00      215      0.553     6.6443     0.7593
   6.17617e+00      217      0.475     6.5017     0.8968
   6.46724e+00      217      0.438     6.2030     0.6743
   6.77203e+00      222      0.437     6.9330     0.7603
   7.09119e+00      219      0.420     6.8727     0.9422
   7.42538e+00      230      0.409     6.5475     0.6214
   7.77533e+00      222      0.365     6.3718     0.7094
   8.14177e+00      235      0.370     6.6009     0.5691
   8.52548e+00      224      0.379     6.7338     0.6914
   8.92728e+00      239      0.347     6.0929     0.5158
   9.34800e+00      230      0.343     6.7202     0.7879
   9.78856e+00      242      0.322     6.3235     0.6450
   1.02499e+01      235      0.311     6.7703     0.5907
   1.07329e+01      242      0.293     6.3940     0.4670
   1.12388e+01      241      0.299     6.4152     0.5147
   1.17684e+01      245      0.261     6.6037     0.4520
   1.23231e+01      247      0.263     6.7154     0.5188
   1.29038e+01      248      0.230     6.6539     0.3972
   1.35120e+01      251      0.223     6.5970     0.4957
   1.41488e+01      250      0.216     6.5815     0.3747
   1.48156e+01      259      0.185     6.6032     0.4427
   1.55138e+01      251      0.203     6.6709     0.3603
   1.62450e+01      266      0.173     6.6639     0.3979
   1.70106e+01      254      0.177     6.5655     0.3239
   1.78123e+01      270      0.163     6.7678     0.4043
   1.86517e+01      258      0.132     6.7097     0.2923
   1.95308e+01      274      0.164     6.7406     0.4560
   2.04512e+01      260      0.135     6.4950     0.6869
   2.14150e+01      275      0.156     6.5299     0.6540
   2.24243e+01      264      0.152     6.5420     0.6657
   2.34811e+01      275      0.120     6.5621     0.6200
   2.45878e+01      272      0.147     6.5625     0.6531
   2.57465e+01      277      0.090     6.5524     0.5651
   2.69599e+01      278      0.104     6.5495     0.5881
   2.82305e+01      278      0.112     6.5894     0.5331
   2.95610e+01      285      0.095     6.6115     0.5588
   3.09542e+01      280      0.096     6.5909     0.5335
   3.24130e+01      292      0.079     6.5874     0.4882
   3.39406e+01      283      0.085     6.5796     0.4568
   3.55401e+01      296      0.088     6.6196     0.4518
   3.72151e+01      287      0.073     6.6397     0.4130
   3.89690e+01      301      0.063     6.6436     0.4175
   4.08055e+01      290      0.059     6.6657     0.4092
   4.27286e+01      302      0.056     6.6300     0.4037
   4.47424e+01      289      0.059     6.6742     0.3896
   4.68510e+01      301      0.056     6.6502     0.3446
   4.90590e+01      291      0.055     6.6748     0.3742
   5.13711e+01      297      0.030     6.6586     0.3363
   5.37922e+01      295      0.044     6.6751     0.3351
   5.63273e+01      293      0.034     6.6689     0.3591
   5.89819e+01      298      0.034     6.6411     0.3243
   6.17617e+01      291      0.027     6.6762     0.3241
   6.46724e+01      301      0.020     6.6641     0.3127
   6.77203e+01      291      0.017     6.6984     0.3061
   7.09119e+01      300      0.020     6.6754     0.2924
   7.42538e+01      291      0.014     6.6639     0.2953
   7.77533e+01      300      0.020     6.6873     0.2970
   8.14177e+01      290      0.014     6.6850     0.2960
   8.52548e+01      304      0.016     6.6902     0.2912
   8.92728e+01      289      0.017     6.6975     0.2827
   9.34800e+01      304      0.016     6.6916     0.2616
   9.78856e+01      289      0.010     6.6660     0.2665
   1.02499e+02      301      0.007     6.6885     0.2410
   1.07329e+02      294      0.000     6.6920     0.2415
   1.12388e+02      296      0.003     6.6912     0.2362
   1.17684e+02      299      0.007     6.7083     0.2411
   1.23231e+02      293      0.000     6.7079     0.2461
   1.29038e+02      303      0.000     6.6907     0.2192
   1.35120e+02      291      0.000     6.6977     0.2303
   1.41488e+02      306      0.000     6.7004     0.2186
   1.48156e+02      290      0.003     6.7025     0.2215
   1.55138e+02      307      0.000     6.6957     0.2077
   1.62450e+02      291      0.000     6.6890     0.1964
   1.70106e+02      308      0.000     6.6999     0.1997
   1.78123e+02      296      0.000     6.6853     0.1920
   1.86517e+02      311      0.000     6.6960     0.1878
   1.95308e+02      299      0.000     6.6739     0.1685
   2.04512e+02      319      0.000     6.6770     0.1781
   2.14150e+02      303      0.000     6.6896     0.1656
   2.24243e+02      325      0.000     6.6768     0.1584
   2.34811e+02      324      0.000     6.6884     0.1714
   2.45878e+02      324      0.000     6.6865     0.1613
   2.57465e+02      316      0.000     6.6919     0.1555
   2.69599e+02      323      0.000     6.6862     0.1461
   2.82305e+02      329      0.000     6.6961     0.1480
   2.95610e+02      329      0.000     6.6829     0.1370
   3.09542e+02      340      0.000     6.6920     0.1363
   3.24130e+02      339      0.000     6.6911     0.1371
   3.39406e+02      354      0.000     6.6932     0.1340
   3.55401e+02      352      0.000     6.6956     0.1392
   3.72151e+02      371      0.000     6.6942     0.1373
   3.89690e+02      372      0.000     6.6990     0.1281
   4.08055e+02      392      0.000     6.6926     0.1259
   4.27286e+02      397      0.000     6.7077     0.1217
   4.47424e+02      423      0.000     6.6963     0.1160
   4.68510e+02      442      0.000     6.7018     0.1121
   4.90590e+02      494      0.000     6.6951     0.1076
   5.13711e+02      480      0.000     6.7032     0.1087
   5.37922e+02      489      0.000     6.7083     0.1030
   5.63273e+02      476      0.000     6.7015     0.0974
   5.89819e+02      483      0.000     6.7059     0.0975
   6.17617e+02      475      0.000     6.7049     0.0845
   6.46724e+02      478      0.000     6.7103     0.0900
   6.77203e+02      471      0.000     6.7132     0.0912
   7.09119e+02      474      0.000     6.7158     0.0881
   7.42538e+02      467      0.000     6.7204     0.0852
   7.77533e+02      469      0.000     6.7260     0.0910
   8.14177e+02      464      0.000     6.7206     0.0842
   8.52548e+02      466      0.000     6.7206     0.0803
   8.92728e+02      461      0.000     6.7239     0.0828
   9.34800e+02      460      0.000     6.7307     0.0821
   9.78856e+02      452      0.000     6.7303     0.0769
   1.02499e+03      461      0.000     6.7328     0.0768
   1.07329e+03      446      0.000     6.7371     0.0719
   1.12388e+03      458      0.000     6.7410     0.0717
   1.17684e+03      443      0.000     6.7394     0.0684
   1.23231e+03      455      0.000     6.7487     0.0675
   1.29038e+03      439      0.000     6.7487     0.0695
   1.35120e+03      450      0.000     6.7549     0.0581
   1.41488e+03      435      0.000     6.7584     0.0598
   1.48156e+03      447      0.000     6.7640     0.0586
   1.55138e+03      431      0.000     6.7711     0.0614
   1.62450e+03      442      0.000     6.7765     0.0536
   1.70106e+03      428      0.000     6.7865     0.0518
   1.78123e+03      438      0.000     6.7922     0.0505
   1.86517e+03      424      0.000     6.8021     0.0489
   1.95308e+03      430      0.000     6.8086     0.0487
   2.04512e+03      421      0.000     6.8180     0.0473
   2.14150e+03      426      0.000     6.8302     0.0487
   2.24243e+03      418      0.000     6.8367     0.0496
   2.34811e+03      421      0.000     6.8474     0.0475
   2.45878e+03      417      0.000     6.8593     0.0455
   2.57465e+03      415      0.000     6.8705     0.0487
   2.69599e+03      413      0.000     6.8849     0.0423
   2.82305e+03      414      0.000     6.9017     0.0429
   2.95610e+03      408      0.000     6.9146     0.0396
   3.09542e+03      410      0.000     6.9301     0.0421
   3.24130e+03      403      0.000     6.9423     0.0395
   3.39406e+03      406      0.000     6.9607     0.0367
   3.55401e+03      399      0.000     6.9744     0.0383
   3.72151e+03      402      0.000     6.9930     0.0378
   3.89690e+03      394      0.000     7.0135     0.0427
   4.08055e+03      395      0.000     7.0351     0.0423
   4.27286e+03      391      0.000     7.0495     0.0365
   4.47424e+03      395      0.000     7.0737     0.0356
   4.68510e+03      385      0.000     7.0932     0.0345
   4.90590e+03      392      0.000     7.1134     0.0325
   5.13711e+03      381      0.000     7.1371     0.0335
   5.37922e+03      389      0.000     7.1581     0.0340
   5.63273e+03      377      0.000     7.1856     0.0330
   5.89819e+03      383      0.000     7.2098     0.0342
   6.17617e+03      374      0.000     7.2360     0.0329
   6.46724e+03      378      0.000     7.2653     0.0314
   6.77203e+03      371      0.000     7.2900     0.0330
   7.09119e+03      371      0.000     7.3219     0.0335
   7.42538e+03      371      0.000     7.3478     0.0308
   7.77533e+03      366      0.000     7.3784     0.0297
   8.14177e+03      367      0.000     7.4107     0.0287
   8.52548e+03      363      0.000     7.4375     0.0298
   8.92728e+03      361      0.000     7.4701     0.0311
   9.34800e+03      358      0.000     7.5040     0.0304
   9.78856e+03      360      0.000     7.5367     0.0295
   1.02499e+04      352      0.000     7.5776     0.0305
   1.07329e+04      355      0.000     7.6132     0.0281
   1.12388e+04      349      0.000     7.6542     0.0296
   1.17684e+04      352      0.000     7.6980     0.0313
   1.23231e+04      346      0.000     7.7354     0.0302
   1.29038e+04      346      0.000     7.7841     0.0292
   1.35120e+04      342      0.000     7.8293     0.0289
   1.41488e+04      342      0.000     7.8777     0.0286
   1.48156e+04      340      0.000     7.9339     0.0312
   1.55138e+04      337      0.000     7.9868     0.0288
   1.62450e+04      335      0.000     8.0457     0.0299
   1.70106e+04      335      0.000     8.1003     0.0306
   1.78123e+04      330      0.000     8.1629     0.0293
   1.86517e+04      331      0.000     8.2296     0.0310
   1.95308e+04      324      0.000     8.2945     0.0323
   2.04512e+04      328      0.000     8.3676     0.0345
   2.14150e+04      320      0.000     8.4449     0.0342
   2.24243e+04      325      0.000     8.5257     0.0343
   2.34811e+04      316      0.000     8.6091     0.0337
   2.45878e+04      319      0.000     8.6946     0.0366
   2.57465e+04      314      0.000     8.7846     0.0351
   2.69599e+04      316      0.000     8.8809     0.0345
   2.82305e+04      309      0.000     8.9827     0.0381
   2.95610e+04      313      0.000     9.0920     0.0393
   3.09542e+04      303      0.000     9.2035     0.0393
   3.24130e+04      309      0.000     9.3223     0.0402
   3.39406e+04      300      0.000     9.4432     0.0431
   3.55401e+04      305      0.000     9.5740     0.0400
   3.72151e+04      296      0.000     9.7099     0.0458
   3.89690e+04      299      0.000     9.8546     0.0476
   4.08055e+04      294      0.000    10.0048     0.0504
   4.27286e+04      293      0.000    10.1631     0.0486
   4.47424e+04      292      0.000    10.3329     0.0566
   4.68510e+04      290      0.000    10.5123     0.0533
   4.90590e+04      288      0.000    10.7018     0.0594
   5.13711e+04      287      0.000    10.9021     0.0609
   5.37922e+04      283      0.000    11.1160     0.0674
   5.63273e+04      284      0.000    11.3474     0.0727
   5.89819e+04      277      0.000    11.5935     0.0749
   6.17617e+04      281      0.000    11.8645     0.0821
   6.46724e+04      272      0.000    12.1620     0.0932
   6.77203e+04      277      0.000    12.4857     0.0965
   7.09119e+04      269      0.000    12.8537     0.1201
   7.42538e+04      272      0.000    13.2639     0.1210
   7.77533e+04      266      0.000    13.7391     0.1573
   8.14177e+04      267      0.000    14.2808     0.1564
   8.52548e+04      261      0.000    14.9369     0.2163
   8.92728e+04      266      0.000    15.7140     0.2298
   9.34800e+04      256      0.000    16.6854     0.3256
   9.78856e+04      263      0.000    17.8804     0.3751
   1.02499e+05      232      0.000    19.1093     0.3398
   1.07329e+05        4      0.000    20.0190     0.0407
