! mass-weighted dust temperature of the middle part of the cylinder, |z| < 2.032 pc, against R
!        R(AU)    cells   frac T=0       T(K)     rms(K)
   2.24243e-01       72      0.986     5.9992     0.0000
   2.34811e-01       75      0.987    15.5745     0.0000
   2.69599e-01       81      0.988     6.7792     0.0000
   2.95610e-01       84      0.988    12.2268     0.0000
   3.39406e-01       90      0.989     9.2391     0.0000
   4.47424e-01       99      0.990     7.1409     0.0000
   4.68510e-01      108      0.981     9.9529     4.3919
   4.90590e-01      104      0.990     5.3796     0.0000
   5.13711e-01      111      0.964    10.7125     0.5132
   5.37922e-01      108      0.991    13.9095     0.0000
   5.63273e-01      115      0.965     4.4186     1.0889
   5.89819e-01      112      0.973     8.5198     3.6122
   6.17617e-01      120      0.975     8.0623     2.8755
   6.46724e-01      115      0.957     9.2994     3.1238
   6.77203e-01      122      0.943     8.0377     0.6004
   7.09119e-01      121      0.959     5.1675     1.0544
   7.42538e-01      124      0.944     9.1315     3.0225
   7.77533e-01      128      0.922     8.7915     0.6280
   8.14177e-01      126      0.937     7.7088     0.6385
   8.52548e-01      133      0.940     3.0147     1.5302
   8.92728e-01      130      0.931     9.5872     0.7239
   9.34800e-01      138      0.920     6.3452     2.3187
   9.78856e-01      134      0.910     5.4928     0.7128
   1.02499e+00      141      0.922     4.3483     1.5910
   1.07329e+00      138      0.935     9.7856     1.6672
   1.12388e+00      145      0.897     5.5175     1.1404
   1.17684e+00      143      0.895     8.7615     0.9341
   1.23231e+00      149      0.893     4.9337     1.1307
   1.29038e+00      146      0.897     2.4949     1.2510
   1.35120e+00      151      0.887     5.4294     0.7795
   1.41488e+00      152      0.849     5.0589     1.4557
   1.48156e+00      154      0.857     5.6489     1.2597
   1.55138e+00      158      0.854     6.4969     0.9963
   1.62450e+00      155      0.858     7.7995     0.6113
   1.70106e+00      164      0.854     8.1629     1.0384
   1.78123e+00      159      0.799     8.1004     0.9454
   1.86517e+00      170      0.841     6.7591     0.9325
   1.95308e+00      162      0.809     6.3443     0.8573
   2.04512e+00      173      0.827     3.2691     1.3262
   2.14150e+00      166      0.801     6.2551     0.8259
   2.24243e+00      177      0.757     6.9105     0.8614
   2.34811e+00      172      0.762     6.1233     1.2729
   2.45878e+00      180      0.739     8.5537     1.3027
   2.57465e+00      175      0.743     6.7000     1.5763
   2.69599e+00      182      0.725     7.4323     1.1204
   2.82305e+00      181      0.680     7.0063     1.4534
   2.95610e+00      185      0.670     5.9348     0.7654
   3.09542e+00      187      0.674     5.6432     0.8107
   3.24130e+00      186      0.656     6.5467     0.7920
   3.39406e+00      193      0.632     6.6598     0.9696
   3.55401e+00      189      0.603     6.3417     0.9012
   3.72151e+00      200      0.585     7.3501     1.0546
   3.89690e+00      192      0.568     7.3648     0.9567
   4.08055e+00      204      0.593     6.4410     0.8521
   4.27286e+00      195      0.554     6.4042     0.9122
   4.47424e+00      208      0.519     6.2430     0.9560
   4.68510e+00      201      0.517     7.2387     0.8731
   4.90590e+00      211      0.507     6.8730     0.8362
   5.13711e+00      205      0.522     6.8862     0.6281
   5.37922e+00      212      0.491     6.9932     0.8021
   5.63273e+00      211      0.479     7.0640     0.7144
   5.89819e+00      215      0.460     7.3452     0.9081
   6.17617e+00      217      0.442     7.2401     0.8661
   6.46724e+00      217      0.442     7.2432     1.0394
   6.77203e+00      222      0.423     7.5059     0.9282
   7.09119e+00      219      0.406     7.4587     0.9197
   7.42538e+00      230      0.409     6.7882     0.5772
   7.77533e+00      222      0.360     6.7527     0.7865
   8.14177e+00      235      0.379     6.9574     0.7464
   8.52548e+00      224      0.388     6.9751     0.6732
   8.92728e+00      239      0.351     6.6192     0.5285
   9.34800e+00      230      0.348     6.9901     0.6466
   9.78856e+00      242      0.326     7.2035     0.7738
   1.02499e+01      235      0.319     6.9875     0.6312
   1.07329e+01      242      0.318     7.1953     0.6345
   1.12388e+01      241      0.315     6.9173     0.5752
   1.17684e+01      245      0.286     7.0829     0.4981
   1.23231e+01      247      0.259     7.1199     0.5369
   1.29038e+01      248      0.258     7.1805     0.4839
   1.35120e+01      251      0.259     7.3709     0.5745
   1.41488e+01      250      0.240     7.1073     0.5736
   1.48156e+01      259      0.239     7.1342     0.4689
   1.55138e+01      251      0.235     7.2151     0.5494
   1.62450e+01      266      0.229     7.1231     0.4211
   1.70106e+01      254      0.228     7.2050     0.3933
   1.78123e+01      270      0.200     7.0494     0.3903
   1.86517e+01      258      0.190     7.3559     0.3940
   1.95308e+01      274      0.179     7.2864     0.4019
   2.04512e+01      260      0.173     7.0533     0.7892
   2.14150e+01      275      0.189     7.0584     0.7376
   2.24243e+01      264      0.167     7.0733     0.7035
   2.34811e+01      275      0.142     7.0624     0.7363
   2.45878e+01      272      0.151     7.0651     0.7032
   2.57465e+01      277      0.126     7.1475     0.6404
   2.69599e+01      278      0.144     7.1350     0.6336
   2.82305e+01      278      0.126     7.1400     0.5886
   2.95610e+01      285      0.133     7.1733     0.6474
   3.09542e+01      280      0.132     7.1596     0.5597
   3.24130e+01      292      0.120     7.1532     0.5589
   3.39406e+01      283      0.124     7.1304     0.5359
   3.55401e+01      296      0.111     7.1663     0.5098
   3.72151e+01      287      0.087     7.1361     0.5037
   3.89690e+01      301      0.073     7.1669     0.4786
   4.08055e+01      290      0.069     7.2177     0.4460
   4.27286e+01      302      0.063     7.1840     0.4789
   4.47424e+01      289      0.055     7.1803     0.4495
   4.68510e+01      301      0.050     7.1860     0.4179
   4.90590e+01      291      0.055     7.1757     0.4111
   5.13711e+01      297      0.037     7.1925     0.3862
   5.37922e+01      295      0.054     7.1696     0.4007
   5.63273e+01      293      0.038     7.2008     0.3887
   5.89819e+01      298      0.050     7.1312     0.3984
   6.17617e+01      291      0.034     7.1819     0.3815
   6.46724e+01      301      0.027     7.1953     0.3943
   6.77203e+01      291      0.024     7.2110     0.3608
   7.09119e+01      300      0.020     7.2140     0.3648
   7.42538e+01      291      0.024     7.1917     0.3413
   7.77533e+01      300      0.003     7.1671     0.3499
   8.14177e+01      290      0.010     7.2029     0.3404
   8.52548e+01      304      0.010     7.1780     0.3387
   8.92728e+01      289      0.010     7.2057     0.3349
   9.34800e+01      304      0.013     7.1783     0.3112
   9.78856e+01      289      0.007     7.1536     0.3033
   1.02499e+02      301      0.013     7.2050     0.2951
   1.07329e+02      294      0.007     7.1901     0.2831
   1.12388e+02      296      0.000     7.1943     0.2797
   1.17684e+02      299      0.003     7.2153     0.2907
   1.23231e+02      293      0.000     7.2165     0.2911
   1.29038e+02      303      0.000     7.2129     0.2684
   1.35120e+02      291      0.000     7.2159     0.2689
   1.41488e+02      306      0.000     7.2212     0.2548
   1.48156e+02      290      0.000     7.2300     0.2673
   1.55138e+02      307      0.000     7.2161     0.2402
   1.62450e+02      291      0.000     7.2064     0.2367
   1.70106e+02      308      0.000     7.2410     0.2226
   1.78123e+02      296      0.000     7.2262     0.2238
   1.86517e+02      311      0.000     7.2247     0.2060
   1.95308e+02      299      0.000     7.2093     0.2023
   2.04512e+02      319      0.000     7.2137     0.2221
   2.14150e+02      303      0.000     7.2349     0.2140
   2.24243e+02      325      0.000     7.2260     0.2011
   2.34811e+02      324      0.000     7.2316     0.2106
   2.45878e+02      324      0.000     7.2343     0.1907
   2.57465e+02      316      0.000     7.2328     0.1885
   2.69599e+02      323      0.000     7.2173     0.1734
   2.82305e+02      329      0.000     7.2409     0.1747
   2.95610e+02      329      0.000     7.2308     0.1830
   3.09542e+02      340      0.000     7.2370     0.1563
   3.24130e+02      339      0.000     7.2266     0.1675
   3.39406e+02      354      0.000     7.2488     0.1556
   3.55401e+02      352      0.000     7.2466     0.1503
   3.72151e+02      371      0.000     7.2374     0.1583
   3.89690e+02      372      0.000     7.2453     0.1451
   4.08055e+02      392      0.000     7.2244     0.1448
   4.27286e+02      397      0.000     7.2467     0.1462
   4.47424e+02      423      0.000     7.2336     0.1404
   4.68510e+02      442      0.000     7.2455     0.1476
   4.90590e+02      494      0.000     7.2423     0.1385
   5.13711e+02      480      0.000     7.2489     0.1368
   5.37922e+02      489      0.000     7.2445     0.1223
   5.63273e+02      476      0.000     7.2406     0.1254
   5.89819e+02      483      0.000     7.2572     0.1253
   6.17617e+02      475      0.000     7.2468     0.1205
   6.46724e+02      478      0.000     7.2552     0.1136
   6.77203e+02      471      0.000     7.2679     0.1134
   7.09119e+02      474      0.000     7.2665     0.1138
   7.42538e+02      467      0.000     7.2746     0.1133
   7.77533e+02      469      0.000     7.2719     0.1092
   8.14177e+02      464      0.000     7.2761     0.1130
   8.52548e+02      466      0.000     7.2675     0.1053
   8.92728e+02      461      0.000     7.2796     0.1017
   9.34800e+02      460      0.000     7.2755     0.0952
   9.78856e+02      452      0.000     7.2713     0.0949
   1.02499e+03      461      0.000     7.2743     0.0965
   1.07329e+03      446      0.000     7.2819     0.0842
   1.12388e+03      458      0.000     7.2921     0.0862
   1.17684e+03      443      0.000     7.2857     0.0882
   1.23231e+03      455      0.000     7.2950     0.0815
   1.29038e+03      439      0.000     7.2949     0.0853
   1.35120e+03      450      0.000     7.3016     0.0751
   1.41488e+03      435      0.000     7.3084     0.0766
   1.48156e+03      447      0.000     7.3191     0.0787
   1.55138e+03      431      0.000     7.3260     0.0726
   1.62450e+03      442      0.000     7.3322     0.0702
   1.70106e+03      428      0.000     7.3393     0.0660
   1.78123e+03      438      0.000     7.3549     0.0644
   1.86517e+03      424      0.000     7.3608     0.0657
   1.95308e+03      430      0.000     7.3653     0.0672
   2.04512e+03      421      0.000     7.3731     0.0640
   2.14150e+03      426      0.000     7.3913     0.0579
   2.24243e+03      418      0.000     7.4018     0.0616
   2.34811e+03      421      0.000     7.4118     0.0596
   2.45878e+03      417      0.000     7.4235     0.0558
   2.57465e+03      415      0.000     7.4394     0.0559
   2.69599e+03      413      0.000     7.4633     0.0528
   2.82305e+03      414      0.000     7.4823     0.0534
   2.95610e+03      408      0.000     7.4973     0.0490
   3.09542e+03      410      0.000     7.5167     0.0500
   3.24130e+03      403      0.000     7.5302     0.0506
   3.39406e+03      406      0.000     7.5545     0.0495
   3.55401e+03      399      0.000     7.5781     0.0493
   3.72151e+03      402      0.000     7.5938     0.0472
   3.89690e+03      394      0.000     7.6241     0.0490
   4.08055e+03      395      0.000     7.6489     0.0492
   4.27286e+03      391      0.000     7.6749     0.0469
   4.47424e+03      395      0.000     7.7009     0.0470
   4.68510e+03      385      0.000     7.7266     0.0455
   4.90590e+03      392      0.000     7.7597     0.0446
   5.13711e+03      381      0.000     7.7937     0.0446
   5.37922e+03      389      0.000     7.8260     0.0456
   5.63273e+03      377      0.000     7.8626     0.0420
   5.89819e+03      383      0.000     7.8977     0.0464
   6.17617e+03      374      0.000     7.9353     0.0442
   6.46724e+03      378      0.000     7.9730     0.0433
   6.77203e+03      371      0.000     8.0147     0.0461
   7.09119e+03      371      0.000     8.0650     0.0436
   7.42538e+03      371      0.000     8.1056     0.0443
   7.77533e+03      366      0.000     8.1554     0.0433
   8.14177e+03      367      0.000     8.2066     0.0467
   8.52548e+03      363      0.000     8.2584     0.0451
   8.92728e+03      361      0.000     8.3146     0.0446
   9.34800e+03      358      0.000     8.3708     0.0412
   9.78856e+03      360      0.000     8.4313     0.0412
   1.02499e+04      352      0.000     8.4935     0.0443
   1.07329e+04      355      0.000     8.5535     0.0436
   1.12388e+04      349      0.000     8.6255     0.0447
   1.17684e+04      352      0.000     8.6967     0.0440
   1.23231e+04      346      0.000     8.7699     0.0441
   1.29038e+04      346      0.000     8.8468     0.0432
   1.35120e+04      342      0.000     8.9239     0.0427
   1.41488e+04      342      0.000     9.0037     0.0407
   1.48156e+04      340      0.000     9.0948     0.0422
   1.55138e+04      337      0.000     9.1784     0.0393
   1.62450e+04      335      0.000     9.2717     0.0410
   1.70106e+04      335      0.000     9.3638     0.0421
   1.78123e+04      330      0.000     9.4590     0.0407
   1.86517e+04      331      0.000     9.5609     0.0430
   1.95308e+04      324      0.000     9.6652     0.0398
   2.04512e+04      328      0.000     9.7738     0.0424
   2.14150e+04      320      0.000     9.8876     0.0404
   2.24243e+04      325      0.000    10.0023     0.0413
   2.34811e+04      316      0.000    10.1198     0.0469
   2.45878e+04      319      0.000    10.2384     0.0443
   2.57465e+04      314      0.000    10.3663     0.0422
   2.69599e+04      316      0.000    10.4992     0.0441
   2.82305e+04      309      0.000    10.6331     0.0481
   2.95610e+04      313      0.000    10.7732     0.0494
   3.09542e+04      303      0.000    10.9156     0.0495
   3.24130e+04      309      0.000    11.0658     0.0493
   3.39406e+04      300      0.000    11.2170     0.0504
   3.55401e+04      305      0.000    11.3778     0.0494
   3.72151e+04      296      0.000    11.5456     0.0540
   3.89690e+04      299      0.000    11.7164     0.0574
   4.08055e+04      294      0.000    11.8931     0.0564
   4.27286e+04      293      0.000    12.0778     0.0568
   4.47424e+04      292      0.000    12.2759     0.0641
   4.68510e+04      290      0.000    12.4830     0.0622
   4.90590e+04      288      0.000    12.7023     0.0685
   5.13711e+04      287      0.000    12.9316     0.0689
   5.37922e+04      283      0.000    13.1720     0.0742
   5.63273e+04      284      0.000    13.4323     0.0792
   5.89819e+04      277      0.000    13.7038     0.0841
   6.17617e+04      281      0.000    14.0007     0.0902
   6.46724e+04      272      0.000    14.3162     0.0988
   6.77203e+04      277      0.000    14.6526     0.1000
   7.09119e+04      269      0.000    15.0242     0.1187
   7.42538e+04      272      0.000    15.4197     0.1142
   7.77533e+04      266      0.000    15.8556     0.1412
   8.14177e+04      267      0.000    16.3229     0.1314
   8.52548e+04      261      0.000    16.8498     0.1677
   8.92728e+04      266      0.000    17.4282     0.1658
   9.34800e+04      256      0.000    18.0919     0.2148
   9.78856e+04      263      0.000    18.8413     0.2286
   1.02499e+05      232      0.000    19.5850     0.2057
   1.07329e+05        4      0.000    20.1593     0.0445
