! mass-weighted dust temperature of the middle part of the cylinder, |z| < 3.650 pc, against R
!        R(AU)    cells   frac T=0       T(K)     rms(K)
   1.96487e-01      148      0.000    26.9989     0.0000
   4.10520e-01      210      0.000    23.9355     0.0000
   4.29867e-01      208      0.000    23.6953     0.0000
   4.50126e-01      216      0.000    17.7962     4.7757
   4.71340e-01      226      0.000    23.2241     0.0000
   5.16814e-01      220      0.009    22.9928     0.0000
   5.41170e-01      234      0.000    16.5326     5.4690
   5.66675e-01      231      0.013     6.4671     4.5254
   5.93381e-01      193      0.196     9.9106     0.0000
   6.21347e-01      240      0.000    18.8199     2.4085
   6.50630e-01      243      0.012    20.0421     0.0000
   6.81293e-01      248      0.000    14.5472     7.1077
   7.13401e-01      250      0.012     8.1988     5.3227
   7.47023e-01      252      0.000    14.4299     5.6843
   7.82229e-01      254      0.004    15.1199     5.1561
   8.19094e-01      258      0.011    21.2217     0.0000
   8.57697e-01      268      0.007    15.2144     5.3777
   8.98119e-01      264      0.000    12.5663     4.7748
   9.40446e-01      268      0.007    13.1692     5.0162
   9.84768e-01      276      0.007     9.7960     0.3403
   1.03118e+00      278      0.000     9.4690     1.0508
   1.07978e+00      280      0.007     8.4932     1.7215
   1.13066e+00      286      0.000    11.2407     2.0523
   1.18395e+00      286      0.000     9.6848     0.4351
   1.23975e+00      294      0.000     8.4503     0.7761
   1.29818e+00      296      0.000     7.3592     1.0353
   1.35936e+00      300      0.000    10.1372     1.0188
   1.42342e+00      298      0.007     8.5003     0.6310
   1.49051e+00      300      0.000     7.4863     0.6424
   1.56075e+00      302      0.000     7.3603     0.2593
   1.63431e+00      300      0.006     7.5365     0.4964
   1.71133e+00      296      0.000     9.4431     0.4733
   1.79198e+00      300      0.000     7.5714     0.5016
   1.87644e+00      302      0.000     7.4003     0.4658
   1.96487e+00      302      0.000     6.8916     0.4157
   2.05747e+00      296      0.000     7.9384     0.3675
   2.15444e+00      300      0.000     7.0440     0.3726
   2.25597e+00      300      0.000     7.4217     0.3475
   2.36229e+00      302      0.000     7.5938     0.3149
   2.47363e+00      298      0.000     7.6587     0.2373
   2.59020e+00      300      0.000     7.8228     0.5022
   2.71228e+00      298      0.000     8.0823     0.5532
   2.84010e+00      302      0.000     7.6819     0.5123
   2.97395e+00      300      0.000     7.6945     0.3752
   3.11411e+00      298      0.000     7.8963     0.5468
   3.26087e+00      298      0.000     8.0310     0.4440
   3.41455e+00      300      0.000     7.8669     0.5330
   3.57548e+00      302      0.000     7.1787     0.2811
   3.74398e+00      298      0.000     7.4038     0.4265
   3.92043e+00      300      0.000     7.7122     0.4387
   4.10520e+00      300      0.000     7.6441     0.4712
   4.29867e+00      302      0.000     7.4817     0.2927
   4.50126e+00      298      0.000     7.8990     0.5355
   4.71340e+00      298      0.000     7.9736     0.4961
   4.93553e+00      300      0.000     7.4795     0.5740
   5.16814e+00      302      0.000     7.7993     0.3850
   5.41170e+00      300      0.000     7.4498     0.4768
   5.66675e+00      298      0.000     7.6660     0.4886
   5.93381e+00      300      0.000     7.8066     0.3985
   6.21347e+00      300      0.000     7.9659     0.5021
   6.50630e+00      300      0.000     7.3844     0.3570
   6.81293e+00      298      0.000     7.6835     0.3397
   7.13401e+00      302      0.000     7.7958     0.4883
   7.47023e+00      298      0.000     7.7901     0.3234
   7.82229e+00      300      0.000     7.4154     0.2818
   8.19094e+00      298      0.000     7.3859     0.2179
   8.57697e+00      300      0.000     7.5463     0.2846
   8.98119e+00      300      0.000     7.5289     0.2280
   9.40446e+00      302      0.000     7.4893     0.2024
   9.84768e+00      300      0.000     7.0821     0.1329
   1.03118e+01      296      0.000     7.4101     0.3486
   1.07978e+01      300      0.000     7.3304     0.1309
   1.13066e+01      302      0.000     7.2545     0.2091
   1.18395e+01      302      0.000     7.0993     0.0957
   1.23975e+01      296      0.000     7.2890     0.2494
   1.29818e+01      300      0.000     7.4630     0.2494
   1.35936e+01      300      0.000     7.2996     0.1122
   1.42342e+01      302      0.000     7.2031     0.1117
   1.49051e+01      296      0.000     7.3836     0.1315
   1.56075e+01      302      0.000     7.2576     0.1669
   1.63431e+01      300      0.000     7.1576     0.1387
   1.71133e+01      302      0.000     7.0755     0.0744
   1.79198e+01      298      0.000     7.2095     0.1002
   1.87644e+01      298      0.000     7.0859     0.1906
   1.96487e+01      300      0.000     7.0671     0.1870
   2.05747e+01      300      0.000     7.1218     0.1600
   2.15444e+01      300      0.000     7.2407     0.1167
   2.25597e+01      298      0.000     6.9801     0.1065
   2.36229e+01      298      0.000     7.2484     0.1269
   2.47363e+01      302      0.000     7.3212     0.1196
   2.59020e+01      302      0.000     7.2514     0.1661
   2.71228e+01      298      0.000     7.2364     0.1489
   2.84010e+01      298      0.000     7.4080     0.1632
   2.97395e+01      300      0.000     7.3546     0.1426
   3.11411e+01      302      0.000     7.2866     0.1676
   3.26087e+01      302      0.000     7.3434     0.1320
   3.41455e+01      296      0.000     7.4183     0.2190
   3.57548e+01      300      0.000     7.3188     0.1226
   3.74398e+01      300      0.000     7.3792     0.2032
   3.92043e+01      302      0.000     7.2387     0.1671
   4.10520e+01      296      0.000     7.2448     0.1734
   4.29867e+01      302      0.000     7.2992     0.1897
   4.50126e+01      300      0.000     7.3738     0.1882
   4.71340e+01      302      0.000     7.2577     0.2129
   4.93553e+01      298      0.000     7.3442     0.1645
   5.16814e+01      298      0.000     7.6015     0.2203
   5.41170e+01      300      0.000     7.4558     0.1988
   5.66675e+01      304      0.000     7.4790     0.2123
   5.93381e+01      298      0.000     7.5023     0.1369
   6.21347e+01      298      0.000     7.6566     0.1865
   6.50630e+01      302      0.000     7.4601     0.1156
   6.81293e+01      298      0.000     7.5233     0.1104
   7.13401e+01      304      0.000     7.5694     0.0906
   7.47023e+01      300      0.000     7.6552     0.1311
   7.82229e+01      296      0.000     7.7834     0.1280
   8.19094e+01      298      0.000     7.6633     0.1020
   8.57697e+01      306      0.000     7.7430     0.0772
   8.98119e+01      300      0.000     7.7689     0.0805
   9.40446e+01      302      0.000     7.7723     0.1048
   9.84768e+01      302      0.000     7.7316     0.0781
   1.03118e+02      304      0.000     7.8343     0.0987
   1.07978e+02      300      0.000     7.8590     0.1257
   1.13066e+02      302      0.000     7.8677     0.0950
   1.18395e+02      306      0.000     7.8041     0.1140
   1.23975e+02      300      0.000     7.9260     0.0942
   1.29818e+02      306      0.000     7.8585     0.1155
   1.35936e+02      304      0.000     7.9559     0.1186
   1.42342e+02      302      0.000     7.8860     0.0781
   1.49051e+02      312      0.000     7.9073     0.1151
   1.56075e+02      300      0.000     7.8904     0.1076
   1.63431e+02      306      0.000     7.9452     0.0869
   1.71133e+02      314      0.000     8.0154     0.0977
   1.79198e+02      308      0.000     8.0448     0.0851
   1.87644e+02      320      0.000     8.0633     0.0743
   1.96487e+02      322      0.000     8.1644     0.0731
   2.05747e+02      328      0.000     8.1766     0.0863
   2.15444e+02      348      0.000     8.1458     0.0835
   2.25597e+02      340      0.000     8.4108     0.0805
   2.36229e+02      376      0.000     8.4266     0.0612
   2.47363e+02      344      0.000     8.2409     0.0904
   2.59020e+02      338      0.000     8.1780     0.0578
   2.71228e+02      358      0.000     8.2487     0.0743
   2.84010e+02      368      0.000     8.2008     0.0971
   2.97395e+02      362      0.000     8.2139     0.0818
   3.11411e+02      396      0.000     8.1778     0.0974
   3.26087e+02      382      0.000     8.2312     0.0570
   3.41455e+02      406      0.000     8.2440     0.0817
   3.57548e+02      430      0.000     8.3613     0.0535
   3.74398e+02      428      0.000     8.3621     0.0485
   3.92043e+02      476      0.000     8.3504     0.0774
   4.10520e+02      472      0.000     8.3989     0.0638
   4.29867e+02      502      0.000     8.4278     0.0436
   4.50126e+02      556      0.000     8.5014     0.0587
   4.71340e+02      600      0.000     8.4796     0.0419
   4.93553e+02      674      0.000     8.4357     0.0633
   5.16814e+02      674      0.000     8.4511     0.0570
   5.41170e+02      648      0.000     8.4613     0.0579
   5.66675e+02      676      0.000     8.4319     0.0345
   5.93381e+02      644      0.000     8.4455     0.0487
   6.21347e+02      656      0.000     8.4516     0.0410
   6.50630e+02      640      0.000     8.5310     0.0566
   6.81293e+02      632      0.000     8.5181     0.0700
   7.13401e+02      652      0.000     8.5315     0.0738
   7.47023e+02      642      0.000     8.5605     0.0740
   7.82229e+02      624      0.000     8.5489     0.0581
   8.19094e+02      650      0.000     8.5957     0.0547
   8.57697e+02      608      0.000     8.5999     0.0539
   8.98119e+02      624      0.000     8.5716     0.0689
   9.40446e+02      624      0.000     8.5688     0.0349
   9.84768e+02      602      0.000     8.5627     0.0647
   1.03118e+03      622      0.000     8.5979     0.0261
   1.07978e+03      606      0.000     8.6296     0.0282
   1.13066e+03      600      0.000     8.5821     0.0302
   1.18395e+03      606      0.000     8.5922     0.0211
   1.23975e+03      584      0.000     8.6914     0.0139
   1.29818e+03      598      0.000     8.6693     0.0257
   1.35936e+03      590      0.000     8.6493     0.0304
   1.42342e+03      580      0.000     8.6109     0.0275
   1.49051e+03      602      0.000     8.6306     0.0235
   1.56075e+03      562      0.000     8.6500     0.0244
   1.63431e+03      580      0.000     8.6513     0.0211
   1.71133e+03      574      0.000     8.6389     0.0220
   1.79198e+03      556      0.000     8.6661     0.0285
   1.87644e+03      570      0.000     8.6799     0.0233
   1.96487e+03      574      0.000     8.7471     0.0263
   2.05747e+03      542      0.000     8.7688     0.0322
   2.15444e+03      568      0.000     8.7679     0.0343
   2.25597e+03      540      0.000     8.8239     0.0230
   2.36229e+03      550      0.000     8.7919     0.0309
   2.47363e+03      536      0.000     8.7937     0.0215
   2.59020e+03      532      0.000     8.7861     0.0208
   2.71228e+03      544      0.000     8.7820     0.0239
   2.84010e+03      536      0.000     8.8318     0.0283
   2.97395e+03      518      0.000     8.8862     0.0265
   3.11411e+03      546      0.000     8.8758     0.0209
   3.26087e+03      502      0.000     8.9091     0.0307
   3.41455e+03      522      0.000     8.9243     0.0151
   3.57548e+03      518      0.000     8.9686     0.0190
   3.74398e+03      498      0.000     9.0044     0.0154
   3.92043e+03      520      0.000     9.0629     0.0131
   4.10520e+03      498      0.000     9.0673     0.0112
   4.29867e+03      492      0.000     9.1139     0.0140
   4.50126e+03      506      0.000     9.1073     0.0111
   4.71340e+03      480      0.000     9.1749     0.0184
   4.93553e+03      488      0.000     9.1667     0.0184
   5.16814e+03      494      0.000     9.2380     0.0116
   5.41170e+03      474      0.000     9.2334     0.0108
   5.66675e+03      492      0.000     9.2554     0.0097
   5.93381e+03      464      0.000     9.2755     0.0087
   6.21347e+03      476      0.000     9.3003     0.0073
   6.50630e+03      464      0.000     9.3480     0.0057
   6.81293e+03      458      0.000     9.3770     0.0071
   7.13401e+03      468      0.000     9.3982     0.0089
   7.47023e+03      462      0.000     9.4040     0.0058
   7.82229e+03      444      0.000     9.4160     0.0085
   8.19094e+03      452      0.000     9.4614     0.0141
   8.57697e+03      434      0.000     9.4776     0.0106
   8.98119e+03      442      0.000     9.5133     0.0081
   9.40446e+03      420      0.000     9.5239     0.0116
   9.84768e+03      416      0.000     9.5493     0.0120
   1.03118e+04      418      0.000     9.5762     0.0077
   1.07978e+04      414      0.000     9.5999     0.0094
   1.13066e+04      392      0.000     9.6315     0.0104
   1.18395e+04      404      0.000     9.6680     0.0085
   1.23975e+04      374      0.000     9.6630     0.0165
   1.29818e+04      386      0.000     9.6916     0.0122
   1.35936e+04      366      0.000     9.7130     0.0133
   1.42342e+04      360      0.000     9.7504     0.0091
   1.49051e+04      360      0.000     9.7842     0.0055
   1.56075e+04      340      0.000     9.8008     0.0129
   1.63431e+04      342      0.000     9.8326     0.0060
   1.71133e+04      322      0.000     9.8505     0.0140
   1.79198e+04      320      0.000     9.8661     0.0191
   1.87644e+04      318      0.000     9.8709     0.0173
   1.96487e+04      298      0.000     9.8937     0.0188
   2.05747e+04      296      0.000     9.9326     0.0188
   2.15444e+04      290      0.000     9.9478     0.0241
   2.25597e+04      270      0.000     9.9636     0.0247
   2.36229e+04      282      0.000     9.9815     0.0195
   2.47363e+04      246      0.000     9.9984     0.0240
   2.59020e+04      250      0.000    10.0173     0.0216
   2.71228e+04      250      0.000    10.0367     0.0163
   2.84010e+04      236      0.000    10.0549     0.0125
   2.97395e+04      228      0.000    10.0844     0.0096
   3.11411e+04      222      0.000    10.1091     0.0165
   3.26087e+04      206      0.000    10.1314     0.0189
   3.41455e+04      214      0.000    10.1348     0.0160
   3.57548e+04      188      0.000    10.1332     0.0169
   3.74398e+04      188      0.000    10.1401     0.0171
   3.92043e+04      184      0.000    10.1630     0.0240
   4.10520e+04      174      0.000    10.1825     0.0202
   4.29867e+04      168      0.000    10.1872     0.0180
   4.50126e+04      162      0.000    10.1960     0.0215
   4.71340e+04      150      0.000    10.2087     0.0182
   4.93553e+04      156      0.000    10.2201     0.0138
   5.16814e+04      136      0.000    10.2171     0.0162
   5.41170e+04      138      0.000    10.2222     0.0182
   5.66675e+04      136      0.000    10.2341     0.0177
   5.93381e+04      118      0.000    10.2368     0.0178
   6.21347e+04      130      0.000    10.2344     0.0164
   6.50630e+04      106      0.000    10.2350     0.0173
   6.81293e+04      108      0.000    10.2320     0.0178
   7.13401e+04      114      0.000    10.2207     0.0164
   7.47023e+04       94      0.000    10.2113     0.0160
   7.82229e+04       98      0.000    10.2111     0.0145
   8.19094e+04       94      0.000    10.1987     0.0157
   8.57697e+04       84      0.000    10.1770     0.0152
   8.98119e+04       94      0.000    10.1457     0.0162
   9.40446e+04       74      0.000    10.1150     0.0190
   9.84768e+04       74      0.000    10.0822     0.0174
   1.03118e+05       80      0.000     9.9972     0.0113
   1.07978e+05       68      0.000     9.9755     0.0123
   1.13066e+05       68      0.000     9.9795     0.0076
   1.18395e+05       64      0.000    10.0080     0.0068
   1.23975e+05       60      0.000    10.0652     0.0074
   1.29818e+05       68      0.000    10.1486     0.0052
   1.35936e+05       50      0.000    10.2620     0.0071
   1.42342e+05       54      0.000    10.4036     0.0074
   1.49051e+05       56      0.000    10.5940     0.0073
   1.56075e+05       42      0.000    10.8445     0.0082
   1.63431e+05       54      0.000    11.1738     0.0082
   1.71133e+05       44      0.000    11.6264     0.0085
   1.79198e+05       38      0.000    12.2579     0.0243
   1.87644e+05       50      0.000    13.3545     0.0061
   1.96487e+05       32      0.000    15.3523     0.0187
   2.05747e+05       32      0.000    18.4067     0.0270
