! Date: 14/08/2026  Time: 14:23:05  Created by RADMC3D compiled on Aug 14 2026 12:46    
! Alexander Men’shchikov, DAp IRFU CEA Saclay, France                         
!
! RADIAL PROFILES OF SURFACE DENSITIES (cm^-2)
!
! Distance (pc): 2.60000000E+02  Mass-averaged Tdust (K): 1.34935381E+01
!
!   N   RADIUS(au)     RADIUS(pc)     RADIUS(as)      PROFILE        SLOPE          PROFILEBS      SLOPEBS
!
    1  3.0045470E+01  1.4566254E-04  1.1555950E-01  1.7716005E+22  4.8830183E-03  1.7341242E+22  4.9894177E-03
    2  8.1020247E+02  3.9279184E-03  3.1161633E+00  1.7433280E+22  4.8830183E-03  1.7058517E+22  4.9894177E-03
    3  1.5903595E+03  7.7101743E-03  6.1167672E+00  1.6636704E+22  4.8830183E-03  1.6261941E+22  4.9894177E-03
    4  2.3705165E+03  1.1492430E-02  9.1173710E+00  1.5446140E+22  4.8830183E-03  1.5071376E+22  4.9894177E-03
    5  3.1506735E+03  1.5274686E-02  1.2117975E+01  1.4034539E+22  6.9346830E-02  1.3659775E+22  7.0907340E-02
    6  3.9308305E+03  1.9056942E-02  1.5118579E+01  1.2506078E+22  1.8602691E-01  1.2131315E+22  1.9048112E-01
    7  4.7109875E+03  2.2839198E-02  1.8119183E+01  1.1049364E+22  3.3685395E-01  1.0674601E+22  3.4565565E-01
    8  5.4911445E+03  2.6621454E-02  2.1119786E+01  9.6625121E+21  5.2119618E-01  9.2877488E+21  5.3637796E-01
    9  6.2713015E+03  3.0403709E-02  2.4120390E+01  8.4246134E+21  6.8403241E-01  8.0498501E+21  7.0657383E-01
   10  7.0514585E+03  3.4185965E-02  2.7120994E+01  7.3753446E+21  8.7522808E-01  7.0005813E+21  9.0819454E-01
   11  7.8316155E+03  3.7968221E-02  3.0121598E+01  6.4112542E+21  1.0319832E+00  6.0364909E+21  1.0767463E+00
   12  8.6117725E+03  4.1750477E-02  3.3122202E+01  5.5473843E+21  1.1344504E+00  5.1726210E+21  1.1911267E+00
   13  9.3919294E+03  4.5532733E-02  3.6122806E+01  4.7595275E+21  1.3350036E+00  4.3847642E+21  1.4120290E+00
   14  1.0172086E+04  4.9314989E-02  3.9123409E+01  4.2607050E+21  1.3874498E+00  3.8859417E+21  1.5134796E+00
   15  1.0952243E+04  5.3097245E-02  4.2124013E+01  3.7012069E+21  1.5240769E+00  3.3264436E+21  1.6263811E+00
   16  1.1732400E+04  5.6879501E-02  4.5124617E+01  3.1361000E+21  1.7663407E+00  2.7613368E+21  1.9054720E+00
   17  1.2512557E+04  6.0661756E-02  4.8125221E+01  2.8416779E+21  1.5313401E+00  2.4669147E+21  1.7513105E+00
   18  1.3292714E+04  6.4444012E-02  5.1125825E+01  2.3930895E+21  1.9050263E+00  2.0183262E+21  2.1037614E+00
   19  1.4072871E+04  6.8226268E-02  5.4126429E+01  2.1430269E+21  1.9351298E+00  1.7682636E+21  2.3191992E+00
   20  1.4853028E+04  7.2008524E-02  5.7127032E+01  1.7601642E+21  1.9351298E+00  1.3854009E+21  2.3191992E+00
   21  1.5633185E+04  7.5790780E-02  6.0127636E+01  1.5429375E+21  2.5730325E+00  1.1681742E+21  3.3182624E+00
   22  1.6413342E+04  7.9573036E-02  6.3128240E+01  1.2216288E+21  2.5730325E+00  8.4686551E+20  3.3315182E+00
   23  1.7193499E+04  8.3355292E-02  6.6128844E+01  9.0955566E+20  3.6477198E+00  5.3479238E+20  4.5224571E+00
   24  1.7973656E+04  8.7137548E-02  6.9129448E+01  3.7478686E+20  4.7948569E+00  1.0000000E-99  3.3315182E+00
   25  1.8753813E+04  9.0919803E-02  7.2130052E+01  3.7476792E+20  4.7948569E+00  1.0000000E-99  1.0000000E-99
   26  1.9533970E+04  9.4702059E-02  7.5130655E+01  3.7474817E+20  1.2930008E-03  1.0000000E-99  1.0000000E-99
   27  2.0314127E+04  9.8484315E-02  7.8131259E+01  3.7472761E+20  1.2930008E-03  1.0000000E-99  1.0000000E-99
   28  2.1094284E+04  1.0226657E-01  8.1131863E+01  3.7470625E+20  1.2930008E-03  1.0000000E-99  1.0000000E-99
   29  2.1874441E+04  1.0604883E-01  8.4132467E+01  3.7468407E+20  1.4007854E-03  1.0000000E-99  1.0000000E-99
   30  2.2654598E+04  1.0983108E-01  8.7133071E+01  3.7466110E+20  1.5129025E-03  1.0000000E-99  1.0000000E-99
   31  2.3434755E+04  1.1361334E-01  9.0133675E+01  3.7463731E+20  1.6293553E-03  1.0000000E-99  1.0000000E-99
   32  2.4214912E+04  1.1739559E-01  9.3134279E+01  3.7461271E+20  1.7501467E-03  1.0000000E-99  1.0000000E-99
   33  2.4995069E+04  1.2117785E-01  9.6134882E+01  3.7458731E+20  1.8752797E-03  1.0000000E-99  1.0000000E-99
   34  2.5775226E+04  1.2496011E-01  9.9135486E+01  3.7456110E+20  2.0047577E-03  1.0000000E-99  1.0000000E-99
   35  2.6555383E+04  1.2874236E-01  1.0213609E+02  3.7453408E+20  2.1385841E-03  1.0000000E-99  1.0000000E-99
   36  2.7335540E+04  1.3252462E-01  1.0513669E+02  3.7450625E+20  2.2767622E-03  1.0000000E-99  1.0000000E-99
   37  2.8115697E+04  1.3630687E-01  1.0813730E+02  3.7447761E+20  2.4192956E-03  1.0000000E-99  1.0000000E-99
   38  2.8895854E+04  1.4008913E-01  1.1113790E+02  3.7444817E+20  2.5661882E-03  1.0000000E-99  1.0000000E-99
   39  2.9676011E+04  1.4387139E-01  1.1413851E+02  3.7441791E+20  2.7174436E-03  1.0000000E-99  1.0000000E-99
   40  3.0456168E+04  1.4765364E-01  1.1713911E+02  3.7438685E+20  2.8730658E-03  1.0000000E-99  1.0000000E-99
   41  3.1236325E+04  1.5143590E-01  1.2013971E+02  3.7435497E+20  3.0330589E-03  1.0000000E-99  1.0000000E-99
   42  3.2016482E+04  1.5521815E-01  1.2314032E+02  3.7432229E+20  3.1974270E-03  1.0000000E-99  1.0000000E-99
   43  3.2796639E+04  1.5900041E-01  1.2614092E+02  3.7428879E+20  3.3661744E-03  1.0000000E-99  1.0000000E-99
   44  3.3576796E+04  1.6278266E-01  1.2914152E+02  3.7425449E+20  3.5393054E-03  1.0000000E-99  1.0000000E-99
   45  3.4356953E+04  1.6656492E-01  1.3214213E+02  3.7421937E+20  3.7168247E-03  1.0000000E-99  1.0000000E-99
   46  3.5137110E+04  1.7034718E-01  1.3514273E+02  3.7418345E+20  3.8987368E-03  1.0000000E-99  1.0000000E-99
   47  3.5917267E+04  1.7412943E-01  1.3814334E+02  3.7414671E+20  4.0850464E-03  1.0000000E-99  1.0000000E-99
   48  3.6697424E+04  1.7791169E-01  1.4114394E+02  3.7410917E+20  4.2757584E-03  1.0000000E-99  1.0000000E-99
   49  3.7477581E+04  1.8169394E-01  1.4414454E+02  3.7407081E+20  4.4708778E-03  1.0000000E-99  1.0000000E-99
   50  3.8257738E+04  1.8547620E-01  1.4714515E+02  3.7403164E+20  4.6704098E-03  1.0000000E-99  1.0000000E-99
   51  3.9037895E+04  1.8925846E-01  1.5014575E+02  3.7399165E+20  4.8743594E-03  1.0000000E-99  1.0000000E-99
   52  3.9818052E+04  1.9304071E-01  1.5314636E+02  3.7395086E+20  5.0827320E-03  1.0000000E-99  1.0000000E-99
   53  4.0598209E+04  1.9682297E-01  1.5614696E+02  3.7390925E+20  5.2955332E-03  1.0000000E-99  1.0000000E-99
   54  4.1378366E+04  2.0060522E-01  1.5914756E+02  3.7386683E+20  5.5127683E-03  1.0000000E-99  1.0000000E-99
   55  4.2158523E+04  2.0438748E-01  1.6214817E+02  3.7382360E+20  5.7344433E-03  1.0000000E-99  1.0000000E-99
   56  4.2938680E+04  2.0816974E-01  1.6514877E+02  3.7377956E+20  5.9605638E-03  1.0000000E-99  1.0000000E-99
   57  4.3718837E+04  2.1195199E-01  1.6814937E+02  3.7373470E+20  6.1911357E-03  1.0000000E-99  1.0000000E-99
   58  4.4498994E+04  2.1573425E-01  1.7114998E+02  3.7368902E+20  6.4261653E-03  1.0000000E-99  1.0000000E-99
   59  4.5279151E+04  2.1951650E-01  1.7415058E+02  3.7364254E+20  6.6656585E-03  1.0000000E-99  1.0000000E-99
   60  4.6059308E+04  2.2329876E-01  1.7715119E+02  3.7359524E+20  6.9096217E-03  1.0000000E-99  1.0000000E-99
   61  4.6839465E+04  2.2708101E-01  1.8015179E+02  3.7354712E+20  7.1580613E-03  1.0000000E-99  1.0000000E-99
   62  4.7619622E+04  2.3086327E-01  1.8315239E+02  3.7349819E+20  7.4109840E-03  1.0000000E-99  1.0000000E-99
   63  4.8399779E+04  2.3464553E-01  1.8615300E+02  3.7344844E+20  7.6683962E-03  1.0000000E-99  1.0000000E-99
   64  4.9179936E+04  2.3842778E-01  1.8915360E+02  3.7339788E+20  7.9303048E-03  1.0000000E-99  1.0000000E-99
   65  4.9960093E+04  2.4221004E-01  1.9215421E+02  3.7334650E+20  8.1967168E-03  1.0000000E-99  1.0000000E-99
   66  5.0740250E+04  2.4599229E-01  1.9515481E+02  3.7329431E+20  8.4676391E-03  1.0000000E-99  1.0000000E-99
   67  5.1520407E+04  2.4977455E-01  1.9815541E+02  3.7324130E+20  8.7430789E-03  1.0000000E-99  1.0000000E-99
   68  5.2300564E+04  2.5355681E-01  2.0115602E+02  3.7318747E+20  9.0230435E-03  1.0000000E-99  1.0000000E-99
   69  5.3080721E+04  2.5733906E-01  2.0415662E+02  3.7313282E+20  9.3075403E-03  1.0000000E-99  1.0000000E-99
   70  5.3860878E+04  2.6112132E-01  2.0715722E+02  3.7307736E+20  9.5965769E-03  1.0000000E-99  1.0000000E-99
   71  5.4641035E+04  2.6490357E-01  2.1015783E+02  3.7302108E+20  9.8901608E-03  1.0000000E-99  1.0000000E-99
   72  5.5421192E+04  2.6868583E-01  2.1315843E+02  3.7296398E+20  1.0188300E-02  1.0000000E-99  1.0000000E-99
   73  5.6201349E+04  2.7246809E-01  2.1615904E+02  3.7290606E+20  1.0491002E-02  1.0000000E-99  1.0000000E-99
   74  5.6981506E+04  2.7625034E-01  2.1915964E+02  3.7284732E+20  1.0798276E-02  1.0000000E-99  1.0000000E-99
   75  5.7761663E+04  2.8003260E-01  2.2216024E+02  3.7278776E+20  1.1110128E-02  1.0000000E-99  1.0000000E-99
   76  5.8541820E+04  2.8381485E-01  2.2516085E+02  3.7272739E+20  1.1426569E-02  1.0000000E-99  1.0000000E-99
   77  5.9321977E+04  2.8759711E-01  2.2816145E+02  3.7266619E+20  1.1747605E-02  1.0000000E-99  1.0000000E-99
   78  6.0102134E+04  2.9137936E-01  2.3116206E+02  3.7260417E+20  1.2073246E-02  1.0000000E-99  1.0000000E-99
   79  6.0882291E+04  2.9516162E-01  2.3416266E+02  3.7254133E+20  1.2403501E-02  1.0000000E-99  1.0000000E-99
   80  6.1662448E+04  2.9894388E-01  2.3716326E+02  3.7247767E+20  1.2738377E-02  1.0000000E-99  1.0000000E-99
   81  6.2442605E+04  3.0272613E-01  2.4016387E+02  3.7241318E+20  1.3077885E-02  1.0000000E-99  1.0000000E-99
   82  6.3222762E+04  3.0650839E-01  2.4316447E+02  3.7234788E+20  1.3422033E-02  1.0000000E-99  1.0000000E-99
   83  6.4002919E+04  3.1029064E-01  2.4616507E+02  3.7228175E+20  1.3770830E-02  1.0000000E-99  1.0000000E-99
   84  6.4783076E+04  3.1407290E-01  2.4916568E+02  3.7221479E+20  1.4124286E-02  1.0000000E-99  1.0000000E-99
   85  6.5563233E+04  3.1785516E-01  2.5216628E+02  3.7214702E+20  1.4482410E-02  1.0000000E-99  1.0000000E-99
   86  6.6343390E+04  3.2163741E-01  2.5516689E+02  3.7207842E+20  1.4845213E-02  1.0000000E-99  1.0000000E-99
   87  6.7123547E+04  3.2541967E-01  2.5816749E+02  3.7200899E+20  1.5212703E-02  1.0000000E-99  1.0000000E-99
   88  6.7903704E+04  3.2920192E-01  2.6116809E+02  3.7193874E+20  1.5584890E-02  1.0000000E-99  1.0000000E-99
   89  6.8683861E+04  3.3298418E-01  2.6416870E+02  3.7186766E+20  1.5961786E-02  1.0000000E-99  1.0000000E-99
   90  6.9464018E+04  3.3676643E-01  2.6716930E+02  3.7179576E+20  1.6343399E-02  1.0000000E-99  1.0000000E-99
   91  7.0244175E+04  3.4054869E-01  2.7016991E+02  3.7172303E+20  1.6729740E-02  1.0000000E-99  1.0000000E-99
   92  7.1024332E+04  3.4433095E-01  2.7317051E+02  3.7164948E+20  1.7120820E-02  1.0000000E-99  1.0000000E-99
   93  7.1804489E+04  3.4811320E-01  2.7617111E+02  3.7157509E+20  1.7516648E-02  1.0000000E-99  1.0000000E-99
   94  7.2584646E+04  3.5189546E-01  2.7917172E+02  3.7149988E+20  1.7917237E-02  1.0000000E-99  1.0000000E-99
   95  7.3364803E+04  3.5567771E-01  2.8217232E+02  3.7142384E+20  1.8322597E-02  1.0000000E-99  1.0000000E-99
   96  7.4144960E+04  3.5945997E-01  2.8517292E+02  3.7134697E+20  1.8732739E-02  1.0000000E-99  1.0000000E-99
   97  7.4925117E+04  3.6324223E-01  2.8817353E+02  3.7126927E+20  1.9147673E-02  1.0000000E-99  1.0000000E-99
   98  7.5705274E+04  3.6702448E-01  2.9117413E+02  3.7119074E+20  1.9567412E-02  1.0000000E-99  1.0000000E-99
   99  7.6485431E+04  3.7080674E-01  2.9417474E+02  3.7111138E+20  1.9991966E-02  1.0000000E-99  1.0000000E-99
  100  7.7265588E+04  3.7458899E-01  2.9717534E+02  3.7103119E+20  2.0421348E-02  1.0000000E-99  1.0000000E-99
  101  7.8045745E+04  3.7837125E-01  3.0017594E+02  3.7095017E+20  2.0855569E-02  1.0000000E-99  1.0000000E-99
  102  7.8825902E+04  3.8215351E-01  3.0317655E+02  3.7086832E+20  2.1294641E-02  1.0000000E-99  1.0000000E-99
  103  7.9606059E+04  3.8593576E-01  3.0617715E+02  3.7078563E+20  2.1738576E-02  1.0000000E-99  1.0000000E-99
  104  8.0386216E+04  3.8971802E-01  3.0917776E+02  3.7070211E+20  2.2187387E-02  1.0000000E-99  1.0000000E-99
  105  8.1166373E+04  3.9350027E-01  3.1217836E+02  3.7061775E+20  2.2641085E-02  1.0000000E-99  1.0000000E-99
  106  8.1946530E+04  3.9728253E-01  3.1517896E+02  3.7053256E+20  2.3099683E-02  1.0000000E-99  1.0000000E-99
  107  8.2726687E+04  4.0106478E-01  3.1817957E+02  3.7044654E+20  2.3563193E-02  1.0000000E-99  1.0000000E-99
  108  8.3506844E+04  4.0484704E-01  3.2118017E+02  3.7035968E+20  2.4031630E-02  1.0000000E-99  1.0000000E-99
  109  8.4287001E+04  4.0862930E-01  3.2418077E+02  3.7027198E+20  2.4505004E-02  1.0000000E-99  1.0000000E-99
  110  8.5067158E+04  4.1241155E-01  3.2718138E+02  3.7018345E+20  2.4983331E-02  1.0000000E-99  1.0000000E-99
  111  8.5847315E+04  4.1619381E-01  3.3018198E+02  3.7009408E+20  2.5466622E-02  1.0000000E-99  1.0000000E-99
  112  8.6627472E+04  4.1997606E-01  3.3318259E+02  3.7000387E+20  2.5954891E-02  1.0000000E-99  1.0000000E-99
  113  8.7407629E+04  4.2375832E-01  3.3618319E+02  3.6991282E+20  2.6448152E-02  1.0000000E-99  1.0000000E-99
  114  8.8187786E+04  4.2754058E-01  3.3918379E+02  3.6982093E+20  2.6946419E-02  1.0000000E-99  1.0000000E-99
  115  8.8967943E+04  4.3132283E-01  3.4218440E+02  3.6972821E+20  2.7449705E-02  1.0000000E-99  1.0000000E-99
  116  8.9748100E+04  4.3510509E-01  3.4518500E+02  3.6963464E+20  2.7958025E-02  1.0000000E-99  1.0000000E-99
  117  9.0528257E+04  4.3888734E-01  3.4818560E+02  3.6954023E+20  2.8471392E-02  1.0000000E-99  1.0000000E-99
  118  9.1308414E+04  4.4266960E-01  3.5118621E+02  3.6944498E+20  2.8989822E-02  1.0000000E-99  1.0000000E-99
  119  9.2088571E+04  4.4645185E-01  3.5418681E+02  3.6934889E+20  2.9513328E-02  1.0000000E-99  1.0000000E-99
  120  9.2868728E+04  4.5023411E-01  3.5718742E+02  3.6925195E+20  3.0041925E-02  1.0000000E-99  1.0000000E-99
  121  9.3648885E+04  4.5401637E-01  3.6018802E+02  3.6915417E+20  3.0575629E-02  1.0000000E-99  1.0000000E-99
  122  9.4429042E+04  4.5779862E-01  3.6318862E+02  3.6905555E+20  3.1114454E-02  1.0000000E-99  1.0000000E-99
  123  9.5209199E+04  4.6158088E-01  3.6618923E+02  3.6895608E+20  3.1658415E-02  1.0000000E-99  1.0000000E-99
  124  9.5989356E+04  4.6536313E-01  3.6918983E+02  3.6885576E+20  3.2207528E-02  1.0000000E-99  1.0000000E-99
  125  9.6769513E+04  4.6914539E-01  3.7219044E+02  3.6875460E+20  3.2761808E-02  1.0000000E-99  1.0000000E-99
  126  9.7549670E+04  4.7292765E-01  3.7519104E+02  3.6865259E+20  3.3321272E-02  1.0000000E-99  1.0000000E-99
  127  9.8329827E+04  4.7670990E-01  3.7819164E+02  3.6854973E+20  3.3885934E-02  1.0000000E-99  1.0000000E-99
  128  9.9109984E+04  4.8049216E-01  3.8119225E+02  3.6844603E+20  3.4455811E-02  1.0000000E-99  1.0000000E-99
  129  9.9890141E+04  4.8427441E-01  3.8419285E+02  3.6834147E+20  3.5030920E-02  1.0000000E-99  1.0000000E-99
  130  1.0067030E+05  4.8805667E-01  3.8719345E+02  3.6823607E+20  3.5611276E-02  1.0000000E-99  1.0000000E-99
  131  1.0145046E+05  4.9183893E-01  3.9019406E+02  3.6812981E+20  3.6196896E-02  1.0000000E-99  1.0000000E-99
  132  1.0223061E+05  4.9562118E-01  3.9319466E+02  3.6802271E+20  3.6787797E-02  1.0000000E-99  1.0000000E-99
  133  1.0301077E+05  4.9940344E-01  3.9619527E+02  3.6791475E+20  3.7383996E-02  1.0000000E-99  1.0000000E-99
  134  1.0379093E+05  5.0318569E-01  3.9919587E+02  3.6780593E+20  3.7985510E-02  1.0000000E-99  1.0000000E-99
  135  1.0457108E+05  5.0696795E-01  4.0219647E+02  3.6769627E+20  3.8592357E-02  1.0000000E-99  1.0000000E-99
  136  1.0535124E+05  5.1075020E-01  4.0519708E+02  3.6758575E+20  3.9204553E-02  1.0000000E-99  1.0000000E-99
  137  1.0613140E+05  5.1453246E-01  4.0819768E+02  3.6747437E+20  3.9822117E-02  1.0000000E-99  1.0000000E-99
  138  1.0691155E+05  5.1831472E-01  4.1119829E+02  3.6736214E+20  4.0445066E-02  1.0000000E-99  1.0000000E-99
  139  1.0769171E+05  5.2209697E-01  4.1419889E+02  3.6724905E+20  4.1073418E-02  1.0000000E-99  1.0000000E-99
  140  1.0847187E+05  5.2587923E-01  4.1719949E+02  3.6713510E+20  4.1707192E-02  1.0000000E-99  1.0000000E-99
  141  1.0925203E+05  5.2966148E-01  4.2020010E+02  3.6702030E+20  4.2346406E-02  1.0000000E-99  1.0000000E-99
  142  1.1003218E+05  5.3344374E-01  4.2320070E+02  3.6690463E+20  4.2991079E-02  1.0000000E-99  1.0000000E-99
  143  1.1081234E+05  5.3722600E-01  4.2620130E+02  3.6678811E+20  4.3641229E-02  1.0000000E-99  1.0000000E-99
  144  1.1159250E+05  5.4100825E-01  4.2920191E+02  3.6667072E+20  4.4296876E-02  1.0000000E-99  1.0000000E-99
  145  1.1237265E+05  5.4479051E-01  4.3220251E+02  3.6655247E+20  4.4958038E-02  1.0000000E-99  1.0000000E-99
  146  1.1315281E+05  5.4857276E-01  4.3520312E+02  3.6643336E+20  4.5624735E-02  1.0000000E-99  1.0000000E-99
  147  1.1393297E+05  5.5235502E-01  4.3820372E+02  3.6631339E+20  4.6296987E-02  1.0000000E-99  1.0000000E-99
  148  1.1471312E+05  5.5613728E-01  4.4120432E+02  3.6619255E+20  4.6974813E-02  1.0000000E-99  1.0000000E-99
  149  1.1549328E+05  5.5991953E-01  4.4420493E+02  3.6607085E+20  4.7658233E-02  1.0000000E-99  1.0000000E-99
  150  1.1627344E+05  5.6370179E-01  4.4720553E+02  3.6594828E+20  4.8347269E-02  1.0000000E-99  1.0000000E-99
  151  1.1705360E+05  5.6748404E-01  4.5020614E+02  3.6582484E+20  4.9041939E-02  1.0000000E-99  1.0000000E-99
  152  1.1783375E+05  5.7126630E-01  4.5320674E+02  3.6570054E+20  4.9742264E-02  1.0000000E-99  1.0000000E-99
  153  1.1861391E+05  5.7504855E-01  4.5620734E+02  3.6557537E+20  5.0448267E-02  1.0000000E-99  1.0000000E-99
  154  1.1939407E+05  5.7883081E-01  4.5920795E+02  3.6544933E+20  5.1159966E-02  1.0000000E-99  1.0000000E-99
  155  1.2017422E+05  5.8261307E-01  4.6220855E+02  3.6532241E+20  5.1877385E-02  1.0000000E-99  1.0000000E-99
  156  1.2095438E+05  5.8639532E-01  4.6520915E+02  3.6519463E+20  5.2600543E-02  1.0000000E-99  1.0000000E-99
  157  1.2173454E+05  5.9017758E-01  4.6820976E+02  3.6506597E+20  5.3329463E-02  1.0000000E-99  1.0000000E-99
  158  1.2251469E+05  5.9395983E-01  4.7121036E+02  3.6493645E+20  5.4064167E-02  1.0000000E-99  1.0000000E-99
  159  1.2329485E+05  5.9774209E-01  4.7421097E+02  3.6480604E+20  5.4804677E-02  1.0000000E-99  1.0000000E-99
  160  1.2407501E+05  6.0152435E-01  4.7721157E+02  3.6467476E+20  5.5551015E-02  1.0000000E-99  1.0000000E-99
  161  1.2485517E+05  6.0530660E-01  4.8021217E+02  3.6454261E+20  5.6303203E-02  1.0000000E-99  1.0000000E-99
  162  1.2563532E+05  6.0908886E-01  4.8321278E+02  3.6440958E+20  5.7061265E-02  1.0000000E-99  1.0000000E-99
  163  1.2641548E+05  6.1287111E-01  4.8621338E+02  3.6427567E+20  5.7825223E-02  1.0000000E-99  1.0000000E-99
  164  1.2719564E+05  6.1665337E-01  4.8921399E+02  3.6414088E+20  5.8595101E-02  1.0000000E-99  1.0000000E-99
  165  1.2797579E+05  6.2043562E-01  4.9221459E+02  3.6400522E+20  5.9370921E-02  1.0000000E-99  1.0000000E-99
  166  1.2875595E+05  6.2421788E-01  4.9521519E+02  3.6386867E+20  6.0152709E-02  1.0000000E-99  1.0000000E-99
  167  1.2953611E+05  6.2800014E-01  4.9821580E+02  3.6373124E+20  6.0940487E-02  1.0000000E-99  1.0000000E-99
  168  1.3031626E+05  6.3178239E-01  5.0121640E+02  3.6359292E+20  6.1734280E-02  1.0000000E-99  1.0000000E-99
  169  1.3109642E+05  6.3556465E-01  5.0421700E+02  3.6345373E+20  6.2534112E-02  1.0000000E-99  1.0000000E-99
  170  1.3187658E+05  6.3934690E-01  5.0721761E+02  3.6331365E+20  6.3340008E-02  1.0000000E-99  1.0000000E-99
  171  1.3265674E+05  6.4312916E-01  5.1021821E+02  3.6317268E+20  6.4151992E-02  1.0000000E-99  1.0000000E-99
  172  1.3343689E+05  6.4691142E-01  5.1321882E+02  3.6303082E+20  6.4970090E-02  1.0000000E-99  1.0000000E-99
  173  1.3421705E+05  6.5069367E-01  5.1621942E+02  3.6288808E+20  6.5794328E-02  1.0000000E-99  1.0000000E-99
  174  1.3499721E+05  6.5447593E-01  5.1922002E+02  3.6274445E+20  6.6624729E-02  1.0000000E-99  1.0000000E-99
  175  1.3577736E+05  6.5825818E-01  5.2222063E+02  3.6259993E+20  6.7461322E-02  1.0000000E-99  1.0000000E-99
  176  1.3655752E+05  6.6204044E-01  5.2522123E+02  3.6245452E+20  6.8304131E-02  1.0000000E-99  1.0000000E-99
  177  1.3733768E+05  6.6582270E-01  5.2822184E+02  3.6230821E+20  6.9153183E-02  1.0000000E-99  1.0000000E-99
  178  1.3811783E+05  6.6960495E-01  5.3122244E+02  3.6216101E+20  7.0008505E-02  1.0000000E-99  1.0000000E-99
  179  1.3889799E+05  6.7338721E-01  5.3422304E+02  3.6201292E+20  7.0870123E-02  1.0000000E-99  1.0000000E-99
  180  1.3967815E+05  6.7716946E-01  5.3722365E+02  3.6186393E+20  7.1738064E-02  1.0000000E-99  1.0000000E-99
  181  1.4045831E+05  6.8095172E-01  5.4022425E+02  3.6171405E+20  7.2612357E-02  1.0000000E-99  1.0000000E-99
  182  1.4123846E+05  6.8473397E-01  5.4322485E+02  3.6156327E+20  7.3493028E-02  1.0000000E-99  1.0000000E-99
  183  1.4201862E+05  6.8851623E-01  5.4622546E+02  3.6141159E+20  7.4380106E-02  1.0000000E-99  1.0000000E-99
  184  1.4279878E+05  6.9229849E-01  5.4922606E+02  3.6125901E+20  7.5273618E-02  1.0000000E-99  1.0000000E-99
  185  1.4357893E+05  6.9608074E-01  5.5222667E+02  3.6110553E+20  7.6173593E-02  1.0000000E-99  1.0000000E-99
  186  1.4435909E+05  6.9986300E-01  5.5522727E+02  3.6095114E+20  7.7080061E-02  1.0000000E-99  1.0000000E-99
  187  1.4513925E+05  7.0364525E-01  5.5822787E+02  3.6079586E+20  7.7993049E-02  1.0000000E-99  1.0000000E-99
  188  1.4591940E+05  7.0742751E-01  5.6122848E+02  3.6063966E+20  7.8912588E-02  1.0000000E-99  1.0000000E-99
  189  1.4669956E+05  7.1120977E-01  5.6422908E+02  3.6048257E+20  7.9838706E-02  1.0000000E-99  1.0000000E-99
  190  1.4747972E+05  7.1499202E-01  5.6722969E+02  3.6032456E+20  8.0771434E-02  1.0000000E-99  1.0000000E-99
  191  1.4825988E+05  7.1877428E-01  5.7023029E+02  3.6016565E+20  8.1710802E-02  1.0000000E-99  1.0000000E-99
  192  1.4904003E+05  7.2255653E-01  5.7323089E+02  3.6000583E+20  8.2656839E-02  1.0000000E-99  1.0000000E-99
  193  1.4982019E+05  7.2633879E-01  5.7623150E+02  3.5984510E+20  8.3609578E-02  1.0000000E-99  1.0000000E-99
  194  1.5060035E+05  7.3012105E-01  5.7923210E+02  3.5968345E+20  8.4569049E-02  1.0000000E-99  1.0000000E-99
  195  1.5138050E+05  7.3390330E-01  5.8223270E+02  3.5952090E+20  8.5535283E-02  1.0000000E-99  1.0000000E-99
  196  1.5216066E+05  7.3768556E-01  5.8523331E+02  3.5935742E+20  8.6508312E-02  1.0000000E-99  1.0000000E-99
  197  1.5294082E+05  7.4146781E-01  5.8823391E+02  3.5919304E+20  8.7488168E-02  1.0000000E-99  1.0000000E-99
  198  1.5372097E+05  7.4525007E-01  5.9123452E+02  3.5902773E+20  8.8474883E-02  1.0000000E-99  1.0000000E-99
  199  1.5450113E+05  7.4903232E-01  5.9423512E+02  3.5886151E+20  8.9468490E-02  1.0000000E-99  1.0000000E-99
  200  1.5528129E+05  7.5281458E-01  5.9723572E+02  3.5869437E+20  9.0469021E-02  1.0000000E-99  1.0000000E-99
  201  1.5606145E+05  7.5659684E-01  6.0023633E+02  3.5852631E+20  9.1476509E-02  1.0000000E-99  1.0000000E-99
  202  1.5684160E+05  7.6037909E-01  6.0323693E+02  3.5835733E+20  9.2490989E-02  1.0000000E-99  1.0000000E-99
  203  1.5762176E+05  7.6416135E-01  6.0623754E+02  3.5818742E+20  9.3512494E-02  1.0000000E-99  1.0000000E-99
  204  1.5840192E+05  7.6794360E-01  6.0923814E+02  3.5801659E+20  9.4541057E-02  1.0000000E-99  1.0000000E-99
  205  1.5918207E+05  7.7172586E-01  6.1223874E+02  3.5784484E+20  9.5576714E-02  1.0000000E-99  1.0000000E-99
  206  1.5996223E+05  7.7550812E-01  6.1523935E+02  3.5767215E+20  9.6619500E-02  1.0000000E-99  1.0000000E-99
  207  1.6074239E+05  7.7929037E-01  6.1823995E+02  3.5749854E+20  9.7669449E-02  1.0000000E-99  1.0000000E-99
  208  1.6152254E+05  7.8307263E-01  6.2124055E+02  3.5732400E+20  9.8726597E-02  1.0000000E-99  1.0000000E-99
  209  1.6230270E+05  7.8685488E-01  6.2424116E+02  3.5714853E+20  9.9790979E-02  1.0000000E-99  1.0000000E-99
  210  1.6308286E+05  7.9063714E-01  6.2724176E+02  3.5697212E+20  1.0086263E-01  1.0000000E-99  1.0000000E-99
  211  1.6386302E+05  7.9441939E-01  6.3024237E+02  3.5679479E+20  1.0194159E-01  1.0000000E-99  1.0000000E-99
  212  1.6464317E+05  7.9820165E-01  6.3324297E+02  3.5661651E+20  1.0302790E-01  1.0000000E-99  1.0000000E-99
  213  1.6542333E+05  8.0198391E-01  6.3624357E+02  3.5643730E+20  1.0412159E-01  1.0000000E-99  1.0000000E-99
  214  1.6620349E+05  8.0576616E-01  6.3924418E+02  3.5625715E+20  1.0522269E-01  1.0000000E-99  1.0000000E-99
  215  1.6698364E+05  8.0954842E-01  6.4224478E+02  3.5607606E+20  1.0633125E-01  1.0000000E-99  1.0000000E-99
  216  1.6776380E+05  8.1333067E-01  6.4524539E+02  3.5589403E+20  1.0744731E-01  1.0000000E-99  1.0000000E-99
  217  1.6854396E+05  8.1711293E-01  6.4824599E+02  3.5571106E+20  1.0857090E-01  1.0000000E-99  1.0000000E-99
  218  1.6932411E+05  8.2089519E-01  6.5124659E+02  3.5552714E+20  1.0970206E-01  1.0000000E-99  1.0000000E-99
  219  1.7010427E+05  8.2467744E-01  6.5424720E+02  3.5534228E+20  1.1084084E-01  1.0000000E-99  1.0000000E-99
  220  1.7088443E+05  8.2845970E-01  6.5724780E+02  3.5515648E+20  1.1198727E-01  1.0000000E-99  1.0000000E-99
  221  1.7166459E+05  8.3224195E-01  6.6024840E+02  3.5496972E+20  1.1314139E-01  1.0000000E-99  1.0000000E-99
  222  1.7244474E+05  8.3602421E-01  6.6324901E+02  3.5478201E+20  1.1430324E-01  1.0000000E-99  1.0000000E-99
  223  1.7322490E+05  8.3980647E-01  6.6624961E+02  3.5459335E+20  1.1547287E-01  1.0000000E-99  1.0000000E-99
  224  1.7400506E+05  8.4358872E-01  6.6925022E+02  3.5440374E+20  1.1665031E-01  1.0000000E-99  1.0000000E-99
  225  1.7478521E+05  8.4737098E-01  6.7225082E+02  3.5421318E+20  1.1783561E-01  1.0000000E-99  1.0000000E-99
  226  1.7556537E+05  8.5115323E-01  6.7525142E+02  3.5402166E+20  1.1902881E-01  1.0000000E-99  1.0000000E-99
  227  1.7634553E+05  8.5493549E-01  6.7825203E+02  3.5382918E+20  1.2022995E-01  1.0000000E-99  1.0000000E-99
  228  1.7712568E+05  8.5871774E-01  6.8125263E+02  3.5363574E+20  1.2143907E-01  1.0000000E-99  1.0000000E-99
  229  1.7790584E+05  8.6250000E-01  6.8425323E+02  3.5344135E+20  1.2265622E-01  1.0000000E-99  1.0000000E-99
  230  1.7868600E+05  8.6628226E-01  6.8725384E+02  3.5324599E+20  1.2388144E-01  1.0000000E-99  1.0000000E-99
  231  1.7946616E+05  8.7006451E-01  6.9025444E+02  3.5304966E+20  1.2511478E-01  1.0000000E-99  1.0000000E-99
  232  1.8024631E+05  8.7384677E-01  6.9325505E+02  3.5285237E+20  1.2635628E-01  1.0000000E-99  1.0000000E-99
  233  1.8102647E+05  8.7762902E-01  6.9625565E+02  3.5265412E+20  1.2760598E-01  1.0000000E-99  1.0000000E-99
  234  1.8180663E+05  8.8141128E-01  6.9925625E+02  3.5245489E+20  1.2886394E-01  1.0000000E-99  1.0000000E-99
  235  1.8258678E+05  8.8519354E-01  7.0225686E+02  3.5225470E+20  1.3013019E-01  1.0000000E-99  1.0000000E-99
  236  1.8336694E+05  8.8897579E-01  7.0525746E+02  3.5205353E+20  1.3140479E-01  1.0000000E-99  1.0000000E-99
  237  1.8414710E+05  8.9275805E-01  7.0825807E+02  3.5185139E+20  1.3268777E-01  1.0000000E-99  1.0000000E-99
  238  1.8492725E+05  8.9654030E-01  7.1125867E+02  3.5164827E+20  1.3397920E-01  1.0000000E-99  1.0000000E-99
  239  1.8570741E+05  9.0032256E-01  7.1425927E+02  3.5144418E+20  1.3527910E-01  1.0000000E-99  1.0000000E-99
  240  1.8648757E+05  9.0410481E-01  7.1725988E+02  3.5123911E+20  1.3658755E-01  1.0000000E-99  1.0000000E-99
  241  1.8726773E+05  9.0788707E-01  7.2026048E+02  3.5103306E+20  1.3790457E-01  1.0000000E-99  1.0000000E-99
  242  1.8804788E+05  9.1166933E-01  7.2326108E+02  3.5082602E+20  1.3923023E-01  1.0000000E-99  1.0000000E-99
  243  1.8882804E+05  9.1545158E-01  7.2626169E+02  3.5061801E+20  1.4056457E-01  1.0000000E-99  1.0000000E-99
  244  1.8960820E+05  9.1923384E-01  7.2926229E+02  3.5040900E+20  1.4190763E-01  1.0000000E-99  1.0000000E-99
  245  1.9038835E+05  9.2301609E-01  7.3226290E+02  3.5019901E+20  1.4325949E-01  1.0000000E-99  1.0000000E-99
  246  1.9116851E+05  9.2679835E-01  7.3526350E+02  3.4998803E+20  1.4462017E-01  1.0000000E-99  1.0000000E-99
  247  1.9194867E+05  9.3058061E-01  7.3826410E+02  3.4977606E+20  1.4598974E-01  1.0000000E-99  1.0000000E-99
  248  1.9272882E+05  9.3436286E-01  7.4126471E+02  3.4956310E+20  1.4736825E-01  1.0000000E-99  1.0000000E-99
  249  1.9350898E+05  9.3814512E-01  7.4426531E+02  3.4934914E+20  1.4875574E-01  1.0000000E-99  1.0000000E-99
  250  1.9428914E+05  9.4192737E-01  7.4726592E+02  3.4913418E+20  1.5015228E-01  1.0000000E-99  1.0000000E-99
  251  1.9506930E+05  9.4570963E-01  7.5026652E+02  3.4891823E+20  1.5155792E-01  1.0000000E-99  1.0000000E-99
  252  1.9584945E+05  9.4949189E-01  7.5326712E+02  3.4870128E+20  1.5297271E-01  1.0000000E-99  1.0000000E-99
  253  1.9662961E+05  9.5327414E-01  7.5626773E+02  3.4848332E+20  1.5439670E-01  1.0000000E-99  1.0000000E-99
  254  1.9740977E+05  9.5705640E-01  7.5926833E+02  3.4826436E+20  1.5582996E-01  1.0000000E-99  1.0000000E-99
  255  1.9818992E+05  9.6083865E-01  7.6226893E+02  3.4804440E+20  1.5727253E-01  1.0000000E-99  1.0000000E-99
  256  1.9897008E+05  9.6462091E-01  7.6526954E+02  3.4782343E+20  1.5872447E-01  1.0000000E-99  1.0000000E-99
  257  1.9975024E+05  9.6840316E-01  7.6827014E+02  3.4760145E+20  1.6018585E-01  1.0000000E-99  1.0000000E-99
  258  2.0053039E+05  9.7218542E-01  7.7127075E+02  3.4737845E+20  1.6165672E-01  1.0000000E-99  1.0000000E-99
  259  2.0131055E+05  9.7596768E-01  7.7427135E+02  3.4715445E+20  1.6313713E-01  1.0000000E-99  1.0000000E-99
  260  2.0209071E+05  9.7974993E-01  7.7727195E+02  3.4692942E+20  1.6462714E-01  1.0000000E-99  1.0000000E-99
  261  2.0287087E+05  9.8353219E-01  7.8027256E+02  3.4670339E+20  1.6612682E-01  1.0000000E-99  1.0000000E-99
  262  2.0365102E+05  9.8731444E-01  7.8327316E+02  3.4647633E+20  1.6763623E-01  1.0000000E-99  1.0000000E-99
  263  2.0443118E+05  9.9109670E-01  7.8627377E+02  3.4624825E+20  1.6915542E-01  1.0000000E-99  1.0000000E-99
  264  2.0521134E+05  9.9487896E-01  7.8927437E+02  3.4601914E+20  1.7068446E-01  1.0000000E-99  1.0000000E-99
  265  2.0599149E+05  9.9866121E-01  7.9227497E+02  3.4578901E+20  1.7222340E-01  1.0000000E-99  1.0000000E-99
  266  2.0677165E+05  1.0024435E+00  7.9527558E+02  3.4555786E+20  1.7377232E-01  1.0000000E-99  1.0000000E-99
  267  2.0755181E+05  1.0062257E+00  7.9827618E+02  3.4532567E+20  1.7533127E-01  1.0000000E-99  1.0000000E-99
  268  2.0833196E+05  1.0100080E+00  8.0127678E+02  3.4509245E+20  1.7690031E-01  1.0000000E-99  1.0000000E-99
  269  2.0911212E+05  1.0137902E+00  8.0427739E+02  3.4485820E+20  1.7847952E-01  1.0000000E-99  1.0000000E-99
  270  2.0989228E+05  1.0175725E+00  8.0727799E+02  3.4462291E+20  1.8006896E-01  1.0000000E-99  1.0000000E-99
  271  2.1067244E+05  1.0213547E+00  8.1027860E+02  3.4438659E+20  1.8166868E-01  1.0000000E-99  1.0000000E-99
  272  2.1145259E+05  1.0251370E+00  8.1327920E+02  3.4414922E+20  1.8327877E-01  1.0000000E-99  1.0000000E-99
  273  2.1223275E+05  1.0289193E+00  8.1627980E+02  3.4391082E+20  1.8489928E-01  1.0000000E-99  1.0000000E-99
  274  2.1301291E+05  1.0327015E+00  8.1928041E+02  3.4367136E+20  1.8653028E-01  1.0000000E-99  1.0000000E-99
  275  2.1379306E+05  1.0364838E+00  8.2228101E+02  3.4343087E+20  1.8817185E-01  1.0000000E-99  1.0000000E-99
  276  2.1457322E+05  1.0402660E+00  8.2528162E+02  3.4318932E+20  1.8982404E-01  1.0000000E-99  1.0000000E-99
  277  2.1535338E+05  1.0440483E+00  8.2828222E+02  3.4294672E+20  1.9148694E-01  1.0000000E-99  1.0000000E-99
  278  2.1613353E+05  1.0478305E+00  8.3128282E+02  3.4270307E+20  1.9316060E-01  1.0000000E-99  1.0000000E-99
  279  2.1691369E+05  1.0516128E+00  8.3428343E+02  3.4245836E+20  1.9484511E-01  1.0000000E-99  1.0000000E-99
  280  2.1769385E+05  1.0553950E+00  8.3728403E+02  3.4221260E+20  1.9654053E-01  1.0000000E-99  1.0000000E-99
  281  2.1847401E+05  1.0591773E+00  8.4028463E+02  3.4196577E+20  1.9824694E-01  1.0000000E-99  1.0000000E-99
  282  2.1925416E+05  1.0629596E+00  8.4328524E+02  3.4171788E+20  1.9996441E-01  1.0000000E-99  1.0000000E-99
  283  2.2003432E+05  1.0667418E+00  8.4628584E+02  3.4146893E+20  2.0169302E-01  1.0000000E-99  1.0000000E-99
  284  2.2081448E+05  1.0705241E+00  8.4928645E+02  3.4121891E+20  2.0343283E-01  1.0000000E-99  1.0000000E-99
  285  2.2159463E+05  1.0743063E+00  8.5228705E+02  3.4096783E+20  2.0518393E-01  1.0000000E-99  1.0000000E-99
  286  2.2237479E+05  1.0780886E+00  8.5528765E+02  3.4071567E+20  2.0694639E-01  1.0000000E-99  1.0000000E-99
  287  2.2315495E+05  1.0818708E+00  8.5828826E+02  3.4046243E+20  2.0872029E-01  1.0000000E-99  1.0000000E-99
  288  2.2393510E+05  1.0856531E+00  8.6128886E+02  3.4020812E+20  2.1050571E-01  1.0000000E-99  1.0000000E-99
  289  2.2471526E+05  1.0894354E+00  8.6428947E+02  3.3995273E+20  2.1230272E-01  1.0000000E-99  1.0000000E-99
  290  2.2549542E+05  1.0932176E+00  8.6729007E+02  3.3969626E+20  2.1411141E-01  1.0000000E-99  1.0000000E-99
  291  2.2627557E+05  1.0969999E+00  8.7029067E+02  3.3943871E+20  2.1593185E-01  1.0000000E-99  1.0000000E-99
  292  2.2705573E+05  1.1007821E+00  8.7329128E+02  3.3918007E+20  2.1776414E-01  1.0000000E-99  1.0000000E-99
  293  2.2783589E+05  1.1045644E+00  8.7629188E+02  3.3892034E+20  2.1960834E-01  1.0000000E-99  1.0000000E-99
  294  2.2861605E+05  1.1083466E+00  8.7929248E+02  3.3865952E+20  2.2146455E-01  1.0000000E-99  1.0000000E-99
  295  2.2939620E+05  1.1121289E+00  8.8229309E+02  3.3839760E+20  2.2333285E-01  1.0000000E-99  1.0000000E-99
  296  2.3017636E+05  1.1159111E+00  8.8529369E+02  3.3813459E+20  2.2521332E-01  1.0000000E-99  1.0000000E-99
  297  2.3095652E+05  1.1196934E+00  8.8829430E+02  3.3787048E+20  2.2710605E-01  1.0000000E-99  1.0000000E-99
  298  2.3173667E+05  1.1234757E+00  8.9129490E+02  3.3760527E+20  2.2901113E-01  1.0000000E-99  1.0000000E-99
  299  2.3251683E+05  1.1272579E+00  8.9429550E+02  3.3733896E+20  2.3092864E-01  1.0000000E-99  1.0000000E-99
  300  2.3329699E+05  1.1310402E+00  8.9729611E+02  3.3707153E+20  2.3285867E-01  1.0000000E-99  1.0000000E-99
  301  2.3407714E+05  1.1348224E+00  9.0029671E+02  3.3680300E+20  2.3480131E-01  1.0000000E-99  1.0000000E-99
  302  2.3485730E+05  1.1386047E+00  9.0329732E+02  3.3653336E+20  2.3675666E-01  1.0000000E-99  1.0000000E-99
  303  2.3563746E+05  1.1423869E+00  9.0629792E+02  3.3626260E+20  2.3872480E-01  1.0000000E-99  1.0000000E-99
  304  2.3641762E+05  1.1461692E+00  9.0929852E+02  3.3599073E+20  2.4070583E-01  1.0000000E-99  1.0000000E-99
  305  2.3719777E+05  1.1499514E+00  9.1229913E+02  3.3571773E+20  2.4269985E-01  1.0000000E-99  1.0000000E-99
  306  2.3797793E+05  1.1537337E+00  9.1529973E+02  3.3544362E+20  2.4470693E-01  1.0000000E-99  1.0000000E-99
  307  2.3875809E+05  1.1575160E+00  9.1830033E+02  3.3516837E+20  2.4672719E-01  1.0000000E-99  1.0000000E-99
  308  2.3953824E+05  1.1612982E+00  9.2130094E+02  3.3489200E+20  2.4876072E-01  1.0000000E-99  1.0000000E-99
  309  2.4031840E+05  1.1650805E+00  9.2430154E+02  3.3461450E+20  2.5080761E-01  1.0000000E-99  1.0000000E-99
  310  2.4109856E+05  1.1688627E+00  9.2730215E+02  3.3433586E+20  2.5286797E-01  1.0000000E-99  1.0000000E-99
  311  2.4187871E+05  1.1726450E+00  9.3030275E+02  3.3405609E+20  2.5494189E-01  1.0000000E-99  1.0000000E-99
  312  2.4265887E+05  1.1764272E+00  9.3330335E+02  3.3377518E+20  2.5702948E-01  1.0000000E-99  1.0000000E-99
  313  2.4343903E+05  1.1802095E+00  9.3630396E+02  3.3349312E+20  2.5913083E-01  1.0000000E-99  1.0000000E-99
  314  2.4421919E+05  1.1839917E+00  9.3930456E+02  3.3320992E+20  2.6124606E-01  1.0000000E-99  1.0000000E-99
  315  2.4499934E+05  1.1877740E+00  9.4230517E+02  3.3292557E+20  2.6337527E-01  1.0000000E-99  1.0000000E-99
  316  2.4577950E+05  1.1915563E+00  9.4530577E+02  3.3264007E+20  2.6551855E-01  1.0000000E-99  1.0000000E-99
  317  2.4655966E+05  1.1953385E+00  9.4830637E+02  3.3235342E+20  2.6767602E-01  1.0000000E-99  1.0000000E-99
  318  2.4733981E+05  1.1991208E+00  9.5130698E+02  3.3206561E+20  2.6984779E-01  1.0000000E-99  1.0000000E-99
  319  2.4811997E+05  1.2029030E+00  9.5430758E+02  3.3177663E+20  2.7203397E-01  1.0000000E-99  1.0000000E-99
  320  2.4890013E+05  1.2066853E+00  9.5730818E+02  3.3148650E+20  2.7423466E-01  1.0000000E-99  1.0000000E-99
  321  2.4968028E+05  1.2104675E+00  9.6030879E+02  3.3119520E+20  2.7644998E-01  1.0000000E-99  1.0000000E-99
  322  2.5046044E+05  1.2142498E+00  9.6330939E+02  3.3090273E+20  2.7868004E-01  1.0000000E-99  1.0000000E-99
  323  2.5124060E+05  1.2180321E+00  9.6631000E+02  3.3060908E+20  2.8092495E-01  1.0000000E-99  1.0000000E-99
  324  2.5202076E+05  1.2218143E+00  9.6931060E+02  3.3031426E+20  2.8318484E-01  1.0000000E-99  1.0000000E-99
  325  2.5280091E+05  1.2255966E+00  9.7231120E+02  3.3001827E+20  2.8545981E-01  1.0000000E-99  1.0000000E-99
  326  2.5358107E+05  1.2293788E+00  9.7531181E+02  3.2972109E+20  2.8774999E-01  1.0000000E-99  1.0000000E-99
  327  2.5436123E+05  1.2331611E+00  9.7831241E+02  3.2942272E+20  2.9005549E-01  1.0000000E-99  1.0000000E-99
  328  2.5514138E+05  1.2369433E+00  9.8131302E+02  3.2912317E+20  2.9237644E-01  1.0000000E-99  1.0000000E-99
  329  2.5592154E+05  1.2407256E+00  9.8431362E+02  3.2882243E+20  2.9471295E-01  1.0000000E-99  1.0000000E-99
  330  2.5670170E+05  1.2445078E+00  9.8731422E+02  3.2852049E+20  2.9706516E-01  1.0000000E-99  1.0000000E-99
  331  2.5748185E+05  1.2482901E+00  9.9031483E+02  3.2821735E+20  2.9943318E-01  1.0000000E-99  1.0000000E-99
  332  2.5826201E+05  1.2520724E+00  9.9331543E+02  3.2791301E+20  3.0181715E-01  1.0000000E-99  1.0000000E-99
  333  2.5904217E+05  1.2558546E+00  9.9631603E+02  3.2760747E+20  3.0421718E-01  1.0000000E-99  1.0000000E-99
  334  2.5982233E+05  1.2596369E+00  9.9931664E+02  3.2730071E+20  3.0663342E-01  1.0000000E-99  1.0000000E-99
  335  2.6060248E+05  1.2634191E+00  1.0023172E+03  3.2699275E+20  3.0906599E-01  1.0000000E-99  1.0000000E-99
  336  2.6138264E+05  1.2672014E+00  1.0053178E+03  3.2668357E+20  3.1151503E-01  1.0000000E-99  1.0000000E-99
  337  2.6216280E+05  1.2709836E+00  1.0083184E+03  3.2637317E+20  3.1398066E-01  1.0000000E-99  1.0000000E-99
  338  2.6294295E+05  1.2747659E+00  1.0113191E+03  3.2606155E+20  3.1646302E-01  1.0000000E-99  1.0000000E-99
  339  2.6372311E+05  1.2785481E+00  1.0143197E+03  3.2574871E+20  3.1896226E-01  1.0000000E-99  1.0000000E-99
  340  2.6450327E+05  1.2823304E+00  1.0173203E+03  3.2543463E+20  3.2147850E-01  1.0000000E-99  1.0000000E-99
  341  2.6528342E+05  1.2861127E+00  1.0203209E+03  3.2511933E+20  3.2401190E-01  1.0000000E-99  1.0000000E-99
  342  2.6606358E+05  1.2898949E+00  1.0233215E+03  3.2480278E+20  3.2656259E-01  1.0000000E-99  1.0000000E-99
  343  2.6684374E+05  1.2936772E+00  1.0263221E+03  3.2448500E+20  3.2913071E-01  1.0000000E-99  1.0000000E-99
  344  2.6762390E+05  1.2974594E+00  1.0293227E+03  3.2416598E+20  3.3171642E-01  1.0000000E-99  1.0000000E-99
  345  2.6840405E+05  1.3012417E+00  1.0323233E+03  3.2384570E+20  3.3431985E-01  1.0000000E-99  1.0000000E-99
  346  2.6918421E+05  1.3050239E+00  1.0353239E+03  3.2352418E+20  3.3694117E-01  1.0000000E-99  1.0000000E-99
  347  2.6996437E+05  1.3088062E+00  1.0383245E+03  3.2320140E+20  3.3958051E-01  1.0000000E-99  1.0000000E-99
  348  2.7074452E+05  1.3125884E+00  1.0413251E+03  3.2287736E+20  3.4223803E-01  1.0000000E-99  1.0000000E-99
  349  2.7152468E+05  1.3163707E+00  1.0443257E+03  3.2255207E+20  3.4491389E-01  1.0000000E-99  1.0000000E-99
  350  2.7230484E+05  1.3201530E+00  1.0473263E+03  3.2222550E+20  3.4760824E-01  1.0000000E-99  1.0000000E-99
  351  2.7308499E+05  1.3239352E+00  1.0503269E+03  3.2189767E+20  3.5032125E-01  1.0000000E-99  1.0000000E-99
  352  2.7386515E+05  1.3277175E+00  1.0533275E+03  3.2156856E+20  3.5305306E-01  1.0000000E-99  1.0000000E-99
  353  2.7464531E+05  1.3314997E+00  1.0563281E+03  3.2123817E+20  3.5580385E-01  1.0000000E-99  1.0000000E-99
  354  2.7542547E+05  1.3352820E+00  1.0593287E+03  3.2090650E+20  3.5857377E-01  1.0000000E-99  1.0000000E-99
  355  2.7620562E+05  1.3390642E+00  1.0623293E+03  3.2057355E+20  3.6136300E-01  1.0000000E-99  1.0000000E-99
  356  2.7698578E+05  1.3428465E+00  1.0653299E+03  3.2023931E+20  3.6417169E-01  1.0000000E-99  1.0000000E-99
  357  2.7776594E+05  1.3466288E+00  1.0683305E+03  3.1990377E+20  3.6700003E-01  1.0000000E-99  1.0000000E-99
  358  2.7854609E+05  1.3504110E+00  1.0713311E+03  3.1956694E+20  3.6984819E-01  1.0000000E-99  1.0000000E-99
  359  2.7932625E+05  1.3541933E+00  1.0743317E+03  3.1922880E+20  3.7271633E-01  1.0000000E-99  1.0000000E-99
  360  2.8010641E+05  1.3579755E+00  1.0773323E+03  3.1888936E+20  3.7560463E-01  1.0000000E-99  1.0000000E-99
  361  2.8088656E+05  1.3617578E+00  1.0803329E+03  3.1854861E+20  3.7851329E-01  1.0000000E-99  1.0000000E-99
  362  2.8166672E+05  1.3655400E+00  1.0833335E+03  3.1820655E+20  3.8144246E-01  1.0000000E-99  1.0000000E-99
  363  2.8244688E+05  1.3693223E+00  1.0863341E+03  3.1786316E+20  3.8439235E-01  1.0000000E-99  1.0000000E-99
  364  2.8322704E+05  1.3731045E+00  1.0893348E+03  3.1751846E+20  3.8736312E-01  1.0000000E-99  1.0000000E-99
  365  2.8400719E+05  1.3768868E+00  1.0923354E+03  3.1717242E+20  3.9035498E-01  1.0000000E-99  1.0000000E-99
  366  2.8478735E+05  1.3806691E+00  1.0953360E+03  3.1682506E+20  3.9336812E-01  1.0000000E-99  1.0000000E-99
  367  2.8556751E+05  1.3844513E+00  1.0983366E+03  3.1647635E+20  3.9640272E-01  1.0000000E-99  1.0000000E-99
  368  2.8634766E+05  1.3882336E+00  1.1013372E+03  3.1612631E+20  3.9945897E-01  1.0000000E-99  1.0000000E-99
  369  2.8712782E+05  1.3920158E+00  1.1043378E+03  3.1577493E+20  4.0253709E-01  1.0000000E-99  1.0000000E-99
  370  2.8790798E+05  1.3957981E+00  1.1073384E+03  3.1542219E+20  4.0563727E-01  1.0000000E-99  1.0000000E-99
  371  2.8868813E+05  1.3995803E+00  1.1103390E+03  3.1506810E+20  4.0875971E-01  1.0000000E-99  1.0000000E-99
  372  2.8946829E+05  1.4033626E+00  1.1133396E+03  3.1471266E+20  4.1190461E-01  1.0000000E-99  1.0000000E-99
  373  2.9024845E+05  1.4071448E+00  1.1163402E+03  3.1435585E+20  4.1507219E-01  1.0000000E-99  1.0000000E-99
  374  2.9102861E+05  1.4109271E+00  1.1193408E+03  3.1399767E+20  4.1826266E-01  1.0000000E-99  1.0000000E-99
  375  2.9180876E+05  1.4147094E+00  1.1223414E+03  3.1363812E+20  4.2147623E-01  1.0000000E-99  1.0000000E-99
  376  2.9258892E+05  1.4184916E+00  1.1253420E+03  3.1327719E+20  4.2471311E-01  1.0000000E-99  1.0000000E-99
  377  2.9336908E+05  1.4222739E+00  1.1283426E+03  3.1291488E+20  4.2797353E-01  1.0000000E-99  1.0000000E-99
  378  2.9414923E+05  1.4260561E+00  1.1313432E+03  3.1255119E+20  4.3125771E-01  1.0000000E-99  1.0000000E-99
  379  2.9492939E+05  1.4298384E+00  1.1343438E+03  3.1218610E+20  4.3456586E-01  1.0000000E-99  1.0000000E-99
  380  2.9570955E+05  1.4336206E+00  1.1373444E+03  3.1181962E+20  4.3789823E-01  1.0000000E-99  1.0000000E-99
  381  2.9648970E+05  1.4374029E+00  1.1403450E+03  3.1145173E+20  4.4125504E-01  1.0000000E-99  1.0000000E-99
  382  2.9726986E+05  1.4411851E+00  1.1433456E+03  3.1108244E+20  4.4463653E-01  1.0000000E-99  1.0000000E-99
  383  2.9805002E+05  1.4449674E+00  1.1463462E+03  3.1071174E+20  4.4804293E-01  1.0000000E-99  1.0000000E-99
  384  2.9883018E+05  1.4487497E+00  1.1493468E+03  3.1033962E+20  4.5147448E-01  1.0000000E-99  1.0000000E-99
  385  2.9961033E+05  1.4525319E+00  1.1523474E+03  3.0996608E+20  4.5493143E-01  1.0000000E-99  1.0000000E-99
  386  3.0039049E+05  1.4563142E+00  1.1553480E+03  3.0959112E+20  4.5841402E-01  1.0000000E-99  1.0000000E-99
  387  3.0117065E+05  1.4600964E+00  1.1583486E+03  3.0921472E+20  4.6192251E-01  1.0000000E-99  1.0000000E-99
  388  3.0195080E+05  1.4638787E+00  1.1613492E+03  3.0883689E+20  4.6545714E-01  1.0000000E-99  1.0000000E-99
  389  3.0273096E+05  1.4676609E+00  1.1643498E+03  3.0845761E+20  4.6901818E-01  1.0000000E-99  1.0000000E-99
  390  3.0351112E+05  1.4714432E+00  1.1673505E+03  3.0807689E+20  4.7260588E-01  1.0000000E-99  1.0000000E-99
  391  3.0429127E+05  1.4752255E+00  1.1703511E+03  3.0769471E+20  4.7622052E-01  1.0000000E-99  1.0000000E-99
  392  3.0507143E+05  1.4790077E+00  1.1733517E+03  3.0731107E+20  4.7986235E-01  1.0000000E-99  1.0000000E-99
  393  3.0585159E+05  1.4827900E+00  1.1763523E+03  3.0692597E+20  4.8353164E-01  1.0000000E-99  1.0000000E-99
  394  3.0663175E+05  1.4865722E+00  1.1793529E+03  3.0653941E+20  4.8722869E-01  1.0000000E-99  1.0000000E-99
  395  3.0741190E+05  1.4903545E+00  1.1823535E+03  3.0615136E+20  4.9095375E-01  1.0000000E-99  1.0000000E-99
  396  3.0819206E+05  1.4941367E+00  1.1853541E+03  3.0576184E+20  4.9470712E-01  1.0000000E-99  1.0000000E-99
  397  3.0897222E+05  1.4979190E+00  1.1883547E+03  3.0537083E+20  4.9848908E-01  1.0000000E-99  1.0000000E-99
  398  3.0975237E+05  1.5017012E+00  1.1913553E+03  3.0497833E+20  5.0229992E-01  1.0000000E-99  1.0000000E-99
  399  3.1053253E+05  1.5054835E+00  1.1943559E+03  3.0458433E+20  5.0613994E-01  1.0000000E-99  1.0000000E-99
  400  3.1131269E+05  1.5092658E+00  1.1973565E+03  3.0418883E+20  5.1000944E-01  1.0000000E-99  1.0000000E-99
  401  3.1209284E+05  1.5130480E+00  1.2003571E+03  3.0379181E+20  5.1390872E-01  1.0000000E-99  1.0000000E-99
  402  3.1287300E+05  1.5168303E+00  1.2033577E+03  3.0339329E+20  5.1783809E-01  1.0000000E-99  1.0000000E-99
  403  3.1365316E+05  1.5206125E+00  1.2063583E+03  3.0299324E+20  5.2179785E-01  1.0000000E-99  1.0000000E-99
  404  3.1443332E+05  1.5243948E+00  1.2093589E+03  3.0259166E+20  5.2578833E-01  1.0000000E-99  1.0000000E-99
  405  3.1521347E+05  1.5281770E+00  1.2123595E+03  3.0218855E+20  5.2980985E-01  1.0000000E-99  1.0000000E-99
  406  3.1599363E+05  1.5319593E+00  1.2153601E+03  3.0178391E+20  5.3386273E-01  1.0000000E-99  1.0000000E-99
  407  3.1677379E+05  1.5357415E+00  1.2183607E+03  3.0137771E+20  5.3794731E-01  1.0000000E-99  1.0000000E-99
  408  3.1755394E+05  1.5395238E+00  1.2213613E+03  3.0096997E+20  5.4206391E-01  1.0000000E-99  1.0000000E-99
  409  3.1833410E+05  1.5433061E+00  1.2243619E+03  3.0056066E+20  5.4621288E-01  1.0000000E-99  1.0000000E-99
  410  3.1911426E+05  1.5470883E+00  1.2273625E+03  3.0014979E+20  5.5039456E-01  1.0000000E-99  1.0000000E-99
  411  3.1989441E+05  1.5508706E+00  1.2303631E+03  2.9973735E+20  5.5460930E-01  1.0000000E-99  1.0000000E-99
  412  3.2067457E+05  1.5546528E+00  1.2333637E+03  2.9932333E+20  5.5885747E-01  1.0000000E-99  1.0000000E-99
  413  3.2145473E+05  1.5584351E+00  1.2363643E+03  2.9890773E+20  5.6313941E-01  1.0000000E-99  1.0000000E-99
  414  3.2223489E+05  1.5622173E+00  1.2393649E+03  2.9849054E+20  5.6745549E-01  1.0000000E-99  1.0000000E-99
  415  3.2301504E+05  1.5659996E+00  1.2423655E+03  2.9807175E+20  5.7180609E-01  1.0000000E-99  1.0000000E-99
  416  3.2379520E+05  1.5697818E+00  1.2453662E+03  2.9765136E+20  5.7619158E-01  1.0000000E-99  1.0000000E-99
  417  3.2457536E+05  1.5735641E+00  1.2483668E+03  2.9722935E+20  5.8061234E-01  1.0000000E-99  1.0000000E-99
  418  3.2535551E+05  1.5773464E+00  1.2513674E+03  2.9680573E+20  5.8506876E-01  1.0000000E-99  1.0000000E-99
  419  3.2613567E+05  1.5811286E+00  1.2543680E+03  2.9638048E+20  5.8956124E-01  1.0000000E-99  1.0000000E-99
  420  3.2691583E+05  1.5849109E+00  1.2573686E+03  2.9595360E+20  5.9409018E-01  1.0000000E-99  1.0000000E-99
  421  3.2769598E+05  1.5886931E+00  1.2603692E+03  2.9552508E+20  5.9865597E-01  1.0000000E-99  1.0000000E-99
  422  3.2847614E+05  1.5924754E+00  1.2633698E+03  2.9509492E+20  6.0325904E-01  1.0000000E-99  1.0000000E-99
  423  3.2925630E+05  1.5962576E+00  1.2663704E+03  2.9466310E+20  6.0789979E-01  1.0000000E-99  1.0000000E-99
  424  3.3003646E+05  1.6000399E+00  1.2693710E+03  2.9422962E+20  6.1257867E-01  1.0000000E-99  1.0000000E-99
  425  3.3081661E+05  1.6038222E+00  1.2723716E+03  2.9379448E+20  6.1729609E-01  1.0000000E-99  1.0000000E-99
  426  3.3159677E+05  1.6076044E+00  1.2753722E+03  2.9335766E+20  6.2205249E-01  1.0000000E-99  1.0000000E-99
  427  3.3237693E+05  1.6113867E+00  1.2783728E+03  2.9291915E+20  6.2684832E-01  1.0000000E-99  1.0000000E-99
  428  3.3315708E+05  1.6151689E+00  1.2813734E+03  2.9247896E+20  6.3168404E-01  1.0000000E-99  1.0000000E-99
  429  3.3393724E+05  1.6189512E+00  1.2843740E+03  2.9203707E+20  6.3656009E-01  1.0000000E-99  1.0000000E-99
  430  3.3471740E+05  1.6227334E+00  1.2873746E+03  2.9159347E+20  6.4147695E-01  1.0000000E-99  1.0000000E-99
  431  3.3549755E+05  1.6265157E+00  1.2903752E+03  2.9114816E+20  6.4643509E-01  1.0000000E-99  1.0000000E-99
  432  3.3627771E+05  1.6302979E+00  1.2933758E+03  2.9070112E+20  6.5143499E-01  1.0000000E-99  1.0000000E-99
  433  3.3705787E+05  1.6340802E+00  1.2963764E+03  2.9025236E+20  6.5647714E-01  1.0000000E-99  1.0000000E-99
  434  3.3783803E+05  1.6378625E+00  1.2993770E+03  2.8980186E+20  6.6156203E-01  1.0000000E-99  1.0000000E-99
  435  3.3861818E+05  1.6416447E+00  1.3023776E+03  2.8934962E+20  6.6669017E-01  1.0000000E-99  1.0000000E-99
  436  3.3939834E+05  1.6454270E+00  1.3053782E+03  2.8889562E+20  6.7186206E-01  1.0000000E-99  1.0000000E-99
  437  3.4017850E+05  1.6492092E+00  1.3083788E+03  2.8843986E+20  6.7707824E-01  1.0000000E-99  1.0000000E-99
  438  3.4095865E+05  1.6529915E+00  1.3113794E+03  2.8798233E+20  6.8233923E-01  1.0000000E-99  1.0000000E-99
  439  3.4173881E+05  1.6567737E+00  1.3143800E+03  2.8752302E+20  6.8764557E-01  1.0000000E-99  1.0000000E-99
  440  3.4251897E+05  1.6605560E+00  1.3173806E+03  2.8706192E+20  6.9299780E-01  1.0000000E-99  1.0000000E-99
  441  3.4329912E+05  1.6643382E+00  1.3203812E+03  2.8659903E+20  6.9839647E-01  1.0000000E-99  1.0000000E-99
  442  3.4407928E+05  1.6681205E+00  1.3233819E+03  2.8613433E+20  7.0384216E-01  1.0000000E-99  1.0000000E-99
  443  3.4485944E+05  1.6719028E+00  1.3263825E+03  2.8566782E+20  7.0933544E-01  1.0000000E-99  1.0000000E-99
  444  3.4563960E+05  1.6756850E+00  1.3293831E+03  2.8519949E+20  7.1487689E-01  1.0000000E-99  1.0000000E-99
  445  3.4641975E+05  1.6794673E+00  1.3323837E+03  2.8472933E+20  7.2046710E-01  1.0000000E-99  1.0000000E-99
  446  3.4719991E+05  1.6832495E+00  1.3353843E+03  2.8425732E+20  7.2610667E-01  1.0000000E-99  1.0000000E-99
  447  3.4798007E+05  1.6870318E+00  1.3383849E+03  2.8378347E+20  7.3179622E-01  1.0000000E-99  1.0000000E-99
  448  3.4876022E+05  1.6908140E+00  1.3413855E+03  2.8330775E+20  7.3753637E-01  1.0000000E-99  1.0000000E-99
  449  3.4954038E+05  1.6945963E+00  1.3443861E+03  2.8283017E+20  7.4332776E-01  1.0000000E-99  1.0000000E-99
  450  3.5032054E+05  1.6983785E+00  1.3473867E+03  2.8235071E+20  7.4917103E-01  1.0000000E-99  1.0000000E-99
  451  3.5110069E+05  1.7021608E+00  1.3503873E+03  2.8186937E+20  7.5506684E-01  1.0000000E-99  1.0000000E-99
  452  3.5188085E+05  1.7059431E+00  1.3533879E+03  2.8138612E+20  7.6101584E-01  1.0000000E-99  1.0000000E-99
  453  3.5266101E+05  1.7097253E+00  1.3563885E+03  2.8090097E+20  7.6701873E-01  1.0000000E-99  1.0000000E-99
  454  3.5344117E+05  1.7135076E+00  1.3593891E+03  2.8041391E+20  7.7307619E-01  1.0000000E-99  1.0000000E-99
  455  3.5422132E+05  1.7172898E+00  1.3623897E+03  2.7992491E+20  7.7918892E-01  1.0000000E-99  1.0000000E-99
  456  3.5500148E+05  1.7210721E+00  1.3653903E+03  2.7943398E+20  7.8535763E-01  1.0000000E-99  1.0000000E-99
  457  3.5578164E+05  1.7248543E+00  1.3683909E+03  2.7894111E+20  7.9158306E-01  1.0000000E-99  1.0000000E-99
  458  3.5656179E+05  1.7286366E+00  1.3713915E+03  2.7844627E+20  7.9786595E-01  1.0000000E-99  1.0000000E-99
  459  3.5734195E+05  1.7324189E+00  1.3743921E+03  2.7794947E+20  8.0420704E-01  1.0000000E-99  1.0000000E-99
  460  3.5812211E+05  1.7362011E+00  1.3773927E+03  2.7745069E+20  8.1060710E-01  1.0000000E-99  1.0000000E-99
  461  3.5890226E+05  1.7399834E+00  1.3803933E+03  2.7694992E+20  8.1706691E-01  1.0000000E-99  1.0000000E-99
  462  3.5968242E+05  1.7437656E+00  1.3833939E+03  2.7644715E+20  8.2358727E-01  1.0000000E-99  1.0000000E-99
  463  3.6046258E+05  1.7475479E+00  1.3863945E+03  2.7594237E+20  8.3016899E-01  1.0000000E-99  1.0000000E-99
  464  3.6124274E+05  1.7513301E+00  1.3893951E+03  2.7543557E+20  8.3681288E-01  1.0000000E-99  1.0000000E-99
  465  3.6202289E+05  1.7551124E+00  1.3923957E+03  2.7492673E+20  8.4351978E-01  1.0000000E-99  1.0000000E-99
  466  3.6280305E+05  1.7588946E+00  1.3953963E+03  2.7441585E+20  8.5029055E-01  1.0000000E-99  1.0000000E-99
  467  3.6358321E+05  1.7626769E+00  1.3983969E+03  2.7390291E+20  8.5712605E-01  1.0000000E-99  1.0000000E-99
  468  3.6436336E+05  1.7664592E+00  1.4013976E+03  2.7338791E+20  8.6402717E-01  1.0000000E-99  1.0000000E-99
  469  3.6514352E+05  1.7702414E+00  1.4043982E+03  2.7287083E+20  8.7099481E-01  1.0000000E-99  1.0000000E-99
  470  3.6592368E+05  1.7740237E+00  1.4073988E+03  2.7235165E+20  8.7802989E-01  1.0000000E-99  1.0000000E-99
  471  3.6670383E+05  1.7778059E+00  1.4103994E+03  2.7183038E+20  8.8513334E-01  1.0000000E-99  1.0000000E-99
  472  3.6748399E+05  1.7815882E+00  1.4134000E+03  2.7130699E+20  8.9230611E-01  1.0000000E-99  1.0000000E-99
  473  3.6826415E+05  1.7853704E+00  1.4164006E+03  2.7078147E+20  8.9954918E-01  1.0000000E-99  1.0000000E-99
  474  3.6904431E+05  1.7891527E+00  1.4194012E+03  2.7025381E+20  9.0686353E-01  1.0000000E-99  1.0000000E-99
  475  3.6982446E+05  1.7929349E+00  1.4224018E+03  2.6972400E+20  9.1425016E-01  1.0000000E-99  1.0000000E-99
  476  3.7060462E+05  1.7967172E+00  1.4254024E+03  2.6919202E+20  9.2171011E-01  1.0000000E-99  1.0000000E-99
  477  3.7138478E+05  1.8004995E+00  1.4284030E+03  2.6865787E+20  9.2924442E-01  1.0000000E-99  1.0000000E-99
  478  3.7216493E+05  1.8042817E+00  1.4314036E+03  2.6812153E+20  9.3685416E-01  1.0000000E-99  1.0000000E-99
  479  3.7294509E+05  1.8080640E+00  1.4344042E+03  2.6758298E+20  9.4454042E-01  1.0000000E-99  1.0000000E-99
  480  3.7372525E+05  1.8118462E+00  1.4374048E+03  2.6704221E+20  9.5230429E-01  1.0000000E-99  1.0000000E-99
  481  3.7450540E+05  1.8156285E+00  1.4404054E+03  2.6649922E+20  9.6014692E-01  1.0000000E-99  1.0000000E-99
  482  3.7528556E+05  1.8194107E+00  1.4434060E+03  2.6595398E+20  9.6806945E-01  1.0000000E-99  1.0000000E-99
  483  3.7606572E+05  1.8231930E+00  1.4464066E+03  2.6540648E+20  9.7607305E-01  1.0000000E-99  1.0000000E-99
  484  3.7684588E+05  1.8269752E+00  1.4494072E+03  2.6485670E+20  9.8415894E-01  1.0000000E-99  1.0000000E-99
  485  3.7762603E+05  1.8307575E+00  1.4524078E+03  2.6430465E+20  9.9232832E-01  1.0000000E-99  1.0000000E-99
  486  3.7840619E+05  1.8345398E+00  1.4554084E+03  2.6375029E+20  1.0005824E+00  1.0000000E-99  1.0000000E-99
  487  3.7918635E+05  1.8383220E+00  1.4584090E+03  2.6319361E+20  1.0089226E+00  1.0000000E-99  1.0000000E-99
  488  3.7996650E+05  1.8421043E+00  1.4614096E+03  2.6263461E+20  1.0173500E+00  1.0000000E-99  1.0000000E-99
  489  3.8074666E+05  1.8458865E+00  1.4644102E+03  2.6207326E+20  1.0258661E+00  1.0000000E-99  1.0000000E-99
  490  3.8152682E+05  1.8496688E+00  1.4674108E+03  2.6150955E+20  1.0344722E+00  1.0000000E-99  1.0000000E-99
  491  3.8230697E+05  1.8534510E+00  1.4704114E+03  2.6094346E+20  1.0431696E+00  1.0000000E-99  1.0000000E-99
  492  3.8308713E+05  1.8572333E+00  1.4734120E+03  2.6037499E+20  1.0519598E+00  1.0000000E-99  1.0000000E-99
  493  3.8386729E+05  1.8610155E+00  1.4764126E+03  2.5980410E+20  1.0608443E+00  1.0000000E-99  1.0000000E-99
  494  3.8464745E+05  1.8647978E+00  1.4794133E+03  2.5923080E+20  1.0698243E+00  1.0000000E-99  1.0000000E-99
  495  3.8542760E+05  1.8685801E+00  1.4824139E+03  2.5865505E+20  1.0789016E+00  1.0000000E-99  1.0000000E-99
  496  3.8620776E+05  1.8723623E+00  1.4854145E+03  2.5807685E+20  1.0880776E+00  1.0000000E-99  1.0000000E-99
  497  3.8698792E+05  1.8761446E+00  1.4884151E+03  2.5749618E+20  1.0973538E+00  1.0000000E-99  1.0000000E-99
  498  3.8776807E+05  1.8799268E+00  1.4914157E+03  2.5691302E+20  1.1067319E+00  1.0000000E-99  1.0000000E-99
  499  3.8854823E+05  1.8837091E+00  1.4944163E+03  2.5632736E+20  1.1162134E+00  1.0000000E-99  1.0000000E-99
  500  3.8932839E+05  1.8874913E+00  1.4974169E+03  2.5573917E+20  1.1258001E+00  1.0000000E-99  1.0000000E-99
  501  3.9010854E+05  1.8912736E+00  1.5004175E+03  2.5514845E+20  1.1354937E+00  1.0000000E-99  1.0000000E-99
  502  3.9088870E+05  1.8950559E+00  1.5034181E+03  2.5455516E+20  1.1452958E+00  1.0000000E-99  1.0000000E-99
  503  3.9166886E+05  1.8988381E+00  1.5064187E+03  2.5395930E+20  1.1552083E+00  1.0000000E-99  1.0000000E-99
  504  3.9244902E+05  1.9026204E+00  1.5094193E+03  2.5336085E+20  1.1652329E+00  1.0000000E-99  1.0000000E-99
  505  3.9322917E+05  1.9064026E+00  1.5124199E+03  2.5275978E+20  1.1753716E+00  1.0000000E-99  1.0000000E-99
  506  3.9400933E+05  1.9101849E+00  1.5154205E+03  2.5215609E+20  1.1856262E+00  1.0000000E-99  1.0000000E-99
  507  3.9478949E+05  1.9139671E+00  1.5184211E+03  2.5154974E+20  1.1959986E+00  1.0000000E-99  1.0000000E-99
  508  3.9556964E+05  1.9177494E+00  1.5214217E+03  2.5094072E+20  1.2064909E+00  1.0000000E-99  1.0000000E-99
  509  3.9634980E+05  1.9215316E+00  1.5244223E+03  2.5032902E+20  1.2171050E+00  1.0000000E-99  1.0000000E-99
  510  3.9712996E+05  1.9253139E+00  1.5274229E+03  2.4971461E+20  1.2278431E+00  1.0000000E-99  1.0000000E-99
  511  3.9791011E+05  1.9290962E+00  1.5304235E+03  2.4909747E+20  1.2387072E+00  1.0000000E-99  1.0000000E-99
  512  3.9869027E+05  1.9328784E+00  1.5334241E+03  2.4847758E+20  1.2496995E+00  1.0000000E-99  1.0000000E-99
  513  3.9947043E+05  1.9366607E+00  1.5364247E+03  2.4785492E+20  1.2608223E+00  1.0000000E-99  1.0000000E-99
  514  4.0025059E+05  1.9404429E+00  1.5394253E+03  2.4722947E+20  1.2720778E+00  1.0000000E-99  1.0000000E-99
  515  4.0103074E+05  1.9442252E+00  1.5424259E+03  2.4660121E+20  1.2834683E+00  1.0000000E-99  1.0000000E-99
  516  4.0181090E+05  1.9480074E+00  1.5454265E+03  2.4597012E+20  1.2949963E+00  1.0000000E-99  1.0000000E-99
  517  4.0259106E+05  1.9517897E+00  1.5484271E+03  2.4533618E+20  1.3066640E+00  1.0000000E-99  1.0000000E-99
  518  4.0337121E+05  1.9555719E+00  1.5514277E+03  2.4469935E+20  1.3184741E+00  1.0000000E-99  1.0000000E-99
  519  4.0415137E+05  1.9593542E+00  1.5544283E+03  2.4405963E+20  1.3304291E+00  1.0000000E-99  1.0000000E-99
  520  4.0493153E+05  1.9631365E+00  1.5574290E+03  2.4341698E+20  1.3425316E+00  1.0000000E-99  1.0000000E-99
  521  4.0571168E+05  1.9669187E+00  1.5604296E+03  2.4277139E+20  1.3547843E+00  1.0000000E-99  1.0000000E-99
  522  4.0649184E+05  1.9707010E+00  1.5634302E+03  2.4212283E+20  1.3671899E+00  1.0000000E-99  1.0000000E-99
  523  4.0727200E+05  1.9744832E+00  1.5664308E+03  2.4147128E+20  1.3797513E+00  1.0000000E-99  1.0000000E-99
  524  4.0805216E+05  1.9782655E+00  1.5694314E+03  2.4081671E+20  1.3924712E+00  1.0000000E-99  1.0000000E-99
  525  4.0883231E+05  1.9820477E+00  1.5724320E+03  2.4015910E+20  1.4053527E+00  1.0000000E-99  1.0000000E-99
  526  4.0961247E+05  1.9858300E+00  1.5754326E+03  2.3949842E+20  1.4183988E+00  1.0000000E-99  1.0000000E-99
  527  4.1039263E+05  1.9896122E+00  1.5784332E+03  2.3883464E+20  1.4316126E+00  1.0000000E-99  1.0000000E-99
  528  4.1117278E+05  1.9933945E+00  1.5814338E+03  2.3816775E+20  1.4449973E+00  1.0000000E-99  1.0000000E-99
  529  4.1195294E+05  1.9971768E+00  1.5844344E+03  2.3749772E+20  1.4585561E+00  1.0000000E-99  1.0000000E-99
  530  4.1273310E+05  2.0009590E+00  1.5874350E+03  2.3682451E+20  1.4722924E+00  1.0000000E-99  1.0000000E-99
  531  4.1351325E+05  2.0047413E+00  1.5904356E+03  2.3614811E+20  1.4862096E+00  1.0000000E-99  1.0000000E-99
  532  4.1429341E+05  2.0085235E+00  1.5934362E+03  2.3546848E+20  1.5003112E+00  1.0000000E-99  1.0000000E-99
  533  4.1507357E+05  2.0123058E+00  1.5964368E+03  2.3478559E+20  1.5146009E+00  1.0000000E-99  1.0000000E-99
  534  4.1585373E+05  2.0160880E+00  1.5994374E+03  2.3409943E+20  1.5290823E+00  1.0000000E-99  1.0000000E-99
  535  4.1663388E+05  2.0198703E+00  1.6024380E+03  2.3340995E+20  1.5437593E+00  1.0000000E-99  1.0000000E-99
  536  4.1741404E+05  2.0236526E+00  1.6054386E+03  2.3271713E+20  1.5586357E+00  1.0000000E-99  1.0000000E-99
  537  4.1819420E+05  2.0274348E+00  1.6084392E+03  2.3202094E+20  1.5737156E+00  1.0000000E-99  1.0000000E-99
  538  4.1897435E+05  2.0312171E+00  1.6114398E+03  2.3132135E+20  1.5890032E+00  1.0000000E-99  1.0000000E-99
  539  4.1975451E+05  2.0349993E+00  1.6144404E+03  2.3061833E+20  1.6045025E+00  1.0000000E-99  1.0000000E-99
  540  4.2053467E+05  2.0387816E+00  1.6174410E+03  2.2991184E+20  1.6202181E+00  1.0000000E-99  1.0000000E-99
  541  4.2131482E+05  2.0425638E+00  1.6204416E+03  2.2920186E+20  1.6361543E+00  1.0000000E-99  1.0000000E-99
  542  4.2209498E+05  2.0463461E+00  1.6234422E+03  2.2848834E+20  1.6523158E+00  1.0000000E-99  1.0000000E-99
  543  4.2287514E+05  2.0501283E+00  1.6264428E+03  2.2777127E+20  1.6687072E+00  1.0000000E-99  1.0000000E-99
  544  4.2365530E+05  2.0539106E+00  1.6294434E+03  2.2705061E+20  1.6853335E+00  1.0000000E-99  1.0000000E-99
  545  4.2443545E+05  2.0576929E+00  1.6324440E+03  2.2632631E+20  1.7021997E+00  1.0000000E-99  1.0000000E-99
  546  4.2521561E+05  2.0614751E+00  1.6354447E+03  2.2559835E+20  1.7193108E+00  1.0000000E-99  1.0000000E-99
  547  4.2599577E+05  2.0652574E+00  1.6384453E+03  2.2486669E+20  1.7366721E+00  1.0000000E-99  1.0000000E-99
  548  4.2677592E+05  2.0690396E+00  1.6414459E+03  2.2413129E+20  1.7542892E+00  1.0000000E-99  1.0000000E-99
  549  4.2755608E+05  2.0728219E+00  1.6444465E+03  2.2339212E+20  1.7721676E+00  1.0000000E-99  1.0000000E-99
  550  4.2833624E+05  2.0766041E+00  1.6474471E+03  2.2264913E+20  1.7903130E+00  1.0000000E-99  1.0000000E-99
  551  4.2911639E+05  2.0803864E+00  1.6504477E+03  2.2190230E+20  1.8087314E+00  1.0000000E-99  1.0000000E-99
  552  4.2989655E+05  2.0841686E+00  1.6534483E+03  2.2115159E+20  1.8274290E+00  1.0000000E-99  1.0000000E-99
  553  4.3067671E+05  2.0879509E+00  1.6564489E+03  2.2039694E+20  1.8464119E+00  1.0000000E-99  1.0000000E-99
  554  4.3145687E+05  2.0917332E+00  1.6594495E+03  2.1963832E+20  1.8656868E+00  1.0000000E-99  1.0000000E-99
  555  4.3223702E+05  2.0955154E+00  1.6624501E+03  2.1887570E+20  1.8852603E+00  1.0000000E-99  1.0000000E-99
  556  4.3301718E+05  2.0992977E+00  1.6654507E+03  2.1810902E+20  1.9051392E+00  1.0000000E-99  1.0000000E-99
  557  4.3379734E+05  2.1030799E+00  1.6684513E+03  2.1733825E+20  1.9253307E+00  1.0000000E-99  1.0000000E-99
  558  4.3457749E+05  2.1068622E+00  1.6714519E+03  2.1656334E+20  1.9458421E+00  1.0000000E-99  1.0000000E-99
  559  4.3535765E+05  2.1106444E+00  1.6744525E+03  2.1578425E+20  1.9666811E+00  1.0000000E-99  1.0000000E-99
  560  4.3613781E+05  2.1144267E+00  1.6774531E+03  2.1500093E+20  1.9878553E+00  1.0000000E-99  1.0000000E-99
  561  4.3691796E+05  2.1182089E+00  1.6804537E+03  2.1421334E+20  2.0093728E+00  1.0000000E-99  1.0000000E-99
  562  4.3769812E+05  2.1219912E+00  1.6834543E+03  2.1342142E+20  2.0312420E+00  1.0000000E-99  1.0000000E-99
  563  4.3847828E+05  2.1257735E+00  1.6864549E+03  2.1262514E+20  2.0534714E+00  1.0000000E-99  1.0000000E-99
  564  4.3925844E+05  2.1295557E+00  1.6894555E+03  2.1182443E+20  2.0760699E+00  1.0000000E-99  1.0000000E-99
  565  4.4003859E+05  2.1333380E+00  1.6924561E+03  2.1101926E+20  2.0990467E+00  1.0000000E-99  1.0000000E-99
  566  4.4081875E+05  2.1371202E+00  1.6954567E+03  2.1020956E+20  2.1224111E+00  1.0000000E-99  1.0000000E-99
  567  4.4159891E+05  2.1409025E+00  1.6984573E+03  2.0939529E+20  2.1461731E+00  1.0000000E-99  1.0000000E-99
  568  4.4237906E+05  2.1446847E+00  1.7014579E+03  2.0857639E+20  2.1703427E+00  1.0000000E-99  1.0000000E-99
  569  4.4315922E+05  2.1484670E+00  1.7044585E+03  2.0775281E+20  2.1949304E+00  1.0000000E-99  1.0000000E-99
  570  4.4393938E+05  2.1522493E+00  1.7074591E+03  2.0692449E+20  2.2199470E+00  1.0000000E-99  1.0000000E-99
  571  4.4471953E+05  2.1560315E+00  1.7104597E+03  2.0609138E+20  2.2454037E+00  1.0000000E-99  1.0000000E-99
  572  4.4549969E+05  2.1598138E+00  1.7134604E+03  2.0525342E+20  2.2713121E+00  1.0000000E-99  1.0000000E-99
  573  4.4627985E+05  2.1635960E+00  1.7164610E+03  2.0441054E+20  2.2976842E+00  1.0000000E-99  1.0000000E-99
  574  4.4706001E+05  2.1673783E+00  1.7194616E+03  2.0356269E+20  2.3245324E+00  1.0000000E-99  1.0000000E-99
  575  4.4784016E+05  2.1711605E+00  1.7224622E+03  2.0270980E+20  2.3518697E+00  1.0000000E-99  1.0000000E-99
  576  4.4862032E+05  2.1749428E+00  1.7254628E+03  2.0185181E+20  2.3797093E+00  1.0000000E-99  1.0000000E-99
  577  4.4940048E+05  2.1787250E+00  1.7284634E+03  2.0098865E+20  2.4080652E+00  1.0000000E-99  1.0000000E-99
  578  4.5018063E+05  2.1825073E+00  1.7314640E+03  2.0012026E+20  2.4369517E+00  1.0000000E-99  1.0000000E-99
  579  4.5096079E+05  2.1862896E+00  1.7344646E+03  1.9924658E+20  2.4663836E+00  1.0000000E-99  1.0000000E-99
  580  4.5174095E+05  2.1900718E+00  1.7374652E+03  1.9836752E+20  2.4963765E+00  1.0000000E-99  1.0000000E-99
  581  4.5252110E+05  2.1938541E+00  1.7404658E+03  1.9748302E+20  2.5269465E+00  1.0000000E-99  1.0000000E-99
  582  4.5330126E+05  2.1976363E+00  1.7434664E+03  1.9659300E+20  2.5581100E+00  1.0000000E-99  1.0000000E-99
  583  4.5408142E+05  2.2014186E+00  1.7464670E+03  1.9569739E+20  2.5898846E+00  1.0000000E-99  1.0000000E-99
  584  4.5486158E+05  2.2052008E+00  1.7494676E+03  1.9479611E+20  2.6222882E+00  1.0000000E-99  1.0000000E-99
  585  4.5564173E+05  2.2089831E+00  1.7524682E+03  1.9388909E+20  2.6553394E+00  1.0000000E-99  1.0000000E-99
  586  4.5642189E+05  2.2127653E+00  1.7554688E+03  1.9297623E+20  2.6890578E+00  1.0000000E-99  1.0000000E-99
  587  4.5720205E+05  2.2165476E+00  1.7584694E+03  1.9205747E+20  2.7234637E+00  1.0000000E-99  1.0000000E-99
  588  4.5798220E+05  2.2203299E+00  1.7614700E+03  1.9113270E+20  2.7585781E+00  1.0000000E-99  1.0000000E-99
  589  4.5876236E+05  2.2241121E+00  1.7644706E+03  1.9020186E+20  2.7944229E+00  1.0000000E-99  1.0000000E-99
  590  4.5954252E+05  2.2278944E+00  1.7674712E+03  1.8926484E+20  2.8310210E+00  1.0000000E-99  1.0000000E-99
  591  4.6032267E+05  2.2316766E+00  1.7704718E+03  1.8832155E+20  2.8683963E+00  1.0000000E-99  1.0000000E-99
  592  4.6110283E+05  2.2354589E+00  1.7734724E+03  1.8737190E+20  2.9065737E+00  1.0000000E-99  1.0000000E-99
  593  4.6188299E+05  2.2392411E+00  1.7764730E+03  1.8641579E+20  2.9455789E+00  1.0000000E-99  1.0000000E-99
  594  4.6266315E+05  2.2430234E+00  1.7794736E+03  1.8545313E+20  2.9854392E+00  1.0000000E-99  1.0000000E-99
  595  4.6344330E+05  2.2468056E+00  1.7824742E+03  1.8448380E+20  3.0261827E+00  1.0000000E-99  1.0000000E-99
  596  4.6422346E+05  2.2505879E+00  1.7854748E+03  1.8350771E+20  3.0678390E+00  1.0000000E-99  1.0000000E-99
  597  4.6500362E+05  2.2543702E+00  1.7884754E+03  1.8252475E+20  3.1104388E+00  1.0000000E-99  1.0000000E-99
  598  4.6578377E+05  2.2581524E+00  1.7914761E+03  1.8153479E+20  3.1540145E+00  1.0000000E-99  1.0000000E-99
  599  4.6656393E+05  2.2619347E+00  1.7944767E+03  1.8053774E+20  3.1985997E+00  1.0000000E-99  1.0000000E-99
  600  4.6734409E+05  2.2657169E+00  1.7974773E+03  1.7953346E+20  3.2442297E+00  1.0000000E-99  1.0000000E-99
  601  4.6812424E+05  2.2694992E+00  1.8004779E+03  1.7852185E+20  3.2909416E+00  1.0000000E-99  1.0000000E-99
  602  4.6890440E+05  2.2732814E+00  1.8034785E+03  1.7750277E+20  3.3387740E+00  1.0000000E-99  1.0000000E-99
  603  4.6968456E+05  2.2770637E+00  1.8064791E+03  1.7647609E+20  3.3877676E+00  1.0000000E-99  1.0000000E-99
  604  4.7046472E+05  2.2808460E+00  1.8094797E+03  1.7544168E+20  3.4379649E+00  1.0000000E-99  1.0000000E-99
  605  4.7124487E+05  2.2846282E+00  1.8124803E+03  1.7439940E+20  3.4894106E+00  1.0000000E-99  1.0000000E-99
  606  4.7202503E+05  2.2884105E+00  1.8154809E+03  1.7334911E+20  3.5421517E+00  1.0000000E-99  1.0000000E-99
  607  4.7280519E+05  2.2921927E+00  1.8184815E+03  1.7229067E+20  3.5962375E+00  1.0000000E-99  1.0000000E-99
  608  4.7358534E+05  2.2959750E+00  1.8214821E+03  1.7122392E+20  3.6517199E+00  1.0000000E-99  1.0000000E-99
  609  4.7436550E+05  2.2997572E+00  1.8244827E+03  1.7014871E+20  3.7086534E+00  1.0000000E-99  1.0000000E-99
  610  4.7514566E+05  2.3035395E+00  1.8274833E+03  1.6906487E+20  3.7670954E+00  1.0000000E-99  1.0000000E-99
  611  4.7592581E+05  2.3073217E+00  1.8304839E+03  1.6797225E+20  3.8271065E+00  1.0000000E-99  1.0000000E-99
  612  4.7670597E+05  2.3111040E+00  1.8334845E+03  1.6687065E+20  3.8887505E+00  1.0000000E-99  1.0000000E-99
  613  4.7748613E+05  2.3148863E+00  1.8364851E+03  1.6575992E+20  3.9520946E+00  1.0000000E-99  1.0000000E-99
  614  4.7826629E+05  2.3186685E+00  1.8394857E+03  1.6463985E+20  4.0172100E+00  1.0000000E-99  1.0000000E-99
  615  4.7904644E+05  2.3224508E+00  1.8424863E+03  1.6351027E+20  4.0841717E+00  1.0000000E-99  1.0000000E-99
  616  4.7982660E+05  2.3262330E+00  1.8454869E+03  1.6237097E+20  4.1530591E+00  1.0000000E-99  1.0000000E-99
  617  4.8060676E+05  2.3300153E+00  1.8484875E+03  1.6122174E+20  4.2239561E+00  1.0000000E-99  1.0000000E-99
  618  4.8138691E+05  2.3337975E+00  1.8514881E+03  1.6006237E+20  4.2969518E+00  1.0000000E-99  1.0000000E-99
  619  4.8216707E+05  2.3375798E+00  1.8544887E+03  1.5889265E+20  4.3721403E+00  1.0000000E-99  1.0000000E-99
  620  4.8294723E+05  2.3413620E+00  1.8574893E+03  1.5771233E+20  4.4496218E+00  1.0000000E-99  1.0000000E-99
  621  4.8372738E+05  2.3451443E+00  1.8604899E+03  1.5652119E+20  4.5295024E+00  1.0000000E-99  1.0000000E-99
  622  4.8450754E+05  2.3489266E+00  1.8634905E+03  1.5531896E+20  4.6118949E+00  1.0000000E-99  1.0000000E-99
  623  4.8528770E+05  2.3527088E+00  1.8664911E+03  1.5410539E+20  4.6969195E+00  1.0000000E-99  1.0000000E-99
  624  4.8606786E+05  2.3564911E+00  1.8694918E+03  1.5288022E+20  4.7847039E+00  1.0000000E-99  1.0000000E-99
  625  4.8684801E+05  2.3602733E+00  1.8724924E+03  1.5164315E+20  4.8753843E+00  1.0000000E-99  1.0000000E-99
  626  4.8762817E+05  2.3640556E+00  1.8754930E+03  1.5039391E+20  4.9691061E+00  1.0000000E-99  1.0000000E-99
  627  4.8840833E+05  2.3678378E+00  1.8784936E+03  1.4913217E+20  5.0660246E+00  1.0000000E-99  1.0000000E-99
  628  4.8918848E+05  2.3716201E+00  1.8814942E+03  1.4785762E+20  5.1663057E+00  1.0000000E-99  1.0000000E-99
  629  4.8996864E+05  2.3754023E+00  1.8844948E+03  1.4656993E+20  5.2701272E+00  1.0000000E-99  1.0000000E-99
  630  4.9074880E+05  2.3791846E+00  1.8874954E+03  1.4526874E+20  5.3776794E+00  1.0000000E-99  1.0000000E-99
  631  4.9152895E+05  2.3829669E+00  1.8904960E+03  1.4395370E+20  5.4891668E+00  1.0000000E-99  1.0000000E-99
  632  4.9230911E+05  2.3867491E+00  1.8934966E+03  1.4262441E+20  5.6048088E+00  1.0000000E-99  1.0000000E-99
  633  4.9308927E+05  2.3905314E+00  1.8964972E+03  1.4128048E+20  5.7248416E+00  1.0000000E-99  1.0000000E-99
  634  4.9386943E+05  2.3943136E+00  1.8994978E+03  1.3992149E+20  5.8495198E+00  1.0000000E-99  1.0000000E-99
  635  4.9464958E+05  2.3980959E+00  1.9024984E+03  1.3854698E+20  5.9791177E+00  1.0000000E-99  1.0000000E-99
  636  4.9542974E+05  2.4018781E+00  1.9054990E+03  1.3715649E+20  6.1139320E+00  1.0000000E-99  1.0000000E-99
  637  4.9620990E+05  2.4056604E+00  1.9084996E+03  1.3574954E+20  6.2542835E+00  1.0000000E-99  1.0000000E-99
  638  4.9699005E+05  2.4094427E+00  1.9115002E+03  1.3432561E+20  6.4005200E+00  1.0000000E-99  1.0000000E-99
  639  4.9777021E+05  2.4132249E+00  1.9145008E+03  1.3288414E+20  6.5530189E+00  1.0000000E-99  1.0000000E-99
  640  4.9855037E+05  2.4170072E+00  1.9175014E+03  1.3142457E+20  6.7121909E+00  1.0000000E-99  1.0000000E-99
  641  4.9933052E+05  2.4207894E+00  1.9205020E+03  1.2994628E+20  6.8784829E+00  1.0000000E-99  1.0000000E-99
  642  5.0011068E+05  2.4245717E+00  1.9235026E+03  1.2844862E+20  7.0523831E+00  1.0000000E-99  1.0000000E-99
  643  5.0089084E+05  2.4283539E+00  1.9265032E+03  1.2693092E+20  7.2344252E+00  1.0000000E-99  1.0000000E-99
  644  5.0167100E+05  2.4321362E+00  1.9295038E+03  1.2539244E+20  7.4251940E+00  1.0000000E-99  1.0000000E-99
  645  5.0245115E+05  2.4359184E+00  1.9325044E+03  1.2383240E+20  7.6253317E+00  1.0000000E-99  1.0000000E-99
  646  5.0323131E+05  2.4397007E+00  1.9355050E+03  1.2224999E+20  7.8355450E+00  1.0000000E-99  1.0000000E-99
  647  5.0401147E+05  2.4434830E+00  1.9385056E+03  1.2064433E+20  8.0566138E+00  1.0000000E-99  1.0000000E-99
  648  5.0479162E+05  2.4472652E+00  1.9415062E+03  1.1901446E+20  8.2894003E+00  1.0000000E-99  1.0000000E-99
  649  5.0557178E+05  2.4510475E+00  1.9445068E+03  1.1735939E+20  8.5348607E+00  1.0000000E-99  1.0000000E-99
  650  5.0635194E+05  2.4548297E+00  1.9475075E+03  1.1567803E+20  8.7940582E+00  1.0000000E-99  1.0000000E-99
  651  5.0713209E+05  2.4586120E+00  1.9505081E+03  1.1396922E+20  9.0681781E+00  1.0000000E-99  1.0000000E-99
  652  5.0791225E+05  2.4623942E+00  1.9535087E+03  1.1223170E+20  9.3585463E+00  1.0000000E-99  1.0000000E-99
  653  5.0869241E+05  2.4661765E+00  1.9565093E+03  1.1046412E+20  9.6666507E+00  1.0000000E-99  1.0000000E-99
  654  5.0947257E+05  2.4699587E+00  1.9595099E+03  1.0866501E+20  9.9941663E+00  1.0000000E-99  1.0000000E-99
  655  5.1025272E+05  2.4737410E+00  1.9625105E+03  1.0683279E+20  1.0342986E+01  1.0000000E-99  1.0000000E-99
  656  5.1103288E+05  2.4775233E+00  1.9655111E+03  1.0496570E+20  1.0715258E+01  1.0000000E-99  1.0000000E-99
  657  5.1181304E+05  2.4813055E+00  1.9685117E+03  1.0306187E+20  1.1113427E+01  1.0000000E-99  1.0000000E-99
  658  5.1259319E+05  2.4850878E+00  1.9715123E+03  1.0111922E+20  1.1540293E+01  1.0000000E-99  1.0000000E-99
  659  5.1337335E+05  2.4888700E+00  1.9745129E+03  9.9135456E+19  1.1999072E+01  1.0000000E-99  1.0000000E-99
  660  5.1415351E+05  2.4926523E+00  1.9775135E+03  9.7108068E+19  1.2493480E+01  1.0000000E-99  1.0000000E-99
  661  5.1493366E+05  2.4964345E+00  1.9805141E+03  9.5034261E+19  1.3027836E+01  1.0000000E-99  1.0000000E-99
  662  5.1571382E+05  2.5002168E+00  1.9835147E+03  9.2910928E+19  1.3607182E+01  1.0000000E-99  1.0000000E-99
  663  5.1649398E+05  2.5039990E+00  1.9865153E+03  9.0734591E+19  1.4237448E+01  1.0000000E-99  1.0000000E-99
  664  5.1727414E+05  2.5077813E+00  1.9895159E+03  8.8501341E+19  1.4925657E+01  1.0000000E-99  1.0000000E-99
  665  5.1805429E+05  2.5115636E+00  1.9925165E+03  8.6206755E+19  1.5680181E+01  1.0000000E-99  1.0000000E-99
  666  5.1883445E+05  2.5153458E+00  1.9955171E+03  8.3845796E+19  1.6511091E+01  1.0000000E-99  1.0000000E-99
  667  5.1961461E+05  2.5191281E+00  1.9985177E+03  8.1412692E+19  1.7430603E+01  1.0000000E-99  1.0000000E-99
  668  5.2039476E+05  2.5229103E+00  2.0015183E+03  7.8900767E+19  1.8453688E+01  1.0000000E-99  1.0000000E-99
  669  5.2117492E+05  2.5266926E+00  2.0045189E+03  7.6302237E+19  1.9598892E+01  1.0000000E-99  1.0000000E-99
  670  5.2195508E+05  2.5304748E+00  2.0075195E+03  7.3607931E+19  2.0889470E+01  1.0000000E-99  1.0000000E-99
  671  5.2273523E+05  2.5342571E+00  2.0105201E+03  7.0806917E+19  2.2354985E+01  1.0000000E-99  1.0000000E-99
  672  5.2351539E+05  2.5380393E+00  2.0135207E+03  6.7885988E+19  2.4033602E+01  1.0000000E-99  1.0000000E-99
  673  5.2429555E+05  2.5418216E+00  2.0165213E+03  6.4828936E+19  2.5975466E+01  1.0000000E-99  1.0000000E-99
  674  5.2507571E+05  2.5456039E+00  2.0195219E+03  6.1615505E+19  2.8247803E+01  1.0000000E-99  1.0000000E-99
  675  5.2585586E+05  2.5493861E+00  2.0225225E+03  5.8219805E+19  3.0942877E+01  1.0000000E-99  1.0000000E-99
  676  5.2663602E+05  2.5531684E+00  2.0255232E+03  5.4607844E+19  3.4190853E+01  1.0000000E-99  1.0000000E-99
  677  5.2741618E+05  2.5569506E+00  2.0285238E+03  5.0733456E+19  3.8181515E+01  1.0000000E-99  1.0000000E-99
  678  5.2819633E+05  2.5607329E+00  2.0315244E+03  4.6531131E+19  4.3202860E+01  1.0000000E-99  1.0000000E-99
  679  5.2897649E+05  2.5645151E+00  2.0345250E+03  4.1902322E+19  4.9714206E+01  1.0000000E-99  1.0000000E-99
  680  5.2975665E+05  2.5682974E+00  2.0375256E+03  3.6685949E+19  5.8496209E+01  1.0000000E-99  1.0000000E-99
  681  5.3053680E+05  2.5720797E+00  2.0405262E+03  3.0582821E+19  7.0992692E+01  1.0000000E-99  1.0000000E-99
  682  5.3131696E+05  2.5758619E+00  2.0435268E+03  2.2894428E+19  9.0209930E+01  1.0000000E-99  1.0000000E-99
  683  5.3209712E+05  2.5796442E+00  2.0465274E+03  1.0601721E+19  1.2364567E+02  1.0000000E-99  1.0000000E-99
  684  5.3287728E+05  2.5834264E+00  2.0495280E+03  2.1507633E-06  1.9704642E+02  1.0000000E-99  1.0000000E-99
  685  5.3365743E+05  2.5872087E+00  2.0525286E+03  2.1507633E-06  1.9704642E+02  1.0000000E-99  1.0000000E-99
  686  5.3443759E+05  2.5909909E+00  2.0555292E+03  2.1507633E-06  1.0000000E-99  1.0000000E-99  1.0000000E-99
  687  5.3521775E+05  2.5947732E+00  2.0585298E+03  2.1507633E-06  1.0000000E-99  1.0000000E-99  1.0000000E-99
  688  5.3599790E+05  2.5985554E+00  2.0615304E+03  2.1507633E-06  1.0000000E-99  1.0000000E-99  1.0000000E-99
  689  5.3677806E+05  2.6023377E+00  2.0645310E+03  2.1507633E-06  1.0000000E-99  1.0000000E-99  1.0000000E-99
  690  5.3755822E+05  2.6061200E+00  2.0675316E+03  2.1507633E-06  1.0000000E-99  1.0000000E-99  1.0000000E-99
  691  5.3833837E+05  2.6099022E+00  2.0705322E+03  2.1507633E-06  1.0000000E-99  1.0000000E-99  1.0000000E-99
  692  5.3911853E+05  2.6136845E+00  2.0735328E+03  2.1507633E-06  1.0000000E-99  1.0000000E-99  1.0000000E-99
  693  5.3989869E+05  2.6174667E+00  2.0765334E+03  2.1507633E-06  1.0000000E-99  1.0000000E-99  1.0000000E-99
  694  5.4067885E+05  2.6212490E+00  2.0795340E+03  2.1507633E-06  1.0000000E-99  1.0000000E-99  1.0000000E-99
  695  5.4145900E+05  2.6250312E+00  2.0825346E+03  2.1507633E-06  1.0000000E-99  1.0000000E-99  1.0000000E-99
  696  5.4223916E+05  2.6288135E+00  2.0855352E+03  2.1507633E-06  1.0000000E-99  1.0000000E-99  1.0000000E-99
  697  5.4301932E+05  2.6325957E+00  2.0885358E+03  2.1507633E-06  1.0000000E-99  1.0000000E-99  1.0000000E-99
  698  5.4379947E+05  2.6363780E+00  2.0915364E+03  2.1507633E-06  1.0000000E-99  1.0000000E-99  1.0000000E-99
  699  5.4457963E+05  2.6401603E+00  2.0945370E+03  2.1507633E-06  1.0000000E-99  1.0000000E-99  1.0000000E-99
  700  5.4535979E+05  2.6439425E+00  2.0975376E+03  2.1507633E-06  1.0000000E-99  1.0000000E-99  1.0000000E-99
  701  5.4613994E+05  2.6477248E+00  2.1005382E+03  2.1507633E-06  1.0000000E-99  1.0000000E-99  1.0000000E-99
  702  5.4692010E+05  2.6515070E+00  2.1035389E+03  2.1507633E-06  1.0000000E-99  1.0000000E-99  1.0000000E-99
  703  5.4770026E+05  2.6552893E+00  2.1065395E+03  2.1507633E-06  1.0000000E-99  1.0000000E-99  1.0000000E-99
  704  5.4848042E+05  2.6590715E+00  2.1095401E+03  2.1507633E-06  1.0000000E-99  1.0000000E-99  1.0000000E-99
  705  5.4926057E+05  2.6628538E+00  2.1125407E+03  2.1507633E-06  1.0000000E-99  1.0000000E-99  1.0000000E-99
  706  5.5004073E+05  2.6666360E+00  2.1155413E+03  2.1507633E-06  1.0000000E-99  1.0000000E-99  1.0000000E-99
  707  5.5082089E+05  2.6704183E+00  2.1185419E+03  2.1507633E-06  1.0000000E-99  1.0000000E-99  1.0000000E-99
  708  5.5160104E+05  2.6742006E+00  2.1215425E+03  2.1507633E-06  1.0000000E-99  1.0000000E-99  1.0000000E-99
  709  5.5238120E+05  2.6779828E+00  2.1245431E+03  2.1507633E-06  1.0000000E-99  1.0000000E-99  1.0000000E-99
  710  5.5316136E+05  2.6817651E+00  2.1275437E+03  2.1507633E-06  1.0000000E-99  1.0000000E-99  1.0000000E-99
  711  5.5394151E+05  2.6855473E+00  2.1305443E+03  2.1507633E-06  1.0000000E-99  1.0000000E-99  1.0000000E-99
  712  5.5472167E+05  2.6893296E+00  2.1335449E+03  2.1507633E-06  1.0000000E-99  1.0000000E-99  1.0000000E-99
  713  5.5550183E+05  2.6931118E+00  2.1365455E+03  2.1507633E-06  1.0000000E-99  1.0000000E-99  1.0000000E-99
  714  5.5628199E+05  2.6968941E+00  2.1395461E+03  2.1507633E-06  1.0000000E-99  1.0000000E-99  1.0000000E-99
  715  5.5706214E+05  2.7006764E+00  2.1425467E+03  2.1507633E-06  1.0000000E-99  1.0000000E-99  1.0000000E-99
  716  5.5784230E+05  2.7044586E+00  2.1455473E+03  2.1507633E-06  1.0000000E-99  1.0000000E-99  1.0000000E-99
  717  5.5862246E+05  2.7082409E+00  2.1485479E+03  2.1507633E-06  1.0000000E-99  1.0000000E-99  1.0000000E-99
  718  5.5940261E+05  2.7120231E+00  2.1515485E+03  2.1507633E-06  1.0000000E-99  1.0000000E-99  1.0000000E-99
  719  5.6018277E+05  2.7158054E+00  2.1545491E+03  2.1507633E-06  1.0000000E-99  1.0000000E-99  1.0000000E-99
  720  5.6096293E+05  2.7195876E+00  2.1575497E+03  2.1507633E-06  1.0000000E-99  1.0000000E-99  1.0000000E-99
  721  5.6174308E+05  2.7233699E+00  2.1605503E+03  2.1507633E-06  1.0000000E-99  1.0000000E-99  1.0000000E-99
  722  5.6252324E+05  2.7271521E+00  2.1635509E+03  2.1507633E-06  1.0000000E-99  1.0000000E-99  1.0000000E-99
  723  5.6330340E+05  2.7309344E+00  2.1665515E+03  2.1507633E-06  1.0000000E-99  1.0000000E-99  1.0000000E-99
  724  5.6408356E+05  2.7347167E+00  2.1695521E+03  2.1507633E-06  1.0000000E-99  1.0000000E-99  1.0000000E-99
  725  5.6486371E+05  2.7384989E+00  2.1725527E+03  2.1507633E-06  1.0000000E-99  1.0000000E-99  1.0000000E-99
  726  5.6564387E+05  2.7422812E+00  2.1755533E+03  2.1507633E-06  1.0000000E-99  1.0000000E-99  1.0000000E-99
  727  5.6642403E+05  2.7460634E+00  2.1785539E+03  2.1507633E-06  1.0000000E-99  1.0000000E-99  1.0000000E-99
  728  5.6720418E+05  2.7498457E+00  2.1815546E+03  2.1507633E-06  1.0000000E-99  1.0000000E-99  1.0000000E-99
  729  5.6798434E+05  2.7536279E+00  2.1845552E+03  2.1507633E-06  1.0000000E-99  1.0000000E-99  1.0000000E-99
  730  5.6876450E+05  2.7574102E+00  2.1875558E+03  2.1507633E-06  1.0000000E-99  1.0000000E-99  1.0000000E-99
  731  5.6954465E+05  2.7611924E+00  2.1905564E+03  2.1507633E-06  1.0000000E-99  1.0000000E-99  1.0000000E-99
  732  5.7032481E+05  2.7649747E+00  2.1935570E+03  2.1507633E-06  1.0000000E-99  1.0000000E-99  1.0000000E-99
  733  5.7110497E+05  2.7687570E+00  2.1965576E+03  2.1507633E-06  1.0000000E-99  1.0000000E-99  1.0000000E-99
  734  5.7188513E+05  2.7725392E+00  2.1995582E+03  2.1507633E-06  1.0000000E-99  1.0000000E-99  1.0000000E-99
  735  5.7266528E+05  2.7763215E+00  2.2025588E+03  2.1507633E-06  1.0000000E-99  1.0000000E-99  1.0000000E-99
  736  5.7344544E+05  2.7801037E+00  2.2055594E+03  2.1507633E-06  1.0000000E-99  1.0000000E-99  1.0000000E-99
  737  5.7422560E+05  2.7838860E+00  2.2085600E+03  2.1507633E-06  1.0000000E-99  1.0000000E-99  1.0000000E-99
  738  5.7500575E+05  2.7876682E+00  2.2115606E+03  2.1507633E-06  1.0000000E-99  1.0000000E-99  1.0000000E-99
  739  5.7578591E+05  2.7914505E+00  2.2145612E+03  2.1507633E-06  1.0000000E-99  1.0000000E-99  1.0000000E-99
  740  5.7656607E+05  2.7952327E+00  2.2175618E+03  2.1507633E-06  1.0000000E-99  1.0000000E-99  1.0000000E-99
  741  5.7734622E+05  2.7990150E+00  2.2205624E+03  2.1507633E-06  1.0000000E-99  1.0000000E-99  1.0000000E-99
  742  5.7812638E+05  2.8027973E+00  2.2235630E+03  2.1507633E-06  1.0000000E-99  1.0000000E-99  1.0000000E-99
  743  5.7890654E+05  2.8065795E+00  2.2265636E+03  2.1507633E-06  1.0000000E-99  1.0000000E-99  1.0000000E-99
  744  5.7968670E+05  2.8103618E+00  2.2295642E+03  2.1507633E-06  1.0000000E-99  1.0000000E-99  1.0000000E-99
  745  5.8046685E+05  2.8141440E+00  2.2325648E+03  2.1507633E-06  1.0000000E-99  1.0000000E-99  1.0000000E-99
  746  5.8124701E+05  2.8179263E+00  2.2355654E+03  2.1507633E-06  1.0000000E-99  1.0000000E-99  1.0000000E-99
  747  5.8202717E+05  2.8217085E+00  2.2385660E+03  2.1507633E-06  1.0000000E-99  1.0000000E-99  1.0000000E-99
  748  5.8280732E+05  2.8254908E+00  2.2415666E+03  2.1507633E-06  1.0000000E-99  1.0000000E-99  1.0000000E-99
  749  5.8358748E+05  2.8292731E+00  2.2445672E+03  2.1507633E-06  1.0000000E-99  1.0000000E-99  1.0000000E-99
  750  5.8436764E+05  2.8330553E+00  2.2475678E+03  2.1507633E-06  1.0000000E-99  1.0000000E-99  1.0000000E-99
