# Injection truth table -- cmf2.00_n600_s2029_flat  seed=2029
# observed-size cut FWHMSDbs in [15.0, 80.0] arcsec: 355 of 517 grid nodes retained
# Core mass function sampling:
# dN/dM proportional to M^(-2.00)  (dN/dlogM proportional to M^(-1.00))
# 600 reported masses drawn on [0.05, 6] M_sun; median 0.1 M_sun
# 600 cores assigned to 83 distinct grid nodes
# drawn reported mass versus node reported mass M_SED4bs: median 0.1 versus 0.0623 M_sun, median |log10 ratio| 0.191 dex
# drawn contrast versus node contrast at the drawn column: median 1.223 versus 1.236, median |log10 ratio| 0.011 dex
# drawn observed size versus node size FWHMSDbs: median 40.1 versus 42.0 arcsec, median |log10 ratio| 0.062 dex
# target background column: median 5.06e+21 cm^-2 (5th 3.09e+21, 95th 1.52e+22)
# slope of the true masses M_BE actually assigned, above 0.10 M_sun: x = 1.55 +/- 0.09  (nominal input x = 1.00)
# slope of the true masses M_BE actually assigned, above 0.20 M_sun: x = 1.58 +/- 0.15  (nominal input x = 1.00)
# centers of injected cores must clear the footprints of the real sources by 18.2 arcsec; the footprints themselves cover 6.5% of the field
# sep_criterion=36.3"  scale_factor=1  local_Sigma/SD_emb in cm-2  T_BE in K  rho_BE in cm-3  M_BE in Msun  R_BE_as in arcsec (truncation radius of the sphere)  FWHM_SD in arcsec (observed major axis at half maximum of the model in the surface-density image, FWHMSDbs)
# id    model         x_pix  y_pix  local_Sigma  SD_emb       T_BE   rho_BE       M_BE    R_BE_as  FWHM_SD  scale
#----------------------------------------------------------------------------------------------------------------
  001  i03j13k08       137    152    1.505e+22    1.200e+22    9.55    1.131e-19  1.3733    66.36    74.23  1
  002  i03j11k08       351    446    1.006e+22    1.200e+22    9.78    5.947e-20  0.5826    49.61    72.90  1
  003  i03j11k08       244     90    9.476e+21    1.200e+22    9.78    5.947e-20  0.5826    49.61    72.90  1
  004  i03j11k08       602    526    1.168e+22    1.200e+22    9.78    5.947e-20  0.5826    49.61    72.90  1
  005  i02j11k08        52     69    8.928e+21    6.000e+21   11.07    6.123e-20  0.5822    48.29    72.39  1
  006  i03j10k08       534    363    1.177e+22    1.200e+22    9.88    4.058e-20  0.3789    46.31    71.87  1
  007  i03j10k08       179    356    1.181e+22    1.200e+22    9.88    4.058e-20  0.3789    46.31    71.87  1
  008  i03j10k08       646    476    1.207e+22    1.200e+22    9.88    4.058e-20  0.3789    46.31    71.87  1
  009  i03j10k08       151    529    1.533e+22    1.200e+22    9.88    4.058e-20  0.3789    46.31    71.87  1
  010  i02j09k08       539    878    6.708e+21    6.000e+21   11.45    2.620e-20  0.2468    44.54    71.50  1
  011  i02j09k08        90    788    5.575e+21    6.000e+21   11.45    2.620e-20  0.2468    44.54    71.50  1
  012  i02j09k08       678    180    6.158e+21    6.000e+21   11.45    2.620e-20  0.2468    44.54    71.50  1
  013  i02j09k08       864    614    6.397e+21    6.000e+21   11.45    2.620e-20  0.2468    44.54    71.50  1
  014  i02j09k08        87    892    5.862e+21    6.000e+21   11.45    2.620e-20  0.2468    44.54    71.50  1
  015  i02j09k08       582    220    4.983e+21    6.000e+21   11.45    2.620e-20  0.2468    44.54    71.50  1
  016  i02j09k08       809    582    6.773e+21    6.000e+21   11.45    2.620e-20  0.2468    44.54    71.50  1
  017  i02j09k08       407    718    5.976e+21    6.000e+21   11.45    2.620e-20  0.2468    44.54    71.50  1
  018  i02j09k08       913    713    6.150e+21    6.000e+21   11.45    2.620e-20  0.2468    44.54    71.50  1
  019  i02j09k08       228    618    6.623e+21    6.000e+21   11.45    2.620e-20  0.2468    44.54    71.50  1
  020  i02j09k08       738    871    6.190e+21    6.000e+21   11.45    2.620e-20  0.2468    44.54    71.50  1
  021  i02j09k08       648    638    6.690e+21    6.000e+21   11.45    2.620e-20  0.2468    44.54    71.50  1
  022  i02j09k08       538    542    8.462e+21    6.000e+21   11.45    2.620e-20  0.2468    44.54    71.50  1
  023  i02j09k08       478    886    5.969e+21    6.000e+21   11.45    2.620e-20  0.2468    44.54    71.50  1
  024  i02j09k08       436    611    5.891e+21    6.000e+21   11.45    2.620e-20  0.2468    44.54    71.50  1
  025  i02j09k08       311    657    5.529e+21    6.000e+21   11.45    2.620e-20  0.2468    44.54    71.50  1
  026  i02j09k08       698    275    5.359e+21    6.000e+21   11.45    2.620e-20  0.2468    44.54    71.50  1
  027  i02j09k08       365    171    7.546e+21    6.000e+21   11.45    2.620e-20  0.2468    44.54    71.50  1
  028  i02j09k08        60    402    6.234e+21    6.000e+21   11.45    2.620e-20  0.2468    44.54    71.50  1
  029  i02j09k08       389    643    5.333e+21    6.000e+21   11.45    2.620e-20  0.2468    44.54    71.50  1
  030  i02j10k08       612    298    6.425e+21    6.000e+21   11.28    4.053e-20  0.3793    45.79    71.43  1
  031  i02j10k08       545    825    6.385e+21    6.000e+21   11.28    4.053e-20  0.3793    45.79    71.43  1
  032  i02j10k08       142    678    7.802e+21    6.000e+21   11.28    4.053e-20  0.3793    45.79    71.43  1
  033  i02j10k08       764    726    7.997e+21    6.000e+21   11.28    4.053e-20  0.3793    45.79    71.43  1
  034  i02j10k08       894    659    7.001e+21    6.000e+21   11.28    4.053e-20  0.3793    45.79    71.43  1
  035  i02j10k08       725    144    6.002e+21    6.000e+21   11.28    4.053e-20  0.3793    45.79    71.43  1
  036  i02j10k08       858    834    6.793e+21    6.000e+21   11.28    4.053e-20  0.3793    45.79    71.43  1
  037  i02j08k08       860    461    5.975e+21    6.000e+21   11.57    1.732e-20  0.1607    43.52    71.05  1
  038  i02j08k08       932    566    5.408e+21    6.000e+21   11.57    1.732e-20  0.1607    43.52    71.05  1
  039  i02j08k08       501    618    5.918e+21    6.000e+21   11.57    1.732e-20  0.1607    43.52    71.05  1
  040  i02j08k08       334    873    4.681e+21    6.000e+21   11.57    1.732e-20  0.1607    43.52    71.05  1
  041  i02j08k08       116    740    6.286e+21    6.000e+21   11.57    1.732e-20  0.1607    43.52    71.05  1
  042  i02j08k08       227    823    5.129e+21    6.000e+21   11.57    1.732e-20  0.1607    43.52    71.05  1
  043  i02j08k08       795    420    6.878e+21    6.000e+21   11.57    1.732e-20  0.1607    43.52    71.05  1
  044  i02j08k08       657    809    4.454e+21    6.000e+21   11.57    1.732e-20  0.1607    43.52    71.05  1
  045  i02j08k08       892    785    4.667e+21    6.000e+21   11.57    1.732e-20  0.1607    43.52    71.05  1
  046  i02j08k08       731    760    5.585e+21    6.000e+21   11.57    1.732e-20  0.1607    43.52    71.05  1
  047  i02j08k08       555    779    6.998e+21    6.000e+21   11.57    1.732e-20  0.1607    43.52    71.05  1
  048  i02j08k08       929    386    5.001e+21    6.000e+21   11.57    1.732e-20  0.1607    43.52    71.05  1
  049  i02j08k08       298    599    5.600e+21    6.000e+21   11.57    1.732e-20  0.1607    43.52    71.05  1
  050  i02j08k08       122    843    5.224e+21    6.000e+21   11.57    1.732e-20  0.1607    43.52    71.05  1
  051  i02j08k08       243    699    5.981e+21    6.000e+21   11.57    1.732e-20  0.1607    43.52    71.05  1
  052  i02j08k08       590    912    4.757e+21    6.000e+21   11.57    1.732e-20  0.1607    43.52    71.05  1
  053  i02j08k08       729    381    6.126e+21    6.000e+21   11.57    1.732e-20  0.1607    43.52    71.05  1
  054  i02j08k08       564    583    6.013e+21    6.000e+21   11.57    1.732e-20  0.1607    43.52    71.05  1
  055  i02j08k08       572    631    4.989e+21    6.000e+21   11.57    1.732e-20  0.1607    43.52    71.05  1
  056  i02j08k08       673    711    5.836e+21    6.000e+21   11.57    1.732e-20  0.1607    43.52    71.05  1
  057  i02j08k08       510    693    5.646e+21    6.000e+21   11.57    1.732e-20  0.1607    43.52    71.05  1
  058  i02j08k08       750    334    4.631e+21    6.000e+21   11.57    1.732e-20  0.1607    43.52    71.05  1
  059  i02j08k08       288    854    4.614e+21    6.000e+21   11.57    1.732e-20  0.1607    43.52    71.05  1
  060  i02j08k08       602    787    4.612e+21    6.000e+21   11.57    1.732e-20  0.1607    43.52    71.05  1
  061  i02j08k08       913    829    4.621e+21    6.000e+21   11.57    1.732e-20  0.1607    43.52    71.05  1
  062  i02j08k08       508    137    6.574e+21    6.000e+21   11.57    1.732e-20  0.1607    43.52    71.05  1
  063  i02j08k08       551    185    5.283e+21    6.000e+21   11.57    1.732e-20  0.1607    43.52    71.05  1
  064  i02j08k08       790    374    4.761e+21    6.000e+21   11.57    1.732e-20  0.1607    43.52    71.05  1
  065  i03j09k08       403    495    9.364e+21    1.200e+22    9.95    2.644e-20  0.2469    44.77    70.91  1
  066  i03j09k08       721    556    9.430e+21    1.200e+22    9.95    2.644e-20  0.2469    44.77    70.91  1
  067  i03j09k08        42    739    8.628e+21    1.200e+22    9.95    2.644e-20  0.2469    44.77    70.91  1
  068  i02j07k08       636    850    4.463e+21    6.000e+21   11.65    1.151e-20  0.1047    42.76    70.32  1
  069  i02j07k08       821    206    4.568e+21    6.000e+21   11.65    1.151e-20  0.1047    42.76    70.32  1
  070  i02j07k08       143    921    4.329e+21    6.000e+21   11.65    1.151e-20  0.1047    42.76    70.32  1
  071  i02j07k08       474    735    4.587e+21    6.000e+21   11.65    1.151e-20  0.1047    42.76    70.32  1
  072  i02j07k08       191    776    4.957e+21    6.000e+21   11.65    1.151e-20  0.1047    42.76    70.32  1
  073  i02j07k08       569     84    4.550e+21    6.000e+21   11.65    1.151e-20  0.1047    42.76    70.32  1
  074  i02j07k08       922    618    6.986e+21    6.000e+21   11.65    1.151e-20  0.1047    42.76    70.32  1
  075  i02j07k08       662    764    4.568e+21    6.000e+21   11.65    1.151e-20  0.1047    42.76    70.32  1
  076  i02j07k08       739    925    4.898e+21    6.000e+21   11.65    1.151e-20  0.1047    42.76    70.32  1
  077  i02j07k08       753    230    5.796e+21    6.000e+21   11.65    1.151e-20  0.1047    42.76    70.32  1
  078  i02j07k08       410    915    4.524e+21    6.000e+21   11.65    1.151e-20  0.1047    42.76    70.32  1
  079  i02j07k08       730    823    5.749e+21    6.000e+21   11.65    1.151e-20  0.1047    42.76    70.32  1
  080  i02j07k08       545    934    4.577e+21    6.000e+21   11.65    1.151e-20  0.1047    42.76    70.32  1
  081  i02j07k08       839    402    5.850e+21    6.000e+21   11.65    1.151e-20  0.1047    42.76    70.32  1
  082  i02j07k08       562    140    4.467e+21    6.000e+21   11.65    1.151e-20  0.1047    42.76    70.32  1
  083  i02j07k08       862    879    4.947e+21    6.000e+21   11.65    1.151e-20  0.1047    42.76    70.32  1
  084  i02j07k08       335    714    4.376e+21    6.000e+21   11.65    1.151e-20  0.1047    42.76    70.32  1
  085  i02j07k08        92    937    5.587e+21    6.000e+21   11.65    1.151e-20  0.1047    42.76    70.32  1
  086  i02j07k08       881    923    4.686e+21    6.000e+21   11.65    1.151e-20  0.1047    42.76    70.32  1
  087  i02j07k08       268    741    5.758e+21    6.000e+21   11.65    1.151e-20  0.1047    42.76    70.32  1
  088  i02j07k08       937    463    4.517e+21    6.000e+21   11.65    1.151e-20  0.1047    42.76    70.32  1
  089  i02j07k08       638    238    5.708e+21    6.000e+21   11.65    1.151e-20  0.1047    42.76    70.32  1
  090  i02j07k08       317    936    4.526e+21    6.000e+21   11.65    1.151e-20  0.1047    42.76    70.32  1
  091  i02j07k08       787    920    5.693e+21    6.000e+21   11.65    1.151e-20  0.1047    42.76    70.32  1
  092  i02j07k08       720    695    5.924e+21    6.000e+21   11.65    1.151e-20  0.1047    42.76    70.32  1
  093  i01j07k08       786     89    3.318e+21    3.000e+21   13.48    1.138e-20  0.1048    42.80    70.24  1
  094  i01j07k08       373    794    4.167e+21    3.000e+21   13.48    1.138e-20  0.1048    42.80    70.24  1
  095  i01j07k08       927    878    4.373e+21    3.000e+21   13.48    1.138e-20  0.1048    42.80    70.24  1
  096  i01j07k08       190    887    3.954e+21    3.000e+21   13.48    1.138e-20  0.1048    42.80    70.24  1
  097  i01j07k08       903    220    2.610e+21    3.000e+21   13.48    1.138e-20  0.1048    42.80    70.24  1
  098  i01j07k08       295    788    4.221e+21    3.000e+21   13.48    1.138e-20  0.1048    42.80    70.24  1
  099  i01j07k08       634     88    3.818e+21    3.000e+21   13.48    1.138e-20  0.1048    42.80    70.24  1
  100  i01j07k08       695    857    4.300e+21    3.000e+21   13.48    1.138e-20  0.1048    42.80    70.24  1
  101  i01j07k08       684    103    3.621e+21    3.000e+21   13.48    1.138e-20  0.1048    42.80    70.24  1
  102  i01j07k08       444    795    4.380e+21    3.000e+21   13.48    1.138e-20  0.1048    42.80    70.24  1
  103  i01j07k08       825    273    3.557e+21    3.000e+21   13.48    1.138e-20  0.1048    42.80    70.24  1
  104  i01j07k08       895     87    2.646e+21    3.000e+21   13.48    1.138e-20  0.1048    42.80    70.24  1
  105  i01j07k08       893    357    3.402e+21    3.000e+21   13.48    1.138e-20  0.1048    42.80    70.24  1
  106  i01j07k08       216    925    3.939e+21    3.000e+21   13.48    1.138e-20  0.1048    42.80    70.24  1
  107  i01j07k08       666    915    3.716e+21    3.000e+21   13.48    1.138e-20  0.1048    42.80    70.24  1
  108  i01j07k08       466    664    4.120e+21    3.000e+21   13.48    1.138e-20  0.1048    42.80    70.24  1
  109  i01j07k08       410    857    4.196e+21    3.000e+21   13.48    1.138e-20  0.1048    42.80    70.24  1
  110  i01j07k08       910    175    2.697e+21    3.000e+21   13.48    1.138e-20  0.1048    42.80    70.24  1
  111  i01j07k08       271    930    3.959e+21    3.000e+21   13.48    1.138e-20  0.1048    42.80    70.24  1
  112  i01j07k08       820    336    3.607e+21    3.000e+21   13.48    1.138e-20  0.1048    42.80    70.24  1
  113  i01j07k08       902    265    2.748e+21    3.000e+21   13.48    1.138e-20  0.1048    42.80    70.24  1
  114  i01j07k08       630    189    4.254e+21    3.000e+21   13.48    1.138e-20  0.1048    42.80    70.24  1
  115  i01j07k08       343    759    3.952e+21    3.000e+21   13.48    1.138e-20  0.1048    42.80    70.24  1
  116  i01j07k08       823    156    4.032e+21    3.000e+21   13.48    1.138e-20  0.1048    42.80    70.24  1
  117  i01j07k08       827    109    3.016e+21    3.000e+21   13.48    1.138e-20  0.1048    42.80    70.24  1
  118  i01j08k08       615     42    4.130e+21    3.000e+21   13.29    1.748e-20  0.1609    43.23    70.20  1
  119  i01j08k08       784    134    4.195e+21    3.000e+21   13.29    1.748e-20  0.1609    43.23    70.20  1
  120  i01j08k08       608    133    3.950e+21    3.000e+21   13.29    1.748e-20  0.1609    43.23    70.20  1
  121  i01j08k08       343    829    4.223e+21    3.000e+21   13.29    1.748e-20  0.1609    43.23    70.20  1
  122  i01j08k08       186    842    4.228e+21    3.000e+21   13.29    1.748e-20  0.1609    43.23    70.20  1
  123  i01j08k08       452    840    4.369e+21    3.000e+21   13.29    1.748e-20  0.1609    43.23    70.20  1
  124  i01j08k08       657    139    4.046e+21    3.000e+21   13.29    1.748e-20  0.1609    43.23    70.20  1
  125  i01j06k08       745    275    3.529e+21    3.000e+21   13.60    7.757e-21  0.0683    41.90    69.13  1
  126  i01j06k08       888    310    2.980e+21    3.000e+21   13.60    7.757e-21  0.0683    41.90    69.13  1
  127  i01j06k08       660     48    3.280e+21    3.000e+21   13.60    7.757e-21  0.0683    41.90    69.13  1
  128  i01j06k08       937    319    3.482e+21    3.000e+21   13.60    7.757e-21  0.0683    41.90    69.13  1
  129  i01j06k08       698    791    4.226e+21    3.000e+21   13.60    7.757e-21  0.0683    41.90    69.13  1
  130  i01j06k08       548     39    4.251e+21    3.000e+21   13.60    7.757e-21  0.0683    41.90    69.13  1
  131  i01j06k08       838    937    4.268e+21    3.000e+21   13.60    7.757e-21  0.0683    41.90    69.13  1
  132  i01j06k08       928     46    2.843e+21    3.000e+21   13.60    7.757e-21  0.0683    41.90    69.13  1
  133  i01j06k08       868    159    3.418e+21    3.000e+21   13.60    7.757e-21  0.0683    41.90    69.13  1
  134  i01j06k08       933    122    2.862e+21    3.000e+21   13.60    7.757e-21  0.0683    41.90    69.13  1
  135  i01j06k08       721     48    3.152e+21    3.000e+21   13.60    7.757e-21  0.0683    41.90    69.13  1
  136  i01j06k08       784    297    3.222e+21    3.000e+21   13.60    7.757e-21  0.0683    41.90    69.13  1
  137  i01j06k08       883     44    2.801e+21    3.000e+21   13.60    7.757e-21  0.0683    41.90    69.13  1
  138  i01j06k08       743    102    3.381e+21    3.000e+21   13.60    7.757e-21  0.0683    41.90    69.13  1
  139  i01j06k08       765     39    3.145e+21    3.000e+21   13.60    7.757e-21  0.0683    41.90    69.13  1
  140  i01j06k08       815     55    3.093e+21    3.000e+21   13.60    7.757e-21  0.0683    41.90    69.13  1
  141  i01j06k08       858    231    3.124e+21    3.000e+21   13.60    7.757e-21  0.0683    41.90    69.13  1
  142  i03j14k07       244    368    1.781e+22    1.200e+22    9.07    4.203e-19  2.1090    89.47    48.30  1
  143  i04j14k07       285    285    3.558e+22    2.400e+22    8.29    3.863e-19  2.1087    99.15    47.33  1
  144  i04j12k07       174    443    2.260e+22    2.400e+22    8.38    2.950e-19  0.8944    45.31    47.09  1
  145  i04j11k07       214    302    2.377e+22    2.400e+22    8.44    2.302e-19  0.5823    36.29    46.10  1
  146  i03j11k07       132    203    1.905e+22    1.200e+22    9.42    2.387e-19  0.5824    34.79    45.79  1
  147  i03j11k07       299    222    1.237e+22    1.200e+22    9.42    2.387e-19  0.5824    34.79    45.79  1
  148  i03j11k07       526    316    1.508e+22    1.200e+22    9.42    2.387e-19  0.5824    34.79    45.79  1
  149  i02j11k07       845    817    9.733e+21    6.000e+21   10.36    2.427e-19  0.5823    33.76    45.52  1
  150  i04j10k07       216    536    1.917e+22    2.400e+22    8.51    1.667e-19  0.3795    31.58    44.25  1
  151  i03j10k07       144    632    1.082e+22    1.200e+22    9.58    1.701e-19  0.3793    30.72    43.89  1
  152  i03j10k07       164    535    1.610e+22    1.200e+22    9.58    1.701e-19  0.3793    30.72    43.89  1
  153  i03j10k07       316    501    1.508e+22    1.200e+22    9.58    1.701e-19  0.3793    30.72    43.89  1
  154  i03j10k07       539    732    1.212e+22    1.200e+22    9.58    1.701e-19  0.3793    30.72    43.89  1
  155  i03j10k07        68    623    1.451e+22    1.200e+22    9.58    1.701e-19  0.3793    30.72    43.89  1
  156  i02j10k07       515    164    7.368e+21    6.000e+21   10.67    1.710e-19  0.3794    30.14    43.78  1
  157  i03j09k07       640    479    1.218e+22    1.200e+22    9.72    1.145e-19  0.2471    28.64    43.05  1
  158  i03j09k07       140    495    1.698e+22    1.200e+22    9.72    1.145e-19  0.2471    28.64    43.05  1
  159  i03j09k07        93    664    1.181e+22    1.200e+22    9.72    1.145e-19  0.2471    28.64    43.05  1
  160  i03j09k07       294    396    1.041e+22    1.200e+22    9.72    1.145e-19  0.2471    28.64    43.05  1
  161  i03j09k07       562    373    1.246e+22    1.200e+22    9.72    1.145e-19  0.2471    28.64    43.05  1
  162  i03j09k07       838    757    1.259e+22    1.200e+22    9.72    1.145e-19  0.2471    28.64    43.05  1
  163  i03j09k07       147    388    1.176e+22    1.200e+22    9.72    1.145e-19  0.2471    28.64    43.05  1
  164  i03j09k07        58    711    1.028e+22    1.200e+22    9.72    1.145e-19  0.2471    28.64    43.05  1
  165  i02j09k07       933    436    7.871e+21    6.000e+21   10.96    1.158e-19  0.2469    28.19    42.68  1
  166  i02j09k07       367    454    9.249e+21    6.000e+21   10.96    1.158e-19  0.2469    28.19    42.68  1
  167  i02j09k07       774    585    8.811e+21    6.000e+21   10.96    1.158e-19  0.2469    28.19    42.68  1
  168  i02j09k07       701    575    8.592e+21    6.000e+21   10.96    1.158e-19  0.2469    28.19    42.68  1
  169  i02j09k07       138    679    8.764e+21    6.000e+21   10.96    1.158e-19  0.2469    28.19    42.68  1
  170  i02j09k07       379    188    8.495e+21    6.000e+21   10.96    1.158e-19  0.2469    28.19    42.68  1
  171  i02j09k07       179    672    6.750e+21    6.000e+21   10.96    1.158e-19  0.2469    28.19    42.68  1
  172  i02j09k07       441    312    8.186e+21    6.000e+21   10.96    1.158e-19  0.2469    28.19    42.68  1
  173  i02j09k07       285    623    5.327e+21    6.000e+21   10.96    1.158e-19  0.2469    28.19    42.68  1
  174  i02j09k07       837    921    5.223e+21    6.000e+21   10.96    1.158e-19  0.2469    28.19    42.68  1
  175  i02j09k07       541    543    8.804e+21    6.000e+21   10.96    1.158e-19  0.2469    28.19    42.68  1
  176  i02j09k07        46    860    8.584e+21    6.000e+21   10.96    1.158e-19  0.2469    28.19    42.68  1
  177  i02j09k07       836    627    7.829e+21    6.000e+21   10.96    1.158e-19  0.2469    28.19    42.68  1
  178  i02j09k07       465    585    8.564e+21    6.000e+21   10.96    1.158e-19  0.2469    28.19    42.68  1
  179  i02j09k07       908    903    5.146e+21    6.000e+21   10.96    1.158e-19  0.2469    28.19    42.68  1
  180  i02j09k07        95    860    6.508e+21    6.000e+21   10.96    1.158e-19  0.2469    28.19    42.68  1
  181  i03j08k07       407    512    1.285e+22    1.200e+22    9.84    7.507e-20  0.1608    27.53    42.50  1
  182  i03j08k07       142    278    1.224e+22    1.200e+22    9.84    7.507e-20  0.1608    27.53    42.50  1
  183  i03j08k07        71    585    9.572e+21    1.200e+22    9.84    7.507e-20  0.1608    27.53    42.50  1
  184  i03j08k07       804    736    1.248e+22    1.200e+22    9.84    7.507e-20  0.1608    27.53    42.50  1
  185  i03j08k07       537    403    1.202e+22    1.200e+22    9.84    7.507e-20  0.1608    27.53    42.50  1
  186  i03j08k07       886    542    9.745e+21    1.200e+22    9.84    7.507e-20  0.1608    27.53    42.50  1
  187  i03j08k07       264    536    9.760e+21    1.200e+22    9.84    7.507e-20  0.1608    27.53    42.50  1
  188  i03j08k07       431    364    1.111e+22    1.200e+22    9.84    7.507e-20  0.1608    27.53    42.50  1
  189  i03j06k07        79    529    8.831e+21    1.200e+22    9.99    3.111e-20  0.0683    26.74    42.46  1
  190  i03j07k07       586    723    9.757e+21    1.200e+22    9.93    4.927e-20  0.1047    26.84    42.40  1
  191  i03j07k07       506    214    8.824e+21    1.200e+22    9.93    4.927e-20  0.1047    26.84    42.40  1
  192  i03j07k07       234    111    9.777e+21    1.200e+22    9.93    4.927e-20  0.1047    26.84    42.40  1
  193  i03j07k07       308     94    9.136e+21    1.200e+22    9.93    4.927e-20  0.1047    26.84    42.40  1
  194  i03j07k07       434    249    9.441e+21    1.200e+22    9.93    4.927e-20  0.1047    26.84    42.40  1
  195  i03j07k07       245     65    9.936e+21    1.200e+22    9.93    4.927e-20  0.1047    26.84    42.40  1
  196  i02j08k07       528    270    9.141e+21    6.000e+21   11.21    7.568e-20  0.1608    27.25    42.24  1
  197  i02j08k07       251    685    5.608e+21    6.000e+21   11.21    7.568e-20  0.1608    27.25    42.24  1
  198  i02j08k07       328    545    9.508e+21    6.000e+21   11.21    7.568e-20  0.1608    27.25    42.24  1
  199  i02j08k07        58     91    9.298e+21    6.000e+21   11.21    7.568e-20  0.1608    27.25    42.24  1
  200  i02j08k07       584    928    5.050e+21    6.000e+21   11.21    7.568e-20  0.1608    27.25    42.24  1
  201  i02j08k07       726    721    5.589e+21    6.000e+21   11.21    7.568e-20  0.1608    27.25    42.24  1
  202  i02j08k07       691    225    8.575e+21    6.000e+21   11.21    7.568e-20  0.1608    27.25    42.24  1
  203  i02j08k07       807    853    8.005e+21    6.000e+21   11.21    7.568e-20  0.1608    27.25    42.24  1
  204  i02j08k07       683    645    8.271e+21    6.000e+21   11.21    7.568e-20  0.1608    27.25    42.24  1
  205  i02j08k07       417    178    7.863e+21    6.000e+21   11.21    7.568e-20  0.1608    27.25    42.24  1
  206  i02j08k07       111    823    5.820e+21    6.000e+21   11.21    7.568e-20  0.1608    27.25    42.24  1
  207  i02j08k07       330    200    8.166e+21    6.000e+21   11.21    7.568e-20  0.1608    27.25    42.24  1
  208  i02j08k07       742    816    6.839e+21    6.000e+21   11.21    7.568e-20  0.1608    27.25    42.24  1
  209  i02j08k07       316    594    7.406e+21    6.000e+21   11.21    7.568e-20  0.1608    27.25    42.24  1
  210  i02j05k07       269    580    5.483e+21    6.000e+21   11.63    2.133e-20  0.0444    25.98    42.02  1
  211  i02j05k07       624    804    4.572e+21    6.000e+21   11.63    2.133e-20  0.0444    25.98    42.02  1
  212  i02j05k07       168    741    5.734e+21    6.000e+21   11.63    2.133e-20  0.0444    25.98    42.02  1
  213  i02j05k07       292    774    4.661e+21    6.000e+21   11.63    2.133e-20  0.0444    25.98    42.02  1
  214  i02j05k07       874    683    5.818e+21    6.000e+21   11.63    2.133e-20  0.0444    25.98    42.02  1
  215  i02j05k07       331    688    4.664e+21    6.000e+21   11.63    2.133e-20  0.0444    25.98    42.02  1
  216  i02j05k07       237    648    5.939e+21    6.000e+21   11.63    2.133e-20  0.0444    25.98    42.02  1
  217  i02j05k07       838    476    5.208e+21    6.000e+21   11.63    2.133e-20  0.0444    25.98    42.02  1
  218  i02j05k07       566    776    5.765e+21    6.000e+21   11.63    2.133e-20  0.0444    25.98    42.02  1
  219  i02j05k07       535    132    5.454e+21    6.000e+21   11.63    2.133e-20  0.0444    25.98    42.02  1
  220  i02j05k07       159    876    4.440e+21    6.000e+21   11.63    2.133e-20  0.0444    25.98    42.02  1
  221  i02j05k07       618    295    6.800e+21    6.000e+21   11.63    2.133e-20  0.0444    25.98    42.02  1
  222  i02j05k07       745    922    5.306e+21    6.000e+21   11.63    2.133e-20  0.0444    25.98    42.02  1
  223  i02j05k07       627    851    4.724e+21    6.000e+21   11.63    2.133e-20  0.0444    25.98    42.02  1
  224  i02j05k07       443    870    4.536e+21    6.000e+21   11.63    2.133e-20  0.0444    25.98    42.02  1
  225  i02j05k07       520    655    4.588e+21    6.000e+21   11.63    2.133e-20  0.0444    25.98    42.02  1
  226  i02j05k07       756    140    4.667e+21    6.000e+21   11.63    2.133e-20  0.0444    25.98    42.02  1
  227  i02j05k07       362    152    7.632e+21    6.000e+21   11.63    2.133e-20  0.0444    25.98    42.02  1
  228  i02j05k07       449    754    5.683e+21    6.000e+21   11.63    2.133e-20  0.0444    25.98    42.02  1
  229  i02j05k07       867    862    5.711e+21    6.000e+21   11.63    2.133e-20  0.0444    25.98    42.02  1
  230  i02j05k07       374    658    5.587e+21    6.000e+21   11.63    2.133e-20  0.0444    25.98    42.02  1
  231  i02j05k07       268    865    5.572e+21    6.000e+21   11.63    2.133e-20  0.0444    25.98    42.02  1
  232  i02j05k07       570    229    5.703e+21    6.000e+21   11.63    2.133e-20  0.0444    25.98    42.02  1
  233  i02j05k07       613    760    5.363e+21    6.000e+21   11.63    2.133e-20  0.0444    25.98    42.02  1
  234  i02j05k07        81    778    6.011e+21    6.000e+21   11.63    2.133e-20  0.0444    25.98    42.02  1
  235  i02j05k07       584    862    5.041e+21    6.000e+21   11.63    2.133e-20  0.0444    25.98    42.02  1
  236  i02j05k07       676    172    5.686e+21    6.000e+21   11.63    2.133e-20  0.0444    25.98    42.02  1
  237  i02j05k07       840    373    4.740e+21    6.000e+21   11.63    2.133e-20  0.0444    25.98    42.02  1
  238  i02j05k07       129    775    5.243e+21    6.000e+21   11.63    2.133e-20  0.0444    25.98    42.02  1
  239  i02j05k07       483    916    5.280e+21    6.000e+21   11.63    2.133e-20  0.0444    25.98    42.02  1
  240  i02j05k07       909    728    5.966e+21    6.000e+21   11.63    2.133e-20  0.0444    25.98    42.02  1
  241  i02j05k07       923    792    4.663e+21    6.000e+21   11.63    2.133e-20  0.0444    25.98    42.02  1
  242  i02j05k07       545    906    5.414e+21    6.000e+21   11.63    2.133e-20  0.0444    25.98    42.02  1
  243  i02j05k07       789    909    6.301e+21    6.000e+21   11.63    2.133e-20  0.0444    25.98    42.02  1
  244  i02j05k07       542    857    5.926e+21    6.000e+21   11.63    2.133e-20  0.0444    25.98    42.02  1
  245  i02j05k07       811    204    4.841e+21    6.000e+21   11.63    2.133e-20  0.0444    25.98    42.02  1
  246  i02j05k07       481    622    5.659e+21    6.000e+21   11.63    2.133e-20  0.0444    25.98    42.02  1
  247  i02j05k07        64    412    6.060e+21    6.000e+21   11.63    2.133e-20  0.0444    25.98    42.02  1
  248  i02j05k07       545    621    5.025e+21    6.000e+21   11.63    2.133e-20  0.0444    25.98    42.02  1
  249  i02j05k07       875    936    5.050e+21    6.000e+21   11.63    2.133e-20  0.0444    25.98    42.02  1
  250  i02j07k07       613    251    5.403e+21    6.000e+21   11.39    4.978e-20  0.1048    26.62    41.97  1
  251  i02j07k07       369    578    7.270e+21    6.000e+21   11.39    4.978e-20  0.1048    26.62    41.97  1
  252  i02j07k07       479     38    6.989e+21    6.000e+21   11.39    4.978e-20  0.1048    26.62    41.97  1
  253  i02j07k07        37    531    7.832e+21    6.000e+21   11.39    4.978e-20  0.1048    26.62    41.97  1
  254  i02j07k07       400    726    6.147e+21    6.000e+21   11.39    4.978e-20  0.1048    26.62    41.97  1
  255  i02j07k07       612    678    7.484e+21    6.000e+21   11.39    4.978e-20  0.1048    26.62    41.97  1
  256  i02j07k07       876    609    7.335e+21    6.000e+21   11.39    4.978e-20  0.1048    26.62    41.97  1
  257  i02j07k07       905    644    8.138e+21    6.000e+21   11.39    4.978e-20  0.1048    26.62    41.97  1
  258  i02j07k07       518     88    7.424e+21    6.000e+21   11.39    4.978e-20  0.1048    26.62    41.97  1
  259  i02j07k07       736    875    6.622e+21    6.000e+21   11.39    4.978e-20  0.1048    26.62    41.97  1
  260  i02j07k07       513    700    6.296e+21    6.000e+21   11.39    4.978e-20  0.1048    26.62    41.97  1
  261  i02j07k07       286    448    8.807e+21    6.000e+21   11.39    4.978e-20  0.1048    26.62    41.97  1
  262  i02j07k07       659    314    7.054e+21    6.000e+21   11.39    4.978e-20  0.1048    26.62    41.97  1
  263  i02j07k07       531    817    7.613e+21    6.000e+21   11.39    4.978e-20  0.1048    26.62    41.97  1
  264  i02j07k07       898    453    6.528e+21    6.000e+21   11.39    4.978e-20  0.1048    26.62    41.97  1
  265  i02j07k07       825    169    4.951e+21    6.000e+21   11.39    4.978e-20  0.1048    26.62    41.97  1
  266  i02j07k07       569    664    6.904e+21    6.000e+21   11.39    4.978e-20  0.1048    26.62    41.97  1
  267  i02j07k07       439    916    5.119e+21    6.000e+21   11.39    4.978e-20  0.1048    26.62    41.97  1
  268  i02j07k07       809    567    7.666e+21    6.000e+21   11.39    4.978e-20  0.1048    26.62    41.97  1
  269  i02j07k07       843    413    6.944e+21    6.000e+21   11.39    4.978e-20  0.1048    26.62    41.97  1
  270  i02j07k07       801    413    6.291e+21    6.000e+21   11.39    4.978e-20  0.1048    26.62    41.97  1
  271  i02j07k07       930    507    5.349e+21    6.000e+21   11.39    4.978e-20  0.1048    26.62    41.97  1
  272  i02j07k07       772    212    7.186e+21    6.000e+21   11.39    4.978e-20  0.1048    26.62    41.97  1
  273  i02j07k07       587    601    6.898e+21    6.000e+21   11.39    4.978e-20  0.1048    26.62    41.97  1
  274  i02j07k07       374    257    8.101e+21    6.000e+21   11.39    4.978e-20  0.1048    26.62    41.97  1
  275  i02j07k07       313    895    4.917e+21    6.000e+21   11.39    4.978e-20  0.1048    26.62    41.97  1
  276  i02j07k07       696    322    6.810e+21    6.000e+21   11.39    4.978e-20  0.1048    26.62    41.97  1
  277  i02j07k07       418    690    5.144e+21    6.000e+21   11.39    4.978e-20  0.1048    26.62    41.97  1
  278  i02j07k07       552    195    5.948e+21    6.000e+21   11.39    4.978e-20  0.1048    26.62    41.97  1
  279  i02j07k07       130    724    6.616e+21    6.000e+21   11.39    4.978e-20  0.1048    26.62    41.97  1
  280  i01j06k07       613    148    4.096e+21    3.000e+21   13.23    3.190e-20  0.0682    26.35    41.95  1
  281  i01j06k07       759     84    3.398e+21    3.000e+21   13.23    3.190e-20  0.0682    26.35    41.95  1
  282  i01j06k07       788    326    3.649e+21    3.000e+21   13.23    3.190e-20  0.0682    26.35    41.95  1
  283  i01j06k07       672    907    4.098e+21    3.000e+21   13.23    3.190e-20  0.0682    26.35    41.95  1
  284  i01j06k07       154    936    4.454e+21    3.000e+21   13.23    3.190e-20  0.0682    26.35    41.95  1
  285  i01j06k07       327    796    4.227e+21    3.000e+21   13.23    3.190e-20  0.0682    26.35    41.95  1
  286  i01j06k07       846    230    3.593e+21    3.000e+21   13.23    3.190e-20  0.0682    26.35    41.95  1
  287  i01j06k07       846     74    2.987e+21    3.000e+21   13.23    3.190e-20  0.0682    26.35    41.95  1
  288  i01j06k07       832    304    3.837e+21    3.000e+21   13.23    3.190e-20  0.0682    26.35    41.95  1
  289  i01j06k07       327    852    4.348e+21    3.000e+21   13.23    3.190e-20  0.0682    26.35    41.95  1
  290  i01j06k07       203    838    4.626e+21    3.000e+21   13.23    3.190e-20  0.0682    26.35    41.95  1
  291  i01j06k07       294    939    4.233e+21    3.000e+21   13.23    3.190e-20  0.0682    26.35    41.95  1
  292  i01j06k07       639     45    3.881e+21    3.000e+21   13.23    3.190e-20  0.0682    26.35    41.95  1
  293  i01j06k07       939    350    3.432e+21    3.000e+21   13.23    3.190e-20  0.0682    26.35    41.95  1
  294  i01j06k07       682    107    4.030e+21    3.000e+21   13.23    3.190e-20  0.0682    26.35    41.95  1
  295  i01j06k07       796    256    3.808e+21    3.000e+21   13.23    3.190e-20  0.0682    26.35    41.95  1
  296  i01j06k07       866    337    3.620e+21    3.000e+21   13.23    3.190e-20  0.0682    26.35    41.95  1
  297  i01j06k07       272    811    4.149e+21    3.000e+21   13.23    3.190e-20  0.0682    26.35    41.95  1
  298  i01j06k07       591     75    4.100e+21    3.000e+21   13.23    3.190e-20  0.0682    26.35    41.95  1
  299  i01j06k07       410    841    4.408e+21    3.000e+21   13.23    3.190e-20  0.0682    26.35    41.95  1
  300  i01j06k07       683    858    4.272e+21    3.000e+21   13.23    3.190e-20  0.0682    26.35    41.95  1
  301  i01j06k07       875    188    3.765e+21    3.000e+21   13.23    3.190e-20  0.0682    26.35    41.95  1
  302  i01j06k07       924    248    2.879e+21    3.000e+21   13.23    3.190e-20  0.0682    26.35    41.95  1
  303  i01j06k07       893    370    3.954e+21    3.000e+21   13.23    3.190e-20  0.0682    26.35    41.95  1
  304  i01j06k07       210    898    4.088e+21    3.000e+21   13.23    3.190e-20  0.0682    26.35    41.95  1
  305  i01j06k07       581    168    4.138e+21    3.000e+21   13.23    3.190e-20  0.0682    26.35    41.95  1
  306  i01j06k07       626    105    4.088e+21    3.000e+21   13.23    3.190e-20  0.0682    26.35    41.95  1
  307  i01j06k07       798     96    3.635e+21    3.000e+21   13.23    3.190e-20  0.0682    26.35    41.95  1
  308  i01j06k07       746    258    4.026e+21    3.000e+21   13.23    3.190e-20  0.0682    26.35    41.95  1
  309  i01j06k07       732    298    3.676e+21    3.000e+21   13.23    3.190e-20  0.0682    26.35    41.95  1
  310  i01j07k07       381    932    4.539e+21    3.000e+21   12.94    4.994e-20  0.1047    26.48    41.74  1
  311  i01j07k07       724     68    3.308e+21    3.000e+21   12.94    4.994e-20  0.1047    26.48    41.74  1
  312  i01j07k07       931    142    3.253e+21    3.000e+21   12.94    4.994e-20  0.1047    26.48    41.74  1
  313  i01j05k07       255    929    4.297e+21    3.000e+21   13.43    2.108e-20  0.0445    26.04    41.64  1
  314  i01j05k07       720    115    3.756e+21    3.000e+21   13.43    2.108e-20  0.0445    26.04    41.64  1
  315  i01j05k07       938    299    3.541e+21    3.000e+21   13.43    2.108e-20  0.0445    26.04    41.64  1
  316  i01j05k07       460    693    4.280e+21    3.000e+21   13.43    2.108e-20  0.0445    26.04    41.64  1
  317  i01j05k07       935    191    2.969e+21    3.000e+21   13.43    2.108e-20  0.0445    26.04    41.64  1
  318  i01j05k07       806    135    3.760e+21    3.000e+21   13.43    2.108e-20  0.0445    26.04    41.64  1
  319  i01j05k07       410    780    4.166e+21    3.000e+21   13.43    2.108e-20  0.0445    26.04    41.64  1
  320  i01j05k07       357    750    4.098e+21    3.000e+21   13.43    2.108e-20  0.0445    26.04    41.64  1
  321  i01j05k07       695     37    3.252e+21    3.000e+21   13.43    2.108e-20  0.0445    26.04    41.64  1
  322  i01j05k07       701    824    4.210e+21    3.000e+21   13.43    2.108e-20  0.0445    26.04    41.64  1
  323  i01j05k07       812     57    3.266e+21    3.000e+21   13.43    2.108e-20  0.0445    26.04    41.64  1
  324  i01j05k07       652    140    4.221e+21    3.000e+21   13.43    2.108e-20  0.0445    26.04    41.64  1
  325  i01j05k07       404    883    4.313e+21    3.000e+21   13.43    2.108e-20  0.0445    26.04    41.64  1
  326  i01j05k07       628    930    3.699e+21    3.000e+21   13.43    2.108e-20  0.0445    26.04    41.64  1
  327  i01j05k07       454    831    4.574e+21    3.000e+21   13.43    2.108e-20  0.0445    26.04    41.64  1
  328  i01j05k07       902    214    2.769e+21    3.000e+21   13.43    2.108e-20  0.0445    26.04    41.64  1
  329  i01j05k07       191    931    3.769e+21    3.000e+21   13.43    2.108e-20  0.0445    26.04    41.64  1
  330  i01j05k07       683    790    4.180e+21    3.000e+21   13.43    2.108e-20  0.0445    26.04    41.64  1
  331  i01j05k07       641    886    3.848e+21    3.000e+21   13.43    2.108e-20  0.0445    26.04    41.64  1
  332  i01j05k07       916    849    4.408e+21    3.000e+21   13.43    2.108e-20  0.0445    26.04    41.64  1
  333  i01j05k07       654     80    3.652e+21    3.000e+21   13.43    2.108e-20  0.0445    26.04    41.64  1
  334  i01j05k07       692    939    3.964e+21    3.000e+21   13.43    2.108e-20  0.0445    26.04    41.64  1
  335  i01j05k07       832    266    3.622e+21    3.000e+21   13.43    2.108e-20  0.0445    26.04    41.64  1
  336  i01j05k07       319    748    4.053e+21    3.000e+21   13.43    2.108e-20  0.0445    26.04    41.64  1
  337  i01j05k07       745     37    3.416e+21    3.000e+21   13.43    2.108e-20  0.0445    26.04    41.64  1
  338  i01j05k07       356    824    4.375e+21    3.000e+21   13.43    2.108e-20  0.0445    26.04    41.64  1
  339  i01j05k07       869    299    3.280e+21    3.000e+21   13.43    2.108e-20  0.0445    26.04    41.64  1
  340  i01j05k07       638    176    4.257e+21    3.000e+21   13.43    2.108e-20  0.0445    26.04    41.64  1
  341  i01j05k07       803    361    4.291e+21    3.000e+21   13.43    2.108e-20  0.0445    26.04    41.64  1
  342  i01j05k07       892    771    4.630e+21    3.000e+21   13.43    2.108e-20  0.0445    26.04    41.64  1
  343  i01j05k07       751    374    4.478e+21    3.000e+21   13.43    2.108e-20  0.0445    26.04    41.64  1
  344  i01j05k07       886     85    2.804e+21    3.000e+21   13.43    2.108e-20  0.0445    26.04    41.64  1
  345  i01j05k07       481    660    4.329e+21    3.000e+21   13.43    2.108e-20  0.0445    26.04    41.64  1
  346  i01j05k07       859    153    3.453e+21    3.000e+21   13.43    2.108e-20  0.0445    26.04    41.64  1
  347  i01j05k07       562     51    4.286e+21    3.000e+21   13.43    2.108e-20  0.0445    26.04    41.64  1
  348  i01j05k07       769    293    3.312e+21    3.000e+21   13.43    2.108e-20  0.0445    26.04    41.64  1
  349  i01j05k07       590    115    4.254e+21    3.000e+21   13.43    2.108e-20  0.0445    26.04    41.64  1
  350  i01j05k07       165    839    4.498e+21    3.000e+21   13.43    2.108e-20  0.0445    26.04    41.64  1
  351  i01j05k07       751    331    4.609e+21    3.000e+21   13.43    2.108e-20  0.0445    26.04    41.64  1
  352  i01j05k07       476    728    4.571e+21    3.000e+21   13.43    2.108e-20  0.0445    26.04    41.64  1
  353  i01j05k07       931     63    3.043e+21    3.000e+21   13.43    2.108e-20  0.0445    26.04    41.64  1
  354  i01j05k07       229    865    4.328e+21    3.000e+21   13.43    2.108e-20  0.0445    26.04    41.64  1
  355  i01j05k07       122    916    4.404e+21    3.000e+21   13.43    2.108e-20  0.0445    26.04    41.64  1
  356  i01j05k07       444    655    4.388e+21    3.000e+21   13.43    2.108e-20  0.0445    26.04    41.64  1
  357  i01j05k07       602    199    4.329e+21    3.000e+21   13.43    2.108e-20  0.0445    26.04    41.64  1
  358  i01j05k07       886    248    2.763e+21    3.000e+21   13.43    2.108e-20  0.0445    26.04    41.64  1
  359  i01j05k07       445    793    4.574e+21    3.000e+21   13.43    2.108e-20  0.0445    26.04    41.64  1
  360  i01j05k07       869     40    3.120e+21    3.000e+21   13.43    2.108e-20  0.0445    26.04    41.64  1
  361  i01j05k07       938    101    2.951e+21    3.000e+21   13.43    2.108e-20  0.0445    26.04    41.64  1
  362  i01j05k07       836    112    3.120e+21    3.000e+21   13.43    2.108e-20  0.0445    26.04    41.64  1
  363  i01j05k07       527     37    4.432e+21    3.000e+21   13.43    2.108e-20  0.0445    26.04    41.64  1
  364  i01j05k07       602     39    4.532e+21    3.000e+21   13.43    2.108e-20  0.0445    26.04    41.64  1
  365  i01j05k07       303    714    4.389e+21    3.000e+21   13.43    2.108e-20  0.0445    26.04    41.64  1
  366  i01j05k07       658    762    4.712e+21    3.000e+21   13.43    2.108e-20  0.0445    26.04    41.64  1
  367  i01j05k07       364    787    4.371e+21    3.000e+21   13.43    2.108e-20  0.0445    26.04    41.64  1
  368  i01j05k07       710    906    4.395e+21    3.000e+21   13.43    2.108e-20  0.0445    26.04    41.64  1
  369  i01j05k07       904    334    3.087e+21    3.000e+21   13.43    2.108e-20  0.0445    26.04    41.64  1
  370  i01j05k07       904    283    2.963e+21    3.000e+21   13.43    2.108e-20  0.0445    26.04    41.64  1
  371  i01j05k07       900    121    2.742e+21    3.000e+21   13.43    2.108e-20  0.0445    26.04    41.64  1
  372  i02j06k07       937    555    5.560e+21    6.000e+21   11.53    3.285e-20  0.0683    26.18    41.56  1
  373  i02j06k07       200    763    5.742e+21    6.000e+21   11.53    3.285e-20  0.0683    26.18    41.56  1
  374  i02j06k07       361    889    5.182e+21    6.000e+21   11.53    3.285e-20  0.0683    26.18    41.56  1
  375  i02j06k07       236    747    6.206e+21    6.000e+21   11.53    3.285e-20  0.0683    26.18    41.56  1
  376  i02j06k07       687    699    5.523e+21    6.000e+21   11.53    3.285e-20  0.0683    26.18    41.56  1
  377  i02j06k07       916    599    6.550e+21    6.000e+21   11.53    3.285e-20  0.0683    26.18    41.56  1
  378  i02j06k07       525    938    4.897e+21    6.000e+21   11.53    3.285e-20  0.0683    26.18    41.56  1
  379  i02j06k07       575    821    4.928e+21    6.000e+21   11.53    3.285e-20  0.0683    26.18    41.56  1
  380  i02j06k07       766    756    6.327e+21    6.000e+21   11.53    3.285e-20  0.0683    26.18    41.56  1
  381  i02j06k07       394    626    5.909e+21    6.000e+21   11.53    3.285e-20  0.0683    26.18    41.56  1
  382  i02j06k07       667    258    6.237e+21    6.000e+21   11.53    3.285e-20  0.0683    26.18    41.56  1
  383  i02j06k07       349    117    8.119e+21    6.000e+21   11.53    3.285e-20  0.0683    26.18    41.56  1
  384  i02j06k07        42    923    6.361e+21    6.000e+21   11.53    3.285e-20  0.0683    26.18    41.56  1
  385  i02j06k07       644    225    6.036e+21    6.000e+21   11.53    3.285e-20  0.0683    26.18    41.56  1
  386  i02j06k07       715    767    5.650e+21    6.000e+21   11.53    3.285e-20  0.0683    26.18    41.56  1
  387  i02j06k07       287    670    4.918e+21    6.000e+21   11.53    3.285e-20  0.0683    26.18    41.56  1
  388  i02j06k07       335    930    5.097e+21    6.000e+21   11.53    3.285e-20  0.0683    26.18    41.56  1
  389  i02j06k07       291    134    7.267e+21    6.000e+21   11.53    3.285e-20  0.0683    26.18    41.56  1
  390  i02j06k07       662    826    4.850e+21    6.000e+21   11.53    3.285e-20  0.0683    26.18    41.56  1
  391  i02j06k07       365    705    5.135e+21    6.000e+21   11.53    3.285e-20  0.0683    26.18    41.56  1
  392  i02j06k07       360     55    7.673e+21    6.000e+21   11.53    3.285e-20  0.0683    26.18    41.56  1
  393  i02j06k07       654    672    5.295e+21    6.000e+21   11.53    3.285e-20  0.0683    26.18    41.56  1
  394  i02j06k07       209    801    4.917e+21    6.000e+21   11.53    3.285e-20  0.0683    26.18    41.56  1
  395  i02j06k07       894    817    5.058e+21    6.000e+21   11.53    3.285e-20  0.0683    26.18    41.56  1
  396  i02j06k07       247    612    6.181e+21    6.000e+21   11.53    3.285e-20  0.0683    26.18    41.56  1
  397  i02j06k07       169    784    4.731e+21    6.000e+21   11.53    3.285e-20  0.0683    26.18    41.56  1
  398  i02j06k07       574    268    6.503e+21    6.000e+21   11.53    3.285e-20  0.0683    26.18    41.56  1
  399  i02j06k07       927    386    5.030e+21    6.000e+21   11.53    3.285e-20  0.0683    26.18    41.56  1
  400  i02j06k07       630    354    6.965e+21    6.000e+21   11.53    3.285e-20  0.0683    26.18    41.56  1
  401  i02j06k07       692    737    4.970e+21    6.000e+21   11.53    3.285e-20  0.0683    26.18    41.56  1
  402  i02j06k07       928    938    6.043e+21    6.000e+21   11.53    3.285e-20  0.0683    26.18    41.56  1
  403  i02j06k07       437    616    6.099e+21    6.000e+21   11.53    3.285e-20  0.0683    26.18    41.56  1
  404  i02j06k07       540    582    5.914e+21    6.000e+21   11.53    3.285e-20  0.0683    26.18    41.56  1
  405  i02j06k07       492    552    7.472e+21    6.000e+21   11.53    3.285e-20  0.0683    26.18    41.56  1
  406  i02j06k07       158     58    7.930e+21    6.000e+21   11.53    3.285e-20  0.0683    26.18    41.56  1
  407  i02j06k07       102    387    7.773e+21    6.000e+21   11.53    3.285e-20  0.0683    26.18    41.56  1
  408  i02j06k07        43    378    7.380e+21    6.000e+21   11.53    3.285e-20  0.0683    26.18    41.56  1
  409  i02j06k07       893    490    5.255e+21    6.000e+21   11.53    3.285e-20  0.0683    26.18    41.56  1
  410  i02j06k07        64    818    5.578e+21    6.000e+21   11.53    3.285e-20  0.0683    26.18    41.56  1
  411  i02j06k07       939    882    4.884e+21    6.000e+21   11.53    3.285e-20  0.0683    26.18    41.56  1
  412  i02j06k07       601    640    5.686e+21    6.000e+21   11.53    3.285e-20  0.0683    26.18    41.56  1
  413  i02j06k07       483    788    6.848e+21    6.000e+21   11.53    3.285e-20  0.0683    26.18    41.56  1
  414  i02j06k07       602    895    4.692e+21    6.000e+21   11.53    3.285e-20  0.0683    26.18    41.56  1
  415  i02j06k07       739    412    5.863e+21    6.000e+21   11.53    3.285e-20  0.0683    26.18    41.56  1
  416  i02j06k07       556     88    5.433e+21    6.000e+21   11.53    3.285e-20  0.0683    26.18    41.56  1
  417  i02j06k07       700    276    5.709e+21    6.000e+21   11.53    3.285e-20  0.0683    26.18    41.56  1
  418  i02j06k07       843    590    5.894e+21    6.000e+21   11.53    3.285e-20  0.0683    26.18    41.56  1
  419  i02j06k07       275    739    5.613e+21    6.000e+21   11.53    3.285e-20  0.0683    26.18    41.56  1
  420  i02j06k07       337    651    5.600e+21    6.000e+21   11.53    3.285e-20  0.0683    26.18    41.56  1
  421  i02j06k07       200    641    5.516e+21    6.000e+21   11.53    3.285e-20  0.0683    26.18    41.56  1
  422  i02j06k07       707    150    6.221e+21    6.000e+21   11.53    3.285e-20  0.0683    26.18    41.56  1
  423  i02j06k07       830    884    5.892e+21    6.000e+21   11.53    3.285e-20  0.0683    26.18    41.56  1
  424  i02j06k07        89    897    6.139e+21    6.000e+21   11.53    3.285e-20  0.0683    26.18    41.56  1
  425  i02j06k07       934    756    5.798e+21    6.000e+21   11.53    3.285e-20  0.0683    26.18    41.56  1
  426  i02j06k07       405    590    6.039e+21    6.000e+21   11.53    3.285e-20  0.0683    26.18    41.56  1
  427  i02j06k07       632    619    6.098e+21    6.000e+21   11.53    3.285e-20  0.0683    26.18    41.56  1
  428  i02j06k07        92    939    5.948e+21    6.000e+21   11.53    3.285e-20  0.0683    26.18    41.56  1
  429  i02j06k07       597    450    7.492e+21    6.000e+21   11.53    3.285e-20  0.0683    26.18    41.56  1
  430  i02j06k07       574    566    6.893e+21    6.000e+21   11.53    3.285e-20  0.0683    26.18    41.56  1
  431  i02j06k07       721    683    6.517e+21    6.000e+21   11.53    3.285e-20  0.0683    26.18    41.56  1
  432  i02j06k07       803    463    6.302e+21    6.000e+21   11.53    3.285e-20  0.0683    26.18    41.56  1
  433  i02j06k07       867    733    7.205e+21    6.000e+21   11.53    3.285e-20  0.0683    26.18    41.56  1
  434  i02j06k07        37    438    6.361e+21    6.000e+21   11.53    3.285e-20  0.0683    26.18    41.56  1
  435  i02j06k07        99    745    6.704e+21    6.000e+21   11.53    3.285e-20  0.0683    26.18    41.56  1
  436  i02j06k07       487    849    6.378e+21    6.000e+21   11.53    3.285e-20  0.0683    26.18    41.56  1
  437  i02j06k07       778    827    6.778e+21    6.000e+21   11.53    3.285e-20  0.0683    26.18    41.56  1
  438  i02j06k07       774    874    6.591e+21    6.000e+21   11.53    3.285e-20  0.0683    26.18    41.56  1
  439  i02j06k07       423    478    7.088e+21    6.000e+21   11.53    3.285e-20  0.0683    26.18    41.56  1
  440  i02j06k07       880    405    6.579e+21    6.000e+21   11.53    3.285e-20  0.0683    26.18    41.56  1
  441  i02j06k07       911    690    7.046e+21    6.000e+21   11.53    3.285e-20  0.0683    26.18    41.56  1
  442  i02j06k07       412     38    7.017e+21    6.000e+21   11.53    3.285e-20  0.0683    26.18    41.56  1
  443  i02j06k07       841    665    6.962e+21    6.000e+21   11.53    3.285e-20  0.0683    26.18    41.56  1
  444  i02j13k06       102     44    8.959e+21    6.000e+21    9.17    1.116e-18  1.3730    57.99    34.12  1
  445  i04j13k06       179    166    2.195e+22    2.400e+22    8.10    9.957e-19  1.3734    67.07    33.61  1
  446  i04j14k06       443    426    2.260e+22    2.400e+22    8.06    1.097e-18  2.1089   116.26    33.33  1
  447  i02j11k06       498    347    1.061e+22    6.000e+21    9.49    8.557e-19  0.5825    26.74    31.49  1
  448  i04j10k06       218    444    2.125e+22    2.400e+22    8.28    6.371e-19  0.3792    22.98    29.80  1
  449  i03j10k06       184    502    1.622e+22    1.200e+22    9.08    6.594e-19  0.3795    22.10    29.42  1
  450  i03j10k06       658    443    1.437e+22    1.200e+22    9.08    6.594e-19  0.3795    22.10    29.42  1
  451  i03j10k06       769    479    1.367e+22    1.200e+22    9.08    6.594e-19  0.3795    22.10    29.42  1
  452  i04j09k06       217    479    2.941e+22    2.400e+22    8.38    4.674e-19  0.2472    19.72    27.84  1
  453  i03j09k06       657    570    1.408e+22    1.200e+22    9.29    4.724e-19  0.2469    19.24    27.56  1
  454  i02j09k06       470    153    9.185e+21    6.000e+21   10.13    4.836e-19  0.2470    18.81    27.24  1
  455  i02j09k06       584    411    9.187e+21    6.000e+21   10.13    4.836e-19  0.2470    18.81    27.24  1
  456  i02j09k06        64    493    8.650e+21    6.000e+21   10.13    4.836e-19  0.2470    18.81    27.24  1
  457  i02j09k06        85    133    8.662e+21    6.000e+21   10.13    4.836e-19  0.2470    18.81    27.24  1
  458  i04j08k06       272    482    2.164e+22    2.400e+22    8.47    3.221e-19  0.1608    18.00    26.77  1
  459  i03j08k06        54    187    1.471e+22    1.200e+22    9.50    3.197e-19  0.1608    17.78    26.68  1
  460  i03j08k06        79    307    1.418e+22    1.200e+22    9.50    3.197e-19  0.1608    17.78    26.68  1
  461  i03j08k06       215    409    1.589e+22    1.200e+22    9.50    3.197e-19  0.1608    17.78    26.68  1
  462  i03j08k06       235    230    1.867e+22    1.200e+22    9.50    3.197e-19  0.1608    17.78    26.68  1
  463  i03j08k06       721    511    1.504e+22    1.200e+22    9.50    3.197e-19  0.1608    17.78    26.68  1
  464  i03j08k06       158    125    1.508e+22    1.200e+22    9.50    3.197e-19  0.1608    17.78    26.68  1
  465  i03j08k06       824    522    1.509e+22    1.200e+22    9.50    3.197e-19  0.1608    17.78    26.68  1
  466  i03j08k06       296     43    9.673e+21    1.200e+22    9.50    3.197e-19  0.1608    17.78    26.68  1
  467  i03j08k06       797    795    9.975e+21    1.200e+22    9.50    3.197e-19  0.1608    17.78    26.68  1
  468  i02j08k06       733    643    1.047e+22    6.000e+21   10.51    3.265e-19  0.1607    17.47    26.38  1
  469  i03j07k06       473    387    1.829e+22    1.200e+22    9.67    2.138e-19  0.1047    16.93    26.06  1
  470  i03j07k06       327    448    9.705e+21    1.200e+22    9.67    2.138e-19  0.1047    16.93    26.06  1
  471  i03j07k06       560    493    1.586e+22    1.200e+22    9.67    2.138e-19  0.1047    16.93    26.06  1
  472  i03j07k06        38    249    1.164e+22    1.200e+22    9.67    2.138e-19  0.1047    16.93    26.06  1
  473  i02j07k06       214    681    6.556e+21    6.000e+21   10.86    2.114e-19  0.1048    16.86    26.03  1
  474  i02j07k06        62    747    7.410e+21    6.000e+21   10.86    2.114e-19  0.1048    16.86    26.03  1
  475  i03j06k06       861    514    1.178e+22    1.200e+22    9.80    1.402e-19  0.0682    16.48    25.73  1
  476  i03j06k06       791    624    9.476e+21    1.200e+22    9.80    1.402e-19  0.0682    16.48    25.73  1
  477  i03j06k06       308    171    9.101e+21    1.200e+22    9.80    1.402e-19  0.0682    16.48    25.73  1
  478  i03j05k06       477    188    8.962e+21    1.200e+22    9.90    9.190e-20  0.0445    16.19    25.62  1
  479  i03j05k06       689    358    9.304e+21    1.200e+22    9.90    9.190e-20  0.0445    16.19    25.62  1
  480  i01j06k06       781     39    3.619e+21    3.000e+21   12.44    1.404e-19  0.0682    16.31    25.53  1
  481  i01j06k06       872    898    4.409e+21    3.000e+21   12.44    1.404e-19  0.0682    16.31    25.53  1
  482  i01j06k06       908     35    3.259e+21    3.000e+21   12.44    1.404e-19  0.0682    16.31    25.53  1
  483  i01j06k06       895    157    3.253e+21    3.000e+21   12.44    1.404e-19  0.0682    16.31    25.53  1
  484  i02j05k06       238    823    6.006e+21    6.000e+21   11.34    9.133e-20  0.0445    16.16    25.50  1
  485  i02j05k06       410    290    7.752e+21    6.000e+21   11.34    9.133e-20  0.0445    16.16    25.50  1
  486  i02j05k06       941    823    5.619e+21    6.000e+21   11.34    9.133e-20  0.0445    16.16    25.50  1
  487  i02j05k06       131    853    5.389e+21    6.000e+21   11.34    9.133e-20  0.0445    16.16    25.50  1
  488  i02j05k06       277    900    4.921e+21    6.000e+21   11.34    9.133e-20  0.0445    16.16    25.50  1
  489  i02j05k06       938    472    5.029e+21    6.000e+21   11.34    9.133e-20  0.0445    16.16    25.50  1
  490  i02j05k06       941    625    6.465e+21    6.000e+21   11.34    9.133e-20  0.0445    16.16    25.50  1
  491  i02j05k06       256    778    6.429e+21    6.000e+21   11.34    9.133e-20  0.0445    16.16    25.50  1
  492  i02j05k06       941    711    6.812e+21    6.000e+21   11.34    9.133e-20  0.0445    16.16    25.50  1
  493  i02j05k06       667    611    7.000e+21    6.000e+21   11.34    9.133e-20  0.0445    16.16    25.50  1
  494  i02j06k06       358    622    6.949e+21    6.000e+21   11.13    1.422e-19  0.0682    16.32    25.50  1
  495  i02j06k06       406    220    7.911e+21    6.000e+21   11.13    1.422e-19  0.0682    16.32    25.50  1
  496  i02j06k06        55    152    8.875e+21    6.000e+21   11.13    1.422e-19  0.0682    16.32    25.50  1
  497  i02j06k06       511    893    6.950e+21    6.000e+21   11.13    1.422e-19  0.0682    16.32    25.50  1
  498  i02j06k06        45    787    7.418e+21    6.000e+21   11.13    1.422e-19  0.0682    16.32    25.50  1
  499  i02j06k06       782    177    8.074e+21    6.000e+21   11.13    1.422e-19  0.0682    16.32    25.50  1
  500  i02j06k06       530    779    8.341e+21    6.000e+21   11.13    1.422e-19  0.0682    16.32    25.50  1
  501  i02j06k06        88    441    7.283e+21    6.000e+21   11.13    1.422e-19  0.0682    16.32    25.50  1
  502  i02j06k06       401    133    8.395e+21    6.000e+21   11.13    1.422e-19  0.0682    16.32    25.50  1
  503  i02j06k06       583    307    8.010e+21    6.000e+21   11.13    1.422e-19  0.0682    16.32    25.50  1
  504  i02j06k06       498    132    7.855e+21    6.000e+21   11.13    1.422e-19  0.0682    16.32    25.50  1
  505  i02j06k06       186    607    7.576e+21    6.000e+21   11.13    1.422e-19  0.0682    16.32    25.50  1
  506  i04j14k05       371    408    1.976e+22    2.400e+22    7.77    3.227e-18  2.1090   136.05    25.18  1
  507  i04j14k05       115    585    1.477e+22    2.400e+22    7.77    3.227e-18  2.1090   136.05    25.18  1
  508  i04j14k05       101    229    1.764e+22    2.400e+22    7.77    3.227e-18  2.1090   136.05    25.18  1
  509  i02j04k06       858    446    6.745e+21    6.000e+21   11.49    6.197e-20  0.0289    15.80    25.15  1
  510  i02j04k06       762    720    8.912e+21    6.000e+21   11.49    6.197e-20  0.0289    15.80    25.15  1
  511  i02j04k06       727    227    6.873e+21    6.000e+21   11.49    6.197e-20  0.0289    15.80    25.15  1
  512  i02j04k06       735    563    8.108e+21    6.000e+21   11.49    6.197e-20  0.0289    15.80    25.15  1
  513  i02j03k06       476    320    7.089e+21    6.000e+21   11.59    4.201e-20  0.0189    15.52    24.88  1
  514  i02j03k06       164    705    6.912e+21    6.000e+21   11.59    4.201e-20  0.0189    15.52    24.88  1
  515  i03j11k05       692    468    2.065e+22    1.200e+22    8.35    2.558e-18  0.5825    26.50    24.74  1
  516  i03j10k05       192    116    1.883e+22    1.200e+22    8.47    2.256e-18  0.3793    18.27    22.54  1
  517  i04j13k04       485    443    2.469e+22    2.400e+22    7.52    7.175e-18  1.3736    91.73    21.94  1
  518  i03j12k04       154    595    1.346e+22    1.200e+22    7.79    7.756e-18  0.8945    53.30    21.75  1
  519  i05j12k04       335    324    4.099e+22    4.800e+22    7.15    7.441e-18  0.8944    59.47    20.98  1
  520  i04j09k05       250    199    1.983e+22    2.400e+22    8.05    1.777e-18  0.2471    14.62    20.70  1
  521  i04j12k03       190    216    2.598e+22    2.400e+22    7.22    1.838e-17  0.8943    62.91    19.73  1
  522  i04j08k05       386    375    2.987e+22    2.400e+22    8.18    1.319e-18  0.1608    12.33    19.37  1
  523  i03j08k05       357    512    1.553e+22    1.200e+22    8.90    1.329e-18  0.1609    12.07    19.28  1
  524  i03j08k05       332    286    1.540e+22    1.200e+22    8.90    1.329e-18  0.1609    12.07    19.28  1
  525  i02j08k05       768    654    9.943e+21    6.000e+21    9.50    1.350e-18  0.1609    11.85    19.16  1
  526  i04j10k03       149    313    1.748e+22    2.400e+22    7.23    1.854e-17  0.3794    22.50    18.57  1
  527  i03j07k05       429     89    1.823e+22    1.200e+22    9.17    9.131e-19  0.1047    11.00    18.55  1
  528  i03j07k05       188    573    1.725e+22    1.200e+22    9.17    9.131e-19  0.1047    11.00    18.55  1
  529  i03j06k05        54    667    1.716e+22    1.200e+22    9.41    6.091e-19  0.0683    10.43    18.26  1
  530  i03j06k05       682    528    1.067e+22    1.200e+22    9.41    6.091e-19  0.0683    10.43    18.26  1
  531  i03j06k05       216    153    1.689e+22    1.200e+22    9.41    6.091e-19  0.0683    10.43    18.26  1
  532  i01j03k05       390    811    4.436e+21    3.000e+21   12.71    1.750e-19  0.0188     9.68    17.81  1
  533  i03j09k04       251    156    1.614e+22    1.200e+22    8.01    5.863e-18  0.2472    12.21    17.78  1
  534  i03j09k01       115    343    1.092e+22    1.200e+22    6.75    1.266e-16  0.2471    18.10    17.13  1
  535  i03j09k03       593    519    1.768e+22    1.200e+22    7.46    1.726e-17  0.2471    12.75    16.90  1
  536  i04j08k04       408    429    2.157e+22    2.400e+22    7.76    4.808e-18  0.1609     9.42    16.54  1
  537  i02j07k04       435    721    8.768e+21    6.000e+21    8.82    3.753e-18  0.1048     7.52    15.75  1
  538  i05j08k03       337    367    4.881e+22    4.800e+22    7.05    1.486e-17  0.1610     8.75    15.64  1
  539  i04j08k03       281    359    2.640e+22    2.400e+22    7.33    1.571e-17  0.1609     8.43    15.55  1
  540  i04j08k01       532    449    2.350e+22    2.400e+22    6.71    1.277e-16  0.1610    10.90    15.52  1
  541  i03j08k03       504    494    1.777e+22    1.200e+22    7.55    1.575e-17  0.1609     8.23    15.50  1
  542  i03j06k04       381    311    1.856e+22    1.200e+22    8.74    2.595e-18  0.0683     6.84    15.45  1
  543  i03j08k02       115     85    1.303e+22    1.200e+22    7.08    4.488e-17  0.1610     8.93    15.28  1
