! mass-weighted dust temperature of the middle part of the cylinder, |z| < 2.032 pc, against R
!        R(AU)    cells   frac T=0       T(K)     rms(K)
   2.24243e-01       72      0.986     5.9992     0.0000
   2.69599e-01       81      0.988     6.7792     0.0000
   2.95610e-01       84      0.988    10.9395     0.0000
   3.89690e-01      100      0.990     6.9574     0.0000
   4.08055e-01       95      0.989     6.0660     0.0000
   4.47424e-01       99      0.990     5.7632     0.0000
   4.68510e-01      108      0.981     5.5523     0.0427
   4.90590e-01      104      0.971     4.8765     0.1786
   5.13711e-01      111      0.973     2.6986     0.8402
   5.63273e-01      115      0.965     4.3725     0.3915
   5.89819e-01      112      0.973     5.3230     0.5352
   6.17617e-01      120      0.967     5.8724     1.8172
   6.46724e-01      115      0.957     9.0971     1.2304
   6.77203e-01      122      0.992    10.3821     0.0000
   7.09119e-01      121      0.967     5.7504     1.7796
   7.42538e-01      124      0.968     5.3006     1.7059
   7.77533e-01      128      0.953     8.6404     1.0598
   8.14177e-01      126      0.952     5.8263     1.9266
   8.52548e-01      133      0.977     4.1997     0.6910
   8.92728e-01      130      0.954     9.3340     1.1994
   9.34800e-01      138      0.971     5.4838     1.1394
   9.78856e-01      134      0.955     4.4650     0.6074
   1.02499e+00      141      0.950     3.0669     0.8510
   1.07329e+00      138      0.942     6.9571     1.4128
   1.12388e+00      145      0.924     5.7981     0.8481
   1.17684e+00      143      0.930     7.5271     1.3732
   1.23231e+00      149      0.926     5.5120     2.3056
   1.29038e+00      146      0.911     3.3707     1.5357
   1.35120e+00      151      0.914     6.9670     1.7999
   1.41488e+00      152      0.888     4.8175     1.2544
   1.48156e+00      154      0.903     5.8775     0.9298
   1.55138e+00      158      0.886     4.1225     1.8288
   1.62450e+00      155      0.865     7.6363     1.1204
   1.70106e+00      164      0.860     6.8829     1.8111
   1.78123e+00      159      0.843     6.3633     1.3783
   1.86517e+00      170      0.871     5.2050     2.3467
   1.95308e+00      162      0.821     4.8819     0.8734
   2.04512e+00      173      0.838     5.9650     0.7526
   2.14150e+00      166      0.837     5.2610     0.7724
   2.24243e+00      177      0.802     6.9326     0.8425
   2.34811e+00      172      0.808     5.4808     0.8455
   2.45878e+00      180      0.772     6.1367     0.6851
   2.57465e+00      175      0.749     5.9601     1.0118
   2.69599e+00      182      0.764     6.4723     0.8108
   2.82305e+00      181      0.718     5.6071     1.6882
   2.95610e+00      185      0.697     5.7583     0.8389
   3.09542e+00      187      0.706     5.5233     1.0550
   3.24130e+00      186      0.672     5.8619     0.7954
   3.39406e+00      193      0.694     5.0287     0.8329
   3.55401e+00      189      0.661     5.7450     0.7873
   3.72151e+00      200      0.650     6.3723     1.3656
   3.89690e+00      192      0.615     6.1147     0.6401
   4.08055e+00      204      0.588     5.3888     0.9564
   4.27286e+00      195      0.600     5.3964     0.9887
   4.47424e+00      208      0.591     5.5939     0.9496
   4.68510e+00      201      0.572     6.5065     0.7428
   4.90590e+00      211      0.559     5.6802     0.6698
   5.13711e+00      205      0.541     5.8418     0.8491
   5.37922e+00      212      0.542     5.4063     0.7625
   5.63273e+00      211      0.526     5.8028     0.6486
   5.89819e+00      215      0.502     5.3745     0.7508
   6.17617e+00      217      0.498     5.9263     0.8122
   6.46724e+00      217      0.479     5.9220     0.6173
   6.77203e+00      222      0.473     6.2869     0.5811
   7.09119e+00      219      0.461     6.1500     0.7754
   7.42538e+00      230      0.435     6.0941     0.4817
   7.77533e+00      222      0.401     5.7024     0.6104
   8.14177e+00      235      0.413     6.2010     0.4417
   8.52548e+00      224      0.402     6.3541     0.5959
   8.92728e+00      239      0.368     5.8884     0.4266
   9.34800e+00      230      0.343     6.2491     0.7503
   9.78856e+00      242      0.339     6.0336     0.5106
   1.02499e+01      235      0.328     6.0102     0.4891
   1.07329e+01      242      0.314     5.8885     0.4362
   1.12388e+01      241      0.328     6.2365     0.4314
   1.17684e+01      245      0.257     6.0551     0.4391
   1.23231e+01      247      0.267     6.2971     0.5089
   1.29038e+01      248      0.270     6.1353     0.4252
   1.35120e+01      251      0.267     5.9873     0.4163
   1.41488e+01      250      0.264     6.1496     0.4425
   1.48156e+01      259      0.228     6.1556     0.4391
   1.55138e+01      251      0.219     6.2893     0.3904
   1.62450e+01      266      0.211     6.1888     0.4295
   1.70106e+01      254      0.201     6.1882     0.3145
   1.78123e+01      270      0.189     6.1492     0.3494
   1.86517e+01      258      0.159     6.1421     0.3405
   1.95308e+01      274      0.164     6.1672     0.2950
   2.04512e+01      260      0.165     5.9744     0.5549
   2.14150e+01      275      0.156     6.0741     0.5108
   2.24243e+01      264      0.148     6.0369     0.5029
   2.34811e+01      275      0.127     6.0657     0.4880
   2.45878e+01      272      0.136     6.0584     0.5011
   2.57465e+01      277      0.108     6.0606     0.4570
   2.69599e+01      278      0.108     6.0867     0.4629
   2.82305e+01      278      0.115     6.1054     0.4122
   2.95610e+01      285      0.116     6.1033     0.4329
   3.09542e+01      280      0.100     6.1313     0.4377
   3.24130e+01      292      0.092     6.1336     0.4005
   3.39406e+01      283      0.092     6.1548     0.3824
   3.55401e+01      296      0.088     6.1617     0.3720
   3.72151e+01      287      0.063     6.1559     0.3589
   3.89690e+01      301      0.070     6.1554     0.3692
   4.08055e+01      290      0.045     6.1696     0.3352
   4.27286e+01      302      0.046     6.1635     0.3280
   4.47424e+01      289      0.042     6.1693     0.3300
   4.68510e+01      301      0.043     6.1605     0.2992
   4.90590e+01      291      0.045     6.1645     0.3190
   5.13711e+01      297      0.030     6.1723     0.2939
   5.37922e+01      295      0.051     6.1809     0.2945
   5.63273e+01      293      0.048     6.1678     0.2972
   5.89819e+01      298      0.054     6.1620     0.2808
   6.17617e+01      291      0.065     6.1579     0.2523
   6.46724e+01      301      0.043     6.1700     0.2687
   6.77203e+01      291      0.055     6.1848     0.2690
   7.09119e+01      300      0.030     6.1678     0.2571
   7.42538e+01      291      0.048     6.1621     0.2574
   7.77533e+01      300      0.047     6.1999     0.2488
   8.14177e+01      290      0.038     6.1766     0.2419
   8.52548e+01      304      0.033     6.2012     0.2432
   8.92728e+01      289      0.024     6.1802     0.2401
   9.34800e+01      304      0.016     6.1783     0.2319
   9.78856e+01      289      0.014     6.1941     0.2201
   1.02499e+02      301      0.017     6.2078     0.2025
   1.07329e+02      294      0.027     6.1979     0.2063
   1.12388e+02      296      0.017     6.1906     0.2020
   1.17684e+02      299      0.013     6.1744     0.2096
   1.23231e+02      293      0.003     6.1821     0.1948
   1.29038e+02      303      0.007     6.1857     0.1886
   1.35120e+02      291      0.007     6.1775     0.2074
   1.41488e+02      306      0.000     6.1786     0.1851
   1.48156e+02      290      0.000     6.1834     0.1814
   1.55138e+02      307      0.000     6.1862     0.1734
   1.62450e+02      291      0.000     6.1851     0.1667
   1.70106e+02      308      0.000     6.1946     0.1641
   1.78123e+02      296      0.000     6.1851     0.1620
   1.86517e+02      311      0.000     6.1945     0.1593
   1.95308e+02      299      0.000     6.1829     0.1520
   2.04512e+02      319      0.000     6.1793     0.1360
   2.14150e+02      303      0.000     6.1870     0.1334
   2.24243e+02      325      0.000     6.1808     0.1275
   2.34811e+02      324      0.000     6.1863     0.1358
   2.45878e+02      324      0.000     6.1902     0.1294
   2.57465e+02      316      0.000     6.1982     0.1256
   2.69599e+02      323      0.000     6.1914     0.1294
   2.82305e+02      329      0.000     6.1894     0.1236
   2.95610e+02      329      0.000     6.1864     0.1239
   3.09542e+02      340      0.000     6.1903     0.1204
   3.24130e+02      339      0.000     6.1925     0.1130
   3.39406e+02      354      0.000     6.1950     0.1038
   3.55401e+02      352      0.000     6.1866     0.1092
   3.72151e+02      371      0.000     6.1924     0.1162
   3.89690e+02      372      0.000     6.1912     0.1007
   4.08055e+02      392      0.000     6.2010     0.1007
   4.27286e+02      397      0.000     6.2046     0.0934
   4.47424e+02      423      0.000     6.1910     0.0953
   4.68510e+02      442      0.000     6.2055     0.0952
   4.90590e+02      494      0.000     6.1940     0.0875
   5.13711e+02      480      0.000     6.2065     0.0948
   5.37922e+02      489      0.000     6.2039     0.0890
   5.63273e+02      476      0.000     6.1942     0.0848
   5.89819e+02      483      0.000     6.2072     0.0841
   6.17617e+02      475      0.000     6.2048     0.0799
   6.46724e+02      478      0.000     6.2094     0.0825
   6.77203e+02      471      0.000     6.2061     0.0749
   7.09119e+02      474      0.000     6.2033     0.0805
   7.42538e+02      467      0.000     6.2094     0.0777
   7.77533e+02      469      0.000     6.2116     0.0805
   8.14177e+02      464      0.000     6.2195     0.0713
   8.52548e+02      466      0.000     6.2137     0.0659
   8.92728e+02      461      0.000     6.2150     0.0668
   9.34800e+02      460      0.000     6.2238     0.0701
   9.78856e+02      452      0.000     6.2236     0.0649
   1.02499e+03      461      0.000     6.2303     0.0642
   1.07329e+03      446      0.000     6.2315     0.0617
   1.12388e+03      458      0.000     6.2299     0.0581
   1.17684e+03      443      0.000     6.2409     0.0577
   1.23231e+03      455      0.000     6.2444     0.0580
   1.29038e+03      439      0.000     6.2473     0.0498
   1.35120e+03      450      0.000     6.2505     0.0478
   1.41488e+03      435      0.000     6.2532     0.0514
   1.48156e+03      447      0.000     6.2598     0.0479
   1.55138e+03      431      0.000     6.2648     0.0482
   1.62450e+03      442      0.000     6.2696     0.0457
   1.70106e+03      428      0.000     6.2790     0.0421
   1.78123e+03      438      0.000     6.2820     0.0431
   1.86517e+03      424      0.000     6.2911     0.0444
   1.95308e+03      430      0.000     6.2976     0.0423
   2.04512e+03      421      0.000     6.3070     0.0428
   2.14150e+03      426      0.000     6.3178     0.0430
   2.24243e+03      418      0.000     6.3251     0.0399
   2.34811e+03      421      0.000     6.3334     0.0388
   2.45878e+03      417      0.000     6.3515     0.0370
   2.57465e+03      415      0.000     6.3611     0.0381
   2.69599e+03      413      0.000     6.3720     0.0356
   2.82305e+03      414      0.000     6.3822     0.0338
   2.95610e+03      408      0.000     6.3958     0.0325
   3.09542e+03      410      0.000     6.4074     0.0369
   3.24130e+03      403      0.000     6.4230     0.0342
   3.39406e+03      406      0.000     6.4378     0.0335
   3.55401e+03      399      0.000     6.4522     0.0315
   3.72151e+03      402      0.000     6.4652     0.0283
   3.89690e+03      394      0.000     6.4834     0.0306
   4.08055e+03      395      0.000     6.5015     0.0334
   4.27286e+03      391      0.000     6.5200     0.0324
   4.47424e+03      395      0.000     6.5376     0.0299
   4.68510e+03      385      0.000     6.5557     0.0276
   4.90590e+03      392      0.000     6.5736     0.0290
   5.13711e+03      381      0.000     6.5966     0.0294
   5.37922e+03      389      0.000     6.6156     0.0277
   5.63273e+03      377      0.000     6.6380     0.0287
   5.89819e+03      383      0.000     6.6613     0.0300
   6.17617e+03      374      0.000     6.6824     0.0277
   6.46724e+03      378      0.000     6.7065     0.0279
   6.77203e+03      371      0.000     6.7285     0.0280
   7.09119e+03      371      0.000     6.7535     0.0256
   7.42538e+03      371      0.000     6.7759     0.0261
   7.77533e+03      366      0.000     6.7994     0.0241
   8.14177e+03      367      0.000     6.8253     0.0243
   8.52548e+03      363      0.000     6.8485     0.0239
   8.92728e+03      361      0.000     6.8754     0.0227
   9.34800e+03      358      0.000     6.9030     0.0220
   9.78856e+03      360      0.000     6.9301     0.0226
   1.02499e+04      352      0.000     6.9582     0.0232
   1.07329e+04      355      0.000     6.9871     0.0225
   1.12388e+04      349      0.000     7.0175     0.0214
   1.17684e+04      352      0.000     7.0462     0.0224
   1.23231e+04      346      0.000     7.0749     0.0208
   1.29038e+04      346      0.000     7.1073     0.0222
   1.35120e+04      342      0.000     7.1404     0.0214
   1.41488e+04      342      0.000     7.1725     0.0208
   1.48156e+04      340      0.000     7.2094     0.0222
   1.55138e+04      337      0.000     7.2440     0.0227
   1.62450e+04      335      0.000     7.2809     0.0218
   1.70106e+04      335      0.000     7.3169     0.0223
   1.78123e+04      330      0.000     7.3576     0.0211
   1.86517e+04      331      0.000     7.3954     0.0227
   1.95308e+04      324      0.000     7.4381     0.0223
   2.04512e+04      328      0.000     7.4804     0.0216
   2.14150e+04      320      0.000     7.5258     0.0204
   2.24243e+04      325      0.000     7.5741     0.0227
   2.34811e+04      316      0.000     7.6249     0.0241
   2.45878e+04      319      0.000     7.6749     0.0263
   2.57465e+04      314      0.000     7.7296     0.0256
   2.69599e+04      316      0.000     7.7889     0.0253
   2.82305e+04      309      0.000     7.8514     0.0263
   2.95610e+04      313      0.000     7.9151     0.0276
   3.09542e+04      303      0.000     7.9858     0.0264
   3.24130e+04      309      0.000     8.0588     0.0272
   3.39406e+04      300      0.000     8.1376     0.0284
   3.55401e+04      305      0.000     8.2229     0.0308
   3.72151e+04      296      0.000     8.3151     0.0340
   3.89690e+04      299      0.000     8.4146     0.0357
   4.08055e+04      294      0.000     8.5204     0.0370
   4.27286e+04      293      0.000     8.6341     0.0365
   4.47424e+04      292      0.000     8.7580     0.0426
   4.68510e+04      290      0.000     8.8925     0.0417
   4.90590e+04      288      0.000     9.0397     0.0471
   5.13711e+04      287      0.000     9.1986     0.0494
   5.37922e+04      283      0.000     9.3707     0.0544
   5.63273e+04      284      0.000     9.5607     0.0581
   5.89819e+04      277      0.000     9.7649     0.0628
   6.17617e+04      281      0.000     9.9947     0.0713
   6.46724e+04      272      0.000    10.2487     0.0800
   6.77203e+04      277      0.000    10.5284     0.0822
   7.09119e+04      269      0.000    10.8524     0.1046
   7.42538e+04      272      0.000    11.2167     0.1075
   7.77533e+04      266      0.000    11.6495     0.1455
   8.14177e+04      267      0.000    12.1617     0.1503
   8.52548e+04      261      0.000    12.8153     0.2248
   8.92728e+04      266      0.000    13.6557     0.2600
   9.34800e+04      256      0.000    14.8427     0.4251
   9.78856e+04      263      0.000    16.5317     0.5705
   1.02499e+05      232      0.000    18.4577     0.5437
   1.07329e+05        4      0.000    19.8884     0.0410
