# Injection truth table -- cmf2.00_n600_s2030  seed=2030
# observed-size cut FWHMSDbs in [15.0, 80.0] arcsec: 356 of 518 grid nodes retained
# Core mass function sampling:
# dN/dM proportional to M^(-2.00)  (dN/dlogM proportional to M^(-1.00))
# 600 reported masses drawn on [0.05, 6] M_sun; median 0.099 M_sun
# 600 cores assigned to 66 distinct grid nodes
# drawn reported mass versus node reported mass M_SED4bs: median 0.099 versus 0.0643 M_sun, median |log10 ratio| 0.175 dex
# drawn contrast versus node contrast at the drawn column: median 1.227 versus 1.243, median |log10 ratio| 0.010 dex
# drawn observed size versus node size FWHMSDbs: median 39.2 versus 41.4 arcsec, median |log10 ratio| 0.065 dex
# target background column: median 4.93e+21 cm^-2 (5th 3.10e+21, 95th 1.36e+22)
# slope of the true masses M_BE actually assigned, above 0.10 M_sun: x = 1.81 +/- 0.11  (nominal input x = 1.00)
# slope of the true masses M_BE actually assigned, above 0.20 M_sun: x = 1.55 +/- 0.17  (nominal input x = 1.00)
# centers of injected cores must clear the footprints of the real sources by 18.2 arcsec; the footprints themselves cover 6.5% of the field
# sep_criterion=36.3"  scale_factor=1  local_Sigma/SD_emb in cm-2  T_BE in K  rho_BE in cm-3  M_BE in Msun  R_BE_as in arcsec (truncation radius of the sphere)  FWHM_SD in arcsec (observed major axis at half maximum of the model in the surface-density image, FWHMSDbs)
# id    model         x_pix  y_pix  local_Sigma  SD_emb       T_BE   rho_BE       M_BE    R_BE_as  FWHM_SD  scale
#----------------------------------------------------------------------------------------------------------------
  001  i04j15k06       243    191    1.752e+22    2.400e+22    8.03    1.253e-18  3.2377   199.49    33.28  1
  002  i04j15k06       433    394    1.820e+22    2.400e+22    8.03    1.253e-18  3.2377   199.49    33.28  1
  003  i04j14k05       292    359    3.028e+22    2.400e+22    7.77    3.227e-18  2.1090   136.05    25.86  1
  004  i04j14k05       739    498    1.651e+22    2.400e+22    7.77    3.227e-18  2.1090   136.05    25.86  1
  005  i03j13k08       192    355    1.341e+22    1.200e+22    9.55    1.131e-19  1.3733    66.36    75.60  1
  006  i03j12k08       547    360    1.335e+22    1.200e+22    9.67    8.537e-20  0.8945    55.27    74.38  1
  007  i03j12k08       654    433    1.329e+22    1.200e+22    9.67    8.537e-20  0.8945    55.27    74.38  1
  008  i03j12k08        48    669    1.489e+22    1.200e+22    9.67    8.537e-20  0.8945    55.27    74.38  1
  009  i03j11k08       351    446    9.778e+21    1.200e+22    9.78    5.947e-20  0.5826    49.61    73.10  1
  010  i03j11k08       670    353    9.436e+21    1.200e+22    9.78    5.947e-20  0.5826    49.61    73.10  1
  011  i02j11k08        52     69    8.977e+21    6.000e+21   11.07    6.123e-20  0.5822    48.29    72.31  1
  012  i03j10k08       788    737    1.006e+22    1.200e+22    9.88    4.058e-20  0.3789    46.31    71.51  1
  013  i03j10k08        99    137    9.980e+21    1.200e+22    9.88    4.058e-20  0.3789    46.31    71.51  1
  014  i02j10k08       345    210    8.822e+21    6.000e+21   11.28    4.053e-20  0.3793    45.79    71.36  1
  015  i02j09k08       505    148    6.738e+21    6.000e+21   11.45    2.620e-20  0.2468    44.54    70.98  1
  016  i02j09k08       569     89    4.758e+21    6.000e+21   11.45    2.620e-20  0.2468    44.54    70.98  1
  017  i02j09k08       321    139    7.339e+21    6.000e+21   11.45    2.620e-20  0.2468    44.54    70.98  1
  018  i02j09k08        77    476    7.817e+21    6.000e+21   11.45    2.620e-20  0.2468    44.54    70.98  1
  019  i02j09k08       193    654    6.171e+21    6.000e+21   11.45    2.620e-20  0.2468    44.54    70.98  1
  020  i02j09k08       902    587    6.731e+21    6.000e+21   11.45    2.620e-20  0.2468    44.54    70.98  1
  021  i02j09k08       854    588    6.854e+21    6.000e+21   11.45    2.620e-20  0.2468    44.54    70.98  1
  022  i02j09k08       545    553    6.853e+21    6.000e+21   11.45    2.620e-20  0.2468    44.54    70.98  1
  023  i02j09k08       550    220    6.583e+21    6.000e+21   11.45    2.620e-20  0.2468    44.54    70.98  1
  024  i02j09k08       657    259    6.316e+21    6.000e+21   11.45    2.620e-20  0.2468    44.54    70.98  1
  025  i02j09k08       814    172    5.060e+21    6.000e+21   11.45    2.620e-20  0.2468    44.54    70.98  1
  026  i02j09k08       869    694    6.756e+21    6.000e+21   11.45    2.620e-20  0.2468    44.54    70.98  1
  027  i02j09k08       512    914    5.447e+21    6.000e+21   11.45    2.620e-20  0.2468    44.54    70.98  1
  028  i02j09k08       932    611    6.352e+21    6.000e+21   11.45    2.620e-20  0.2468    44.54    70.98  1
  029  i02j09k08        59    819    6.281e+21    6.000e+21   11.45    2.620e-20  0.2468    44.54    70.98  1
  030  i02j09k08       839    427    6.221e+21    6.000e+21   11.45    2.620e-20  0.2468    44.54    70.98  1
  031  i02j09k08       651    627    6.648e+21    6.000e+21   11.45    2.620e-20  0.2468    44.54    70.98  1
  032  i02j09k08       404    635    5.235e+21    6.000e+21   11.45    2.620e-20  0.2468    44.54    70.98  1
  033  i03j09k08       611    551    9.992e+21    1.200e+22    9.95    2.644e-20  0.2469    44.77    70.96  1
  034  i03j09k08       393     86    9.615e+21    1.200e+22    9.95    2.644e-20  0.2469    44.77    70.96  1
  035  i03j09k08       706    515    1.525e+22    1.200e+22    9.95    2.644e-20  0.2469    44.77    70.96  1
  036  i03j09k08        57    337    1.369e+22    1.200e+22    9.95    2.644e-20  0.2469    44.77    70.96  1
  037  i02j08k08       219    773    5.803e+21    6.000e+21   11.57    1.732e-20  0.1607    43.52    70.24  1
  038  i02j08k08       879    822    5.965e+21    6.000e+21   11.57    1.732e-20  0.1607    43.52    70.24  1
  039  i02j08k08       582    867    5.243e+21    6.000e+21   11.57    1.732e-20  0.1607    43.52    70.24  1
  040  i02j08k08       828    459    5.206e+21    6.000e+21   11.57    1.732e-20  0.1607    43.52    70.24  1
  041  i02j08k08       563    919    4.980e+21    6.000e+21   11.57    1.732e-20  0.1607    43.52    70.24  1
  042  i02j08k08       460    742    5.154e+21    6.000e+21   11.57    1.732e-20  0.1607    43.52    70.24  1
  043  i02j08k08       260    599    5.639e+21    6.000e+21   11.57    1.732e-20  0.1607    43.52    70.24  1
  044  i02j08k08        94    732    7.109e+21    6.000e+21   11.57    1.732e-20  0.1607    43.52    70.24  1
  045  i02j08k08       932    566    5.384e+21    6.000e+21   11.57    1.732e-20  0.1607    43.52    70.24  1
  046  i02j08k08       792    377    4.873e+21    6.000e+21   11.57    1.732e-20  0.1607    43.52    70.24  1
  047  i02j08k08       834    384    5.028e+21    6.000e+21   11.57    1.732e-20  0.1607    43.52    70.24  1
  048  i02j08k08       387    583    6.610e+21    6.000e+21   11.57    1.732e-20  0.1607    43.52    70.24  1
  049  i02j08k08       138    715    6.624e+21    6.000e+21   11.57    1.732e-20  0.1607    43.52    70.24  1
  050  i02j08k08       724    705    5.776e+21    6.000e+21   11.57    1.732e-20  0.1607    43.52    70.24  1
  051  i02j08k08       303    911    4.570e+21    6.000e+21   11.57    1.732e-20  0.1607    43.52    70.24  1
  052  i02j08k08       459    630    5.016e+21    6.000e+21   11.57    1.732e-20  0.1607    43.52    70.24  1
  053  i01j08k08       589    180    4.237e+21    3.000e+21   13.29    1.748e-20  0.1609    43.23    69.90  1
  054  i01j08k08       463    672    4.217e+21    3.000e+21   13.29    1.748e-20  0.1609    43.23    69.90  1
  055  i01j08k08       190    845    4.196e+21    3.000e+21   13.29    1.748e-20  0.1609    43.23    69.90  1
  056  i01j08k08       612     48    4.193e+21    3.000e+21   13.29    1.748e-20  0.1609    43.23    69.90  1
  057  i01j08k08       656    858    4.207e+21    3.000e+21   13.29    1.748e-20  0.1609    43.23    69.90  1
  058  i01j08k08       232    924    4.193e+21    3.000e+21   13.29    1.748e-20  0.1609    43.23    69.90  1
  059  i01j08k08       338    745    4.141e+21    3.000e+21   13.29    1.748e-20  0.1609    43.23    69.90  1
  060  i01j07k08       792    263    3.559e+21    3.000e+21   13.48    1.138e-20  0.1048    42.80    69.54  1
  061  i01j07k08       934    328    3.403e+21    3.000e+21   13.48    1.138e-20  0.1048    42.80    69.54  1
  062  i01j07k08       391    787    4.177e+21    3.000e+21   13.48    1.138e-20  0.1048    42.80    69.54  1
  063  i01j07k08       223    880    4.144e+21    3.000e+21   13.48    1.138e-20  0.1048    42.80    69.54  1
  064  i01j07k08       650     50    3.489e+21    3.000e+21   13.48    1.138e-20  0.1048    42.80    69.54  1
  065  i01j07k08       735    268    4.151e+21    3.000e+21   13.48    1.138e-20  0.1048    42.80    69.54  1
  066  i01j07k08       688    851    4.235e+21    3.000e+21   13.48    1.138e-20  0.1048    42.80    69.54  1
  067  i01j07k08       705    924    4.256e+21    3.000e+21   13.48    1.138e-20  0.1048    42.80    69.54  1
  068  i01j07k08       936     59    2.917e+21    3.000e+21   13.48    1.138e-20  0.1048    42.80    69.54  1
  069  i01j07k08       902    295    2.946e+21    3.000e+21   13.48    1.138e-20  0.1048    42.80    69.54  1
  070  i01j07k08       452    839    4.276e+21    3.000e+21   13.48    1.138e-20  0.1048    42.80    69.54  1
  071  i01j07k08       861    317    3.467e+21    3.000e+21   13.48    1.138e-20  0.1048    42.80    69.54  1
  072  i01j07k08       621    887    4.224e+21    3.000e+21   13.48    1.138e-20  0.1048    42.80    69.54  1
  073  i01j07k08       865     51    2.929e+21    3.000e+21   13.48    1.138e-20  0.1048    42.80    69.54  1
  074  i01j07k08       692    789    4.184e+21    3.000e+21   13.48    1.138e-20  0.1048    42.80    69.54  1
  075  i01j07k08       379    817    4.309e+21    3.000e+21   13.48    1.138e-20  0.1048    42.80    69.54  1
  076  i01j07k08       902    220    2.613e+21    3.000e+21   13.48    1.138e-20  0.1048    42.80    69.54  1
  077  i01j07k08       891    888    4.178e+21    3.000e+21   13.48    1.138e-20  0.1048    42.80    69.54  1
  078  i02j07k08       505    662    4.482e+21    6.000e+21   11.65    1.151e-20  0.1047    42.76    69.32  1
  079  i02j07k08       702    260    5.924e+21    6.000e+21   11.65    1.151e-20  0.1047    42.76    69.32  1
  080  i02j07k08       911    716    5.912e+21    6.000e+21   11.65    1.151e-20  0.1047    42.76    69.32  1
  081  i02j07k08       542    838    5.767e+21    6.000e+21   11.65    1.151e-20  0.1047    42.76    69.32  1
  082  i02j07k08       268    865    5.047e+21    6.000e+21   11.65    1.151e-20  0.1047    42.76    69.32  1
  083  i02j07k08        98    765    5.856e+21    6.000e+21   11.65    1.151e-20  0.1047    42.76    69.32  1
  084  i02j07k08        95    890    5.367e+21    6.000e+21   11.65    1.151e-20  0.1047    42.76    69.32  1
  085  i02j07k08       146    873    4.561e+21    6.000e+21   11.65    1.151e-20  0.1047    42.76    69.32  1
  086  i02j07k08       443    904    4.951e+21    6.000e+21   11.65    1.151e-20  0.1047    42.76    69.32  1
  087  i02j07k08       171    807    4.499e+21    6.000e+21   11.65    1.151e-20  0.1047    42.76    69.32  1
  088  i02j07k08       333    926    4.788e+21    6.000e+21   11.65    1.151e-20  0.1047    42.76    69.32  1
  089  i02j07k08       758    161    7.370e+21    6.000e+21   11.65    1.151e-20  0.1047    42.76    69.32  1
  090  i02j07k08       661    177    4.812e+21    6.000e+21   11.65    1.151e-20  0.1047    42.76    69.32  1
  091  i02j07k08       635    234    5.550e+21    6.000e+21   11.65    1.151e-20  0.1047    42.76    69.32  1
  092  i02j07k08       884    486    5.770e+21    6.000e+21   11.65    1.151e-20  0.1047    42.76    69.32  1
  093  i02j07k08       592    787    4.419e+21    6.000e+21   11.65    1.151e-20  0.1047    42.76    69.32  1
  094  i02j07k08       731    869    5.780e+21    6.000e+21   11.65    1.151e-20  0.1047    42.76    69.32  1
  095  i02j07k08       295    709    4.626e+21    6.000e+21   11.65    1.151e-20  0.1047    42.76    69.32  1
  096  i02j07k08       693    744    5.018e+21    6.000e+21   11.65    1.151e-20  0.1047    42.76    69.32  1
  097  i02j07k08       130    784    5.098e+21    6.000e+21   11.65    1.151e-20  0.1047    42.76    69.32  1
  098  i02j07k08       784    233    4.569e+21    6.000e+21   11.65    1.151e-20  0.1047    42.76    69.32  1
  099  i02j07k08       933    740    5.968e+21    6.000e+21   11.65    1.151e-20  0.1047    42.76    69.32  1
  100  i02j07k08       327    697    4.535e+21    6.000e+21   11.65    1.151e-20  0.1047    42.76    69.32  1
  101  i02j07k08       776    819    7.232e+21    6.000e+21   11.65    1.151e-20  0.1047    42.76    69.32  1
  102  i02j07k08       880    743    5.921e+21    6.000e+21   11.65    1.151e-20  0.1047    42.76    69.32  1
  103  i02j07k08       419    935    4.502e+21    6.000e+21   11.65    1.151e-20  0.1047    42.76    69.32  1
  104  i02j07k08       732    398    5.868e+21    6.000e+21   11.65    1.151e-20  0.1047    42.76    69.32  1
  105  i02j07k08       365    933    4.642e+21    6.000e+21   11.65    1.151e-20  0.1047    42.76    69.32  1
  106  i02j07k08       822    892    5.930e+21    6.000e+21   11.65    1.151e-20  0.1047    42.76    69.32  1
  107  i02j07k08       922    835    4.518e+21    6.000e+21   11.65    1.151e-20  0.1047    42.76    69.32  1
  108  i02j07k08        54    402    5.948e+21    6.000e+21   11.65    1.151e-20  0.1047    42.76    69.32  1
  109  i02j07k08       530     47    4.638e+21    6.000e+21   11.65    1.151e-20  0.1047    42.76    69.32  1
  110  i02j07k08       907    390    5.004e+21    6.000e+21   11.65    1.151e-20  0.1047    42.76    69.32  1
  111  i02j07k08       591    594    7.234e+21    6.000e+21   11.65    1.151e-20  0.1047    42.76    69.32  1
  112  i02j07k08       181    749    5.703e+21    6.000e+21   11.65    1.151e-20  0.1047    42.76    69.32  1
  113  i02j07k08       219    815    4.910e+21    6.000e+21   11.65    1.151e-20  0.1047    42.76    69.32  1
  114  i02j07k08       546    655    4.980e+21    6.000e+21   11.65    1.151e-20  0.1047    42.76    69.32  1
  115  i02j07k08       159    692    7.147e+21    6.000e+21   11.65    1.151e-20  0.1047    42.76    69.32  1
  116  i01j06k08       289    789    4.205e+21    3.000e+21   13.60    7.757e-21  0.0683    41.90    68.40  1
  117  i01j06k08       652    122    3.927e+21    3.000e+21   13.60    7.757e-21  0.0683    41.90    68.40  1
  118  i01j06k08       700    108    3.555e+21    3.000e+21   13.60    7.757e-21  0.0683    41.90    68.40  1
  119  i01j06k08       833    300    3.608e+21    3.000e+21   13.60    7.757e-21  0.0683    41.90    68.40  1
  120  i01j06k08       194    925    3.761e+21    3.000e+21   13.60    7.757e-21  0.0683    41.90    68.40  1
  121  i01j06k08       615    103    3.824e+21    3.000e+21   13.60    7.757e-21  0.0683    41.90    68.40  1
  122  i01j06k08       888    132    2.738e+21    3.000e+21   13.60    7.757e-21  0.0683    41.90    68.40  1
  123  i01j06k08       911    186    2.619e+21    3.000e+21   13.60    7.757e-21  0.0683    41.90    68.40  1
  124  i01j06k08       800     60    3.193e+21    3.000e+21   13.60    7.757e-21  0.0683    41.90    68.40  1
  125  i01j06k08       861    267    2.989e+21    3.000e+21   13.60    7.757e-21  0.0683    41.90    68.40  1
  126  i01j06k08       435    791    4.171e+21    3.000e+21   13.60    7.757e-21  0.0683    41.90    68.40  1
  127  i01j06k08       798    341    3.713e+21    3.000e+21   13.60    7.757e-21  0.0683    41.90    68.40  1
  128  i01j06k08       752    308    3.539e+21    3.000e+21   13.60    7.757e-21  0.0683    41.90    68.40  1
  129  i01j06k08       562     54    4.274e+21    3.000e+21   13.60    7.757e-21  0.0683    41.90    68.40  1
  130  i01j06k08       338    777    3.984e+21    3.000e+21   13.60    7.757e-21  0.0683    41.90    68.40  1
  131  i01j06k08       934    145    2.900e+21    3.000e+21   13.60    7.757e-21  0.0683    41.90    68.40  1
  132  i01j06k08       683     45    3.194e+21    3.000e+21   13.60    7.757e-21  0.0683    41.90    68.40  1
  133  i01j06k08       621    932    3.815e+21    3.000e+21   13.60    7.757e-21  0.0683    41.90    68.40  1
  134  i01j06k08       317    808    4.069e+21    3.000e+21   13.60    7.757e-21  0.0683    41.90    68.40  1
  135  i01j06k08       761     67    3.128e+21    3.000e+21   13.60    7.757e-21  0.0683    41.90    68.40  1
  136  i01j06k08       824    254    3.572e+21    3.000e+21   13.60    7.757e-21  0.0683    41.90    68.40  1
  137  i01j06k08       804    129    3.504e+21    3.000e+21   13.60    7.757e-21  0.0683    41.90    68.40  1
  138  i01j06k08       743    113    3.613e+21    3.000e+21   13.60    7.757e-21  0.0683    41.90    68.40  1
  139  i01j06k08       412    886    4.324e+21    3.000e+21   13.60    7.757e-21  0.0683    41.90    68.40  1
  140  i01j06k08       713     50    3.160e+21    3.000e+21   13.60    7.757e-21  0.0683    41.90    68.40  1
  141  i01j06k08       853    349    3.874e+21    3.000e+21   13.60    7.757e-21  0.0683    41.90    68.40  1
  142  i01j06k08       936    283    3.195e+21    3.000e+21   13.60    7.757e-21  0.0683    41.90    68.40  1
  143  i01j06k08       177    886    4.073e+21    3.000e+21   13.60    7.757e-21  0.0683    41.90    68.40  1
  144  i01j06k08       643    909    3.757e+21    3.000e+21   13.60    7.757e-21  0.0683    41.90    68.40  1
  145  i01j06k08       885    356    3.461e+21    3.000e+21   13.60    7.757e-21  0.0683    41.90    68.40  1
  146  i01j06k08       849     81    2.856e+21    3.000e+21   13.60    7.757e-21  0.0683    41.90    68.40  1
  147  i01j06k08       838    150    3.620e+21    3.000e+21   13.60    7.757e-21  0.0683    41.90    68.40  1
  148  i01j06k08       663     87    3.521e+21    3.000e+21   13.60    7.757e-21  0.0683    41.90    68.40  1
  149  i01j06k08       814     96    3.196e+21    3.000e+21   13.60    7.757e-21  0.0683    41.90    68.40  1
  150  i01j06k08       850    218    3.709e+21    3.000e+21   13.60    7.757e-21  0.0683    41.90    68.40  1
  151  i01j06k08       775    110    3.540e+21    3.000e+21   13.60    7.757e-21  0.0683    41.90    68.40  1
  152  i01j06k08       931    370    3.703e+21    3.000e+21   13.60    7.757e-21  0.0683    41.90    68.40  1
  153  i01j06k08       674    917    3.805e+21    3.000e+21   13.60    7.757e-21  0.0683    41.90    68.40  1
  154  i01j06k08       828    331    3.681e+21    3.000e+21   13.60    7.757e-21  0.0683    41.90    68.40  1
  155  i01j06k08       596    150    3.900e+21    3.000e+21   13.60    7.757e-21  0.0683    41.90    68.40  1
  156  i01j06k08       881    192    3.283e+21    3.000e+21   13.60    7.757e-21  0.0683    41.90    68.40  1
  157  i01j06k08       274    835    4.226e+21    3.000e+21   13.60    7.757e-21  0.0683    41.90    68.40  1
  158  i01j06k08       903    326    3.085e+21    3.000e+21   13.60    7.757e-21  0.0683    41.90    68.40  1
  159  i01j06k08       725     88    3.246e+21    3.000e+21   13.60    7.757e-21  0.0683    41.90    68.40  1
  160  i01j06k08       803    292    3.513e+21    3.000e+21   13.60    7.757e-21  0.0683    41.90    68.40  1
  161  i01j06k08       834     54    3.140e+21    3.000e+21   13.60    7.757e-21  0.0683    41.90    68.40  1
  162  i01j06k08       834    119    3.007e+21    3.000e+21   13.60    7.757e-21  0.0683    41.90    68.40  1
  163  i01j06k08       634     77    3.889e+21    3.000e+21   13.60    7.757e-21  0.0683    41.90    68.40  1
  164  i01j06k08       626    143    3.843e+21    3.000e+21   13.60    7.757e-21  0.0683    41.90    68.40  1
  165  i01j06k08       906    103    2.699e+21    3.000e+21   13.60    7.757e-21  0.0683    41.90    68.40  1
  166  i01j06k08       667    887    3.987e+21    3.000e+21   13.60    7.757e-21  0.0683    41.90    68.40  1
  167  i01j06k08       881     85    2.672e+21    3.000e+21   13.60    7.757e-21  0.0683    41.90    68.40  1
  168  i04j13k05       536    445    1.535e+22    2.400e+22    7.81    2.808e-18  1.3736    79.93    26.40  1
  169  i04j12k07       336    298    2.002e+22    2.400e+22    8.38    2.950e-19  0.8944    45.31    48.15  1
  170  i04j11k07       405    383    2.578e+22    2.400e+22    8.44    2.302e-19  0.5823    36.29    46.53  1
  171  i03j11k07       514    306    1.361e+22    1.200e+22    9.42    2.387e-19  0.5824    34.79    45.97  1
  172  i03j11k07       222    408    1.592e+22    1.200e+22    9.42    2.387e-19  0.5824    34.79    45.97  1
  173  i02j11k07       408     44    8.402e+21    6.000e+21   10.36    2.427e-19  0.5823    33.76    45.65  1
  174  i02j11k07       866    422    8.907e+21    6.000e+21   10.36    2.427e-19  0.5823    33.76    45.65  1
  175  i04j10k07        93    228    1.926e+22    2.400e+22    8.51    1.667e-19  0.3795    31.58    44.57  1
  176  i03j10k07       332    481    1.374e+22    1.200e+22    9.58    1.701e-19  0.3793    30.72    44.03  1
  177  i03j10k07       166    122    1.556e+22    1.200e+22    9.58    1.701e-19  0.3793    30.72    44.03  1
  178  i03j10k07       132    201    1.551e+22    1.200e+22    9.58    1.701e-19  0.3793    30.72    44.03  1
  179  i03j10k07       268    399    1.193e+22    1.200e+22    9.58    1.701e-19  0.3793    30.72    44.03  1
  180  i03j10k07       101    337    1.202e+22    1.200e+22    9.58    1.701e-19  0.3793    30.72    44.03  1
  181  i05j12k04       334    381    2.835e+22    4.800e+22    7.15    7.441e-18  0.8944    59.47    21.91  1
  182  i03j09k07       407    330    1.245e+22    1.200e+22    9.72    1.145e-19  0.2471    28.64    43.00  1
  183  i03j09k07       147    388    1.144e+22    1.200e+22    9.72    1.145e-19  0.2471    28.64    43.00  1
  184  i03j09k07       538    742    1.091e+22    1.200e+22    9.72    1.145e-19  0.2471    28.64    43.00  1
  185  i03j09k07       165    300    1.724e+22    1.200e+22    9.72    1.145e-19  0.2471    28.64    43.00  1
  186  i03j09k07       867    514    1.087e+22    1.200e+22    9.72    1.145e-19  0.2471    28.64    43.00  1
  187  i02j09k07       378    262    8.116e+21    6.000e+21   10.96    1.158e-19  0.2469    28.19    42.64  1
  188  i02j09k07        46    860    8.594e+21    6.000e+21   10.96    1.158e-19  0.2469    28.19    42.64  1
  189  i02j09k07       370    129    8.137e+21    6.000e+21   10.96    1.158e-19  0.2469    28.19    42.64  1
  190  i02j09k07       366     58    8.557e+21    6.000e+21   10.96    1.158e-19  0.2469    28.19    42.64  1
  191  i02j09k07       529    612    5.651e+21    6.000e+21   10.96    1.158e-19  0.2469    28.19    42.64  1
  192  i02j09k07       492    331    8.619e+21    6.000e+21   10.96    1.158e-19  0.2469    28.19    42.64  1
  193  i02j09k07       493    122    8.101e+21    6.000e+21   10.96    1.158e-19  0.2469    28.19    42.64  1
  194  i02j09k07        75    846    7.018e+21    6.000e+21   10.96    1.158e-19  0.2469    28.19    42.64  1
  195  i02j09k07       514    713    8.463e+21    6.000e+21   10.96    1.158e-19  0.2469    28.19    42.64  1
  196  i03j08k07       467    292    9.389e+21    1.200e+22    9.84    7.507e-20  0.1608    27.53    42.39  1
  197  i03j08k07       264    536    9.492e+21    1.200e+22    9.84    7.507e-20  0.1608    27.53    42.39  1
  198  i03j08k07       154    188    1.267e+22    1.200e+22    9.84    7.507e-20  0.1608    27.53    42.39  1
  199  i03j08k07       382    552    1.054e+22    1.200e+22    9.84    7.507e-20  0.1608    27.53    42.39  1
  200  i03j08k07       407    512    1.208e+22    1.200e+22    9.84    7.507e-20  0.1608    27.53    42.39  1
  201  i03j08k07       127    293    1.290e+22    1.200e+22    9.84    7.507e-20  0.1608    27.53    42.39  1
  202  i03j06k07       383    492    9.674e+21    1.200e+22    9.99    3.111e-20  0.0683    26.74    42.24  1
  203  i02j08k07       495     50    6.733e+21    6.000e+21   11.21    7.568e-20  0.1608    27.25    42.21  1
  204  i02j08k07       640    293    6.146e+21    6.000e+21   11.21    7.568e-20  0.1608    27.25    42.21  1
  205  i02j08k07       259    115    8.124e+21    6.000e+21   11.21    7.568e-20  0.1608    27.25    42.21  1
  206  i02j08k07       893    656    6.886e+21    6.000e+21   11.21    7.568e-20  0.1608    27.25    42.21  1
  207  i02j08k07        71    752    6.701e+21    6.000e+21   11.21    7.568e-20  0.1608    27.25    42.21  1
  208  i02j08k07       123    383    8.372e+21    6.000e+21   11.21    7.568e-20  0.1608    27.25    42.21  1
  209  i02j08k07       830    627    8.786e+21    6.000e+21   11.21    7.568e-20  0.1608    27.25    42.21  1
  210  i01j08k07       727    293    4.042e+21    3.000e+21   12.58    7.540e-20  0.1607    27.11    42.17  1
  211  i01j08k07       580    128    4.702e+21    3.000e+21   12.58    7.540e-20  0.1607    27.11    42.17  1
  212  i01j08k07       898    771    4.500e+21    3.000e+21   12.58    7.540e-20  0.1607    27.11    42.17  1
  213  i03j07k07       506    214    9.046e+21    1.200e+22    9.93    4.927e-20  0.1047    26.84    42.00  1
  214  i03j07k07       586    723    9.670e+21    1.200e+22    9.93    4.927e-20  0.1047    26.84    42.00  1
  215  i03j07k07       620    378    9.375e+21    1.200e+22    9.93    4.927e-20  0.1047    26.84    42.00  1
  216  i03j07k07       302    543    9.400e+21    1.200e+22    9.93    4.927e-20  0.1047    26.84    42.00  1
  217  i03j07k07       200    596    9.904e+21    1.200e+22    9.93    4.927e-20  0.1047    26.84    42.00  1
  218  i03j07k07       245     65    9.591e+21    1.200e+22    9.93    4.927e-20  0.1047    26.84    42.00  1
  219  i03j07k07       307    400    9.849e+21    1.200e+22    9.93    4.927e-20  0.1047    26.84    42.00  1
  220  i02j07k07       649    823    5.061e+21    6.000e+21   11.39    4.978e-20  0.1048    26.62    41.72  1
  221  i02j07k07       571    561    6.614e+21    6.000e+21   11.39    4.978e-20  0.1048    26.62    41.72  1
  222  i02j07k07       575    668    8.008e+21    6.000e+21   11.39    4.978e-20  0.1048    26.62    41.72  1
  223  i02j07k07       453    325    7.701e+21    6.000e+21   11.39    4.978e-20  0.1048    26.62    41.72  1
  224  i02j07k07       762    720    7.212e+21    6.000e+21   11.39    4.978e-20  0.1048    26.62    41.72  1
  225  i02j07k07       251    685    5.036e+21    6.000e+21   11.39    4.978e-20  0.1048    26.62    41.72  1
  226  i02j07k07       100    670    8.761e+21    6.000e+21   11.39    4.978e-20  0.1048    26.62    41.72  1
  227  i02j07k07       708    235    7.648e+21    6.000e+21   11.39    4.978e-20  0.1048    26.62    41.72  1
  228  i02j07k07       616    825    4.946e+21    6.000e+21   11.39    4.978e-20  0.1048    26.62    41.72  1
  229  i02j07k07        53    929    6.419e+21    6.000e+21   11.39    4.978e-20  0.1048    26.62    41.72  1
  230  i02j07k07       390    281    7.804e+21    6.000e+21   11.39    4.978e-20  0.1048    26.62    41.72  1
  231  i02j07k07        46    547    8.203e+21    6.000e+21   11.39    4.978e-20  0.1048    26.62    41.72  1
  232  i02j07k07       853    465    5.519e+21    6.000e+21   11.39    4.978e-20  0.1048    26.62    41.72  1
  233  i02j07k07       598    455    7.947e+21    6.000e+21   11.39    4.978e-20  0.1048    26.62    41.72  1
  234  i02j07k07       644    750    5.663e+21    6.000e+21   11.39    4.978e-20  0.1048    26.62    41.72  1
  235  i02j07k07       558    615    5.713e+21    6.000e+21   11.39    4.978e-20  0.1048    26.62    41.72  1
  236  i02j07k07       512    849    6.721e+21    6.000e+21   11.39    4.978e-20  0.1048    26.62    41.72  1
  237  i02j07k07       527    693    6.739e+21    6.000e+21   11.39    4.978e-20  0.1048    26.62    41.72  1
  238  i02j07k07       910    516    6.188e+21    6.000e+21   11.39    4.978e-20  0.1048    26.62    41.72  1
  239  i02j07k07       569    417    7.519e+21    6.000e+21   11.39    4.978e-20  0.1048    26.62    41.72  1
  240  i02j07k07       683    645    8.557e+21    6.000e+21   11.39    4.978e-20  0.1048    26.62    41.72  1
  241  i02j07k07       565    391    8.032e+21    6.000e+21   11.39    4.978e-20  0.1048    26.62    41.72  1
  242  i02j07k07       659    314    7.091e+21    6.000e+21   11.39    4.978e-20  0.1048    26.62    41.72  1
  243  i02j07k07       756    751    5.952e+21    6.000e+21   11.39    4.978e-20  0.1048    26.62    41.72  1
  244  i02j07k07       155     83    8.724e+21    6.000e+21   11.39    4.978e-20  0.1048    26.62    41.72  1
  245  i02j07k07       424    248    8.028e+21    6.000e+21   11.39    4.978e-20  0.1048    26.62    41.72  1
  246  i02j07k07        71    877    6.921e+21    6.000e+21   11.39    4.978e-20  0.1048    26.62    41.72  1
  247  i02j07k07        80    933    6.419e+21    6.000e+21   11.39    4.978e-20  0.1048    26.62    41.72  1
  248  i02j07k07        59    596    8.662e+21    6.000e+21   11.39    4.978e-20  0.1048    26.62    41.72  1
  249  i02j07k07       613    251    5.420e+21    6.000e+21   11.39    4.978e-20  0.1048    26.62    41.72  1
  250  i02j07k07       147     55    7.901e+21    6.000e+21   11.39    4.978e-20  0.1048    26.62    41.72  1
  251  i02j07k07       724    568    6.971e+21    6.000e+21   11.39    4.978e-20  0.1048    26.62    41.72  1
  252  i01j06k07       828    358    3.973e+21    3.000e+21   13.23    3.190e-20  0.0682    26.35    41.68  1
  253  i01j06k07       276    924    3.985e+21    3.000e+21   13.23    3.190e-20  0.0682    26.35    41.68  1
  254  i01j06k07       765    271    3.373e+21    3.000e+21   13.23    3.190e-20  0.0682    26.35    41.68  1
  255  i01j06k07       620    187    4.327e+21    3.000e+21   13.23    3.190e-20  0.0682    26.35    41.68  1
  256  i01j06k07       320    865    4.334e+21    3.000e+21   13.23    3.190e-20  0.0682    26.35    41.68  1
  257  i01j06k07       779    322    3.666e+21    3.000e+21   13.23    3.190e-20  0.0682    26.35    41.68  1
  258  i01j06k07       302    760    4.313e+21    3.000e+21   13.23    3.190e-20  0.0682    26.35    41.68  1
  259  i01j06k07       405    821    4.214e+21    3.000e+21   13.23    3.190e-20  0.0682    26.35    41.68  1
  260  i01j06k07       760    245    3.896e+21    3.000e+21   13.23    3.190e-20  0.0682    26.35    41.68  1
  261  i01j06k07       591     75    4.073e+21    3.000e+21   13.23    3.190e-20  0.0682    26.35    41.68  1
  262  i01j06k07       867    917    4.467e+21    3.000e+21   13.23    3.190e-20  0.0682    26.35    41.68  1
  263  i01j06k07       419    848    4.105e+21    3.000e+21   13.23    3.190e-20  0.0682    26.35    41.68  1
  264  i01j06k07       648    935    3.918e+21    3.000e+21   13.23    3.190e-20  0.0682    26.35    41.68  1
  265  i01j06k07       701    824    4.234e+21    3.000e+21   13.23    3.190e-20  0.0682    26.35    41.68  1
  266  i01j06k07       866    163    3.662e+21    3.000e+21   13.23    3.190e-20  0.0682    26.35    41.68  1
  267  i01j06k07       171    939    3.965e+21    3.000e+21   13.23    3.190e-20  0.0682    26.35    41.68  1
  268  i01j06k07       652    147    3.985e+21    3.000e+21   13.23    3.190e-20  0.0682    26.35    41.68  1
  269  i01j06k07       682    818    4.365e+21    3.000e+21   13.23    3.190e-20  0.0682    26.35    41.68  1
  270  i01j06k07       739     42    3.373e+21    3.000e+21   13.23    3.190e-20  0.0682    26.35    41.68  1
  271  i01j06k07       294    939    4.109e+21    3.000e+21   13.23    3.190e-20  0.0682    26.35    41.68  1
  272  i01j06k07       916    780    4.549e+21    3.000e+21   13.23    3.190e-20  0.0682    26.35    41.68  1
  273  i01j06k07       667    834    4.592e+21    3.000e+21   13.23    3.190e-20  0.0682    26.35    41.68  1
  274  i01j06k07       821    228    3.999e+21    3.000e+21   13.23    3.190e-20  0.0682    26.35    41.68  1
  275  i01j07k07       372    751    4.184e+21    3.000e+21   12.94    4.994e-20  0.1047    26.48    41.65  1
  276  i01j07k07       414    804    4.156e+21    3.000e+21   12.94    4.994e-20  0.1047    26.48    41.65  1
  277  i01j07k07       790     90    3.800e+21    3.000e+21   12.94    4.994e-20  0.1047    26.48    41.65  1
  278  i01j07k07       198    900    4.103e+21    3.000e+21   12.94    4.994e-20  0.1047    26.48    41.65  1
  279  i01j07k07       572    156    4.146e+21    3.000e+21   12.94    4.994e-20  0.1047    26.48    41.65  1
  280  i01j07k07       430    827    4.178e+21    3.000e+21   12.94    4.994e-20  0.1047    26.48    41.65  1
  281  i01j07k07       669    779    4.377e+21    3.000e+21   12.94    4.994e-20  0.1047    26.48    41.65  1
  282  i01j07k07       290    816    4.169e+21    3.000e+21   12.94    4.994e-20  0.1047    26.48    41.65  1
  283  i01j07k07       437    670    4.522e+21    3.000e+21   12.94    4.994e-20  0.1047    26.48    41.65  1
  284  i01j07k07       675    109    4.178e+21    3.000e+21   12.94    4.994e-20  0.1047    26.48    41.65  1
  285  i01j07k07       638    166    4.226e+21    3.000e+21   12.94    4.994e-20  0.1047    26.48    41.65  1
  286  i01j07k07       937    191    3.208e+21    3.000e+21   12.94    4.994e-20  0.1047    26.48    41.65  1
  287  i01j07k07       263    905    4.525e+21    3.000e+21   12.94    4.994e-20  0.1047    26.48    41.65  1
  288  i01j07k07       435    698    4.501e+21    3.000e+21   12.94    4.994e-20  0.1047    26.48    41.65  1
  289  i01j05k07       685    939    3.930e+21    3.000e+21   13.43    2.108e-20  0.0445    26.04    41.40  1
  290  i01j05k07       837    275    3.466e+21    3.000e+21   13.43    2.108e-20  0.0445    26.04    41.40  1
  291  i01j05k07       351    812    4.141e+21    3.000e+21   13.43    2.108e-20  0.0445    26.04    41.40  1
  292  i01j05k07       720    123    3.992e+21    3.000e+21   13.43    2.108e-20  0.0445    26.04    41.40  1
  293  i01j05k07       342    832    4.177e+21    3.000e+21   13.43    2.108e-20  0.0445    26.04    41.40  1
  294  i01j05k07       756     92    3.457e+21    3.000e+21   13.43    2.108e-20  0.0445    26.04    41.40  1
  295  i01j05k07       199    873    4.015e+21    3.000e+21   13.43    2.108e-20  0.0445    26.04    41.40  1
  296  i01j05k07       398    855    4.173e+21    3.000e+21   13.43    2.108e-20  0.0445    26.04    41.40  1
  297  i01j05k07       454    714    4.184e+21    3.000e+21   13.43    2.108e-20  0.0445    26.04    41.40  1
  298  i01j05k07       751    375    4.179e+21    3.000e+21   13.43    2.108e-20  0.0445    26.04    41.40  1
  299  i01j05k07       173    912    4.017e+21    3.000e+21   13.43    2.108e-20  0.0445    26.04    41.40  1
  300  i01j05k07       615    166    4.098e+21    3.000e+21   13.43    2.108e-20  0.0445    26.04    41.40  1
  301  i01j05k07       607    127    4.030e+21    3.000e+21   13.43    2.108e-20  0.0445    26.04    41.40  1
  302  i01j05k07       592    207    4.425e+21    3.000e+21   13.43    2.108e-20  0.0445    26.04    41.40  1
  303  i01j05k07       892    243    2.693e+21    3.000e+21   13.43    2.108e-20  0.0445    26.04    41.40  1
  304  i01j05k07       770    340    4.192e+21    3.000e+21   13.43    2.108e-20  0.0445    26.04    41.40  1
  305  i01j05k07       311    844    4.042e+21    3.000e+21   13.43    2.108e-20  0.0445    26.04    41.40  1
  306  i01j05k07       360    766    4.109e+21    3.000e+21   13.43    2.108e-20  0.0445    26.04    41.40  1
  307  i01j05k07       680    137    3.990e+21    3.000e+21   13.43    2.108e-20  0.0445    26.04    41.40  1
  308  i01j05k07       797    316    3.493e+21    3.000e+21   13.43    2.108e-20  0.0445    26.04    41.40  1
  309  i01j05k07       597    938    4.029e+21    3.000e+21   13.43    2.108e-20  0.0445    26.04    41.40  1
  310  i01j05k07       939    257    3.037e+21    3.000e+21   13.43    2.108e-20  0.0445    26.04    41.40  1
  311  i01j05k07       272    810    4.187e+21    3.000e+21   13.43    2.108e-20  0.0445    26.04    41.40  1
  312  i01j05k07       920    865    4.167e+21    3.000e+21   13.43    2.108e-20  0.0445    26.04    41.40  1
  313  i01j05k07       125    916    4.336e+21    3.000e+21   13.43    2.108e-20  0.0445    26.04    41.40  1
  314  i01j05k07       264    939    4.068e+21    3.000e+21   13.43    2.108e-20  0.0445    26.04    41.40  1
  315  i01j05k07       937    211    3.045e+21    3.000e+21   13.43    2.108e-20  0.0445    26.04    41.40  1
  316  i01j05k07       888    165    2.951e+21    3.000e+21   13.43    2.108e-20  0.0445    26.04    41.40  1
  317  i01j05k07       760    131    4.077e+21    3.000e+21   13.43    2.108e-20  0.0445    26.04    41.40  1
  318  i01j05k07       323    722    4.263e+21    3.000e+21   13.43    2.108e-20  0.0445    26.04    41.40  1
  319  i01j05k07       822    204    4.402e+21    3.000e+21   13.43    2.108e-20  0.0445    26.04    41.40  1
  320  i01j05k07       313    744    4.163e+21    3.000e+21   13.43    2.108e-20  0.0445    26.04    41.40  1
  321  i01j05k07       868    898    4.187e+21    3.000e+21   13.43    2.108e-20  0.0445    26.04    41.40  1
  322  i01j05k07       906    810    4.358e+21    3.000e+21   13.43    2.108e-20  0.0445    26.04    41.40  1
  323  i01j05k07       894    795    4.418e+21    3.000e+21   13.43    2.108e-20  0.0445    26.04    41.40  1
  324  i01j05k07       781    303    3.422e+21    3.000e+21   13.43    2.108e-20  0.0445    26.04    41.40  1
  325  i01j05k07       330    849    4.212e+21    3.000e+21   13.43    2.108e-20  0.0445    26.04    41.40  1
  326  i01j05k07       313    776    4.150e+21    3.000e+21   13.43    2.108e-20  0.0445    26.04    41.40  1
  327  i01j05k07       162    834    4.362e+21    3.000e+21   13.43    2.108e-20  0.0445    26.04    41.40  1
  328  i01j05k07       590    103    4.177e+21    3.000e+21   13.43    2.108e-20  0.0445    26.04    41.40  1
  329  i01j05k07       857    292    3.369e+21    3.000e+21   13.43    2.108e-20  0.0445    26.04    41.40  1
  330  i01j05k07       672    154    4.273e+21    3.000e+21   13.43    2.108e-20  0.0445    26.04    41.40  1
  331  i01j05k07       758     37    3.300e+21    3.000e+21   13.43    2.108e-20  0.0445    26.04    41.40  1
  332  i01j05k07       578    939    4.222e+21    3.000e+21   13.43    2.108e-20  0.0445    26.04    41.40  1
  333  i01j05k07       390    937    4.185e+21    3.000e+21   13.43    2.108e-20  0.0445    26.04    41.40  1
  334  i01j05k07       587     56    4.262e+21    3.000e+21   13.43    2.108e-20  0.0445    26.04    41.40  1
  335  i01j05k07       710    807    4.272e+21    3.000e+21   13.43    2.108e-20  0.0445    26.04    41.40  1
  336  i01j05k07       212    857    4.289e+21    3.000e+21   13.43    2.108e-20  0.0445    26.04    41.40  1
  337  i01j05k07       445    815    4.330e+21    3.000e+21   13.43    2.108e-20  0.0445    26.04    41.40  1
  338  i01j05k07       688     86    3.258e+21    3.000e+21   13.43    2.108e-20  0.0445    26.04    41.40  1
  339  i01j05k07       876    297    3.262e+21    3.000e+21   13.43    2.108e-20  0.0445    26.04    41.40  1
  340  i01j05k07       699    133    4.249e+21    3.000e+21   13.43    2.108e-20  0.0445    26.04    41.40  1
  341  i01j05k07       816     37    3.192e+21    3.000e+21   13.43    2.108e-20  0.0445    26.04    41.40  1
  342  i01j05k07       170    860    4.278e+21    3.000e+21   13.43    2.108e-20  0.0445    26.04    41.40  1
  343  i01j05k07       938     92    2.923e+21    3.000e+21   13.43    2.108e-20  0.0445    26.04    41.40  1
  344  i01j05k07       775     46    3.228e+21    3.000e+21   13.43    2.108e-20  0.0445    26.04    41.40  1
  345  i01j05k07       693    901    4.229e+21    3.000e+21   13.43    2.108e-20  0.0445    26.04    41.40  1
  346  i01j05k07       487    680    4.300e+21    3.000e+21   13.43    2.108e-20  0.0445    26.04    41.40  1
  347  i01j05k07       669    799    4.334e+21    3.000e+21   13.43    2.108e-20  0.0445    26.04    41.40  1
  348  i01j05k07       904    855    4.287e+21    3.000e+21   13.43    2.108e-20  0.0445    26.04    41.40  1
  349  i01j05k07       639    189    4.363e+21    3.000e+21   13.43    2.108e-20  0.0445    26.04    41.40  1
  350  i01j05k07       838    939    4.230e+21    3.000e+21   13.43    2.108e-20  0.0445    26.04    41.40  1
  351  i01j05k07       846    243    3.219e+21    3.000e+21   13.43    2.108e-20  0.0445    26.04    41.40  1
  352  i01j05k07       780    135    4.307e+21    3.000e+21   13.43    2.108e-20  0.0445    26.04    41.40  1
  353  i01j05k07       481    654    4.326e+21    3.000e+21   13.43    2.108e-20  0.0445    26.04    41.40  1
  354  i01j05k07       910    357    3.209e+21    3.000e+21   13.43    2.108e-20  0.0445    26.04    41.40  1
  355  i01j05k07       938    237    2.986e+21    3.000e+21   13.43    2.108e-20  0.0445    26.04    41.40  1
  356  i01j05k07       515    626    4.483e+21    3.000e+21   13.43    2.108e-20  0.0445    26.04    41.40  1
  357  i01j05k07       862    144    3.064e+21    3.000e+21   13.43    2.108e-20  0.0445    26.04    41.40  1
  358  i01j05k07       158    925    4.360e+21    3.000e+21   13.43    2.108e-20  0.0445    26.04    41.40  1
  359  i01j05k07       553    156    4.399e+21    3.000e+21   13.43    2.108e-20  0.0445    26.04    41.40  1
  360  i01j05k07       357    793    4.318e+21    3.000e+21   13.43    2.108e-20  0.0445    26.04    41.40  1
  361  i01j05k07       435    858    4.363e+21    3.000e+21   13.43    2.108e-20  0.0445    26.04    41.40  1
  362  i01j05k07       938    873    4.415e+21    3.000e+21   13.43    2.108e-20  0.0445    26.04    41.40  1
  363  i01j05k07       883    381    4.360e+21    3.000e+21   13.43    2.108e-20  0.0445    26.04    41.40  1
  364  i01j05k07       362    735    4.430e+21    3.000e+21   13.43    2.108e-20  0.0445    26.04    41.40  1
  365  i01j05k07       414    777    4.331e+21    3.000e+21   13.43    2.108e-20  0.0445    26.04    41.40  1
  366  i01j05k07       616    207    4.441e+21    3.000e+21   13.43    2.108e-20  0.0445    26.04    41.40  1
  367  i01j05k07       391    918    4.342e+21    3.000e+21   13.43    2.108e-20  0.0445    26.04    41.40  1
  368  i01j05k07       752    333    4.366e+21    3.000e+21   13.43    2.108e-20  0.0445    26.04    41.40  1
  369  i01j05k07       939    454    4.308e+21    3.000e+21   13.43    2.108e-20  0.0445    26.04    41.40  1
  370  i01j05k07       694     67    3.180e+21    3.000e+21   13.43    2.108e-20  0.0445    26.04    41.40  1
  371  i01j05k07       735     61    3.189e+21    3.000e+21   13.43    2.108e-20  0.0445    26.04    41.40  1
  372  i01j05k07       331    901    4.357e+21    3.000e+21   13.43    2.108e-20  0.0445    26.04    41.40  1
  373  i01j05k07       709    299    4.522e+21    3.000e+21   13.43    2.108e-20  0.0445    26.04    41.40  1
  374  i01j05k07       663    761    4.513e+21    3.000e+21   13.43    2.108e-20  0.0445    26.04    41.40  1
  375  i02j06k07       921    470    5.124e+21    6.000e+21   11.53    3.285e-20  0.0683    26.18    41.31  1
  376  i02j06k07       826    570    6.965e+21    6.000e+21   11.53    3.285e-20  0.0683    26.18    41.31  1
  377  i02j06k07       482    838    6.183e+21    6.000e+21   11.53    3.285e-20  0.0683    26.18    41.31  1
  378  i02j06k07       110    824    5.508e+21    6.000e+21   11.53    3.285e-20  0.0683    26.18    41.31  1
  379  i02j06k07       686    167    5.691e+21    6.000e+21   11.53    3.285e-20  0.0683    26.18    41.31  1
  380  i02j06k07        70    781    5.771e+21    6.000e+21   11.53    3.285e-20  0.0683    26.18    41.31  1
  381  i02j06k07       346    182    7.492e+21    6.000e+21   11.53    3.285e-20  0.0683    26.18    41.31  1
  382  i02j06k07       357    652    5.131e+21    6.000e+21   11.53    3.285e-20  0.0683    26.18    41.31  1
  383  i02j06k07       935    768    5.709e+21    6.000e+21   11.53    3.285e-20  0.0683    26.18    41.31  1
  384  i02j06k07       591    619    5.435e+21    6.000e+21   11.53    3.285e-20  0.0683    26.18    41.31  1
  385  i02j06k07       158    783    4.841e+21    6.000e+21   11.53    3.285e-20  0.0683    26.18    41.31  1
  386  i02j06k07       575    758    5.828e+21    6.000e+21   11.53    3.285e-20  0.0683    26.18    41.31  1
  387  i02j06k07       831    866    6.594e+21    6.000e+21   11.53    3.285e-20  0.0683    26.18    41.31  1
  388  i02j06k07       930    507    5.349e+21    6.000e+21   11.53    3.285e-20  0.0683    26.18    41.31  1
  389  i02j06k07       231    675    5.634e+21    6.000e+21   11.53    3.285e-20  0.0683    26.18    41.31  1
  390  i02j06k07       160    764    5.242e+21    6.000e+21   11.53    3.285e-20  0.0683    26.18    41.31  1
  391  i02j06k07       884    926    5.240e+21    6.000e+21   11.53    3.285e-20  0.0683    26.18    41.31  1
  392  i02j06k07       730    823    5.746e+21    6.000e+21   11.53    3.285e-20  0.0683    26.18    41.31  1
  393  i02j06k07       573    820    4.791e+21    6.000e+21   11.53    3.285e-20  0.0683    26.18    41.31  1
  394  i02j06k07       911    495    5.412e+21    6.000e+21   11.53    3.285e-20  0.0683    26.18    41.31  1
  395  i02j06k07       880    854    5.708e+21    6.000e+21   11.53    3.285e-20  0.0683    26.18    41.31  1
  396  i02j06k07       155    897    4.629e+21    6.000e+21   11.53    3.285e-20  0.0683    26.18    41.31  1
  397  i02j06k07       535    132    5.418e+21    6.000e+21   11.53    3.285e-20  0.0683    26.18    41.31  1
  398  i02j06k07       570    841    5.206e+21    6.000e+21   11.53    3.285e-20  0.0683    26.18    41.31  1
  399  i02j06k07       766    390    5.132e+21    6.000e+21   11.53    3.285e-20  0.0683    26.18    41.31  1
  400  i02j06k07       683    300    5.696e+21    6.000e+21   11.53    3.285e-20  0.0683    26.18    41.31  1
  401  i02j06k07       568    797    4.844e+21    6.000e+21   11.53    3.285e-20  0.0683    26.18    41.31  1
  402  i02j06k07       400    726    5.636e+21    6.000e+21   11.53    3.285e-20  0.0683    26.18    41.31  1
  403  i02j06k07        83    803    5.423e+21    6.000e+21   11.53    3.285e-20  0.0683    26.18    41.31  1
  404  i02j06k07       615    348    7.287e+21    6.000e+21   11.53    3.285e-20  0.0683    26.18    41.31  1
  405  i02j06k07       179    612    7.542e+21    6.000e+21   11.53    3.285e-20  0.0683    26.18    41.31  1
  406  i02j06k07       255    663    5.374e+21    6.000e+21   11.53    3.285e-20  0.0683    26.18    41.31  1
  407  i02j06k07       661    741    5.819e+21    6.000e+21   11.53    3.285e-20  0.0683    26.18    41.31  1
  408  i02j06k07       462    777    4.726e+21    6.000e+21   11.53    3.285e-20  0.0683    26.18    41.31  1
  409  i02j06k07       630    776    5.104e+21    6.000e+21   11.53    3.285e-20  0.0683    26.18    41.31  1
  410  i02j06k07       496    729    5.274e+21    6.000e+21   11.53    3.285e-20  0.0683    26.18    41.31  1
  411  i02j06k07       446    295    6.827e+21    6.000e+21   11.53    3.285e-20  0.0683    26.18    41.31  1
  412  i02j06k07       236    747    6.394e+21    6.000e+21   11.53    3.285e-20  0.0683    26.18    41.31  1
  413  i02j06k07       905    743    5.393e+21    6.000e+21   11.53    3.285e-20  0.0683    26.18    41.31  1
  414  i02j06k07       483    788    6.617e+21    6.000e+21   11.53    3.285e-20  0.0683    26.18    41.31  1
  415  i02j06k07       766    939    4.584e+21    6.000e+21   11.53    3.285e-20  0.0683    26.18    41.31  1
  416  i02j06k07       356    672    5.375e+21    6.000e+21   11.53    3.285e-20  0.0683    26.18    41.31  1
  417  i02j06k07       324    671    4.900e+21    6.000e+21   11.53    3.285e-20  0.0683    26.18    41.31  1
  418  i02j06k07       669    683    5.527e+21    6.000e+21   11.53    3.285e-20  0.0683    26.18    41.31  1
  419  i02j06k07       727    798    5.117e+21    6.000e+21   11.53    3.285e-20  0.0683    26.18    41.31  1
  420  i02j06k07       636    347    6.921e+21    6.000e+21   11.53    3.285e-20  0.0683    26.18    41.31  1
  421  i02j06k07       288    129    7.299e+21    6.000e+21   11.53    3.285e-20  0.0683    26.18    41.31  1
  422  i02j06k07       592    642    5.218e+21    6.000e+21   11.53    3.285e-20  0.0683    26.18    41.31  1
  423  i02j06k07       804    418    5.441e+21    6.000e+21   11.53    3.285e-20  0.0683    26.18    41.31  1
  424  i02j06k07       648    207    5.415e+21    6.000e+21   11.53    3.285e-20  0.0683    26.18    41.31  1
  425  i02j06k07       845    667    6.657e+21    6.000e+21   11.53    3.285e-20  0.0683    26.18    41.31  1
  426  i02j06k07       263    735    5.347e+21    6.000e+21   11.53    3.285e-20  0.0683    26.18    41.31  1
  427  i02j06k07       387    659    5.182e+21    6.000e+21   11.53    3.285e-20  0.0683    26.18    41.31  1
  428  i02j06k07       428    653    4.688e+21    6.000e+21   11.53    3.285e-20  0.0683    26.18    41.31  1
  429  i02j06k07       356    884    5.309e+21    6.000e+21   11.53    3.285e-20  0.0683    26.18    41.31  1
  430  i02j06k07       108    926    4.934e+21    6.000e+21   11.53    3.285e-20  0.0683    26.18    41.31  1
  431  i02j06k07       522    188    7.336e+21    6.000e+21   11.53    3.285e-20  0.0683    26.18    41.31  1
  432  i02j06k07       266    632    5.343e+21    6.000e+21   11.53    3.285e-20  0.0683    26.18    41.31  1
  433  i02j06k07       748    896    6.422e+21    6.000e+21   11.53    3.285e-20  0.0683    26.18    41.31  1
  434  i02j06k07       841    918    4.729e+21    6.000e+21   11.53    3.285e-20  0.0683    26.18    41.31  1
  435  i02j06k07        85    415    5.958e+21    6.000e+21   11.53    3.285e-20  0.0683    26.18    41.31  1
  436  i02j06k07       311    105    7.834e+21    6.000e+21   11.53    3.285e-20  0.0683    26.18    41.31  1
  437  i02j05k07       648    675    5.160e+21    6.000e+21   11.63    2.133e-20  0.0444    25.98    41.23  1
  438  i02j05k07       128    937    4.494e+21    6.000e+21   11.63    2.133e-20  0.0444    25.98    41.23  1
  439  i02j05k07       727    738    5.531e+21    6.000e+21   11.63    2.133e-20  0.0444    25.98    41.23  1
  440  i02j05k07       742    590    7.909e+21    6.000e+21   11.63    2.133e-20  0.0444    25.98    41.23  1
  441  i02j05k07       245    825    5.061e+21    6.000e+21   11.63    2.133e-20  0.0444    25.98    41.23  1
  442  i02j05k07       866    390    5.631e+21    6.000e+21   11.63    2.133e-20  0.0444    25.98    41.23  1
  443  i02j05k07       526    935    4.831e+21    6.000e+21   11.63    2.133e-20  0.0444    25.98    41.23  1
  444  i02j05k07       691    881    4.489e+21    6.000e+21   11.63    2.133e-20  0.0444    25.98    41.23  1
  445  i02j05k07       191    775    4.949e+21    6.000e+21   11.63    2.133e-20  0.0444    25.98    41.23  1
  446  i02j05k07       474    712    4.619e+21    6.000e+21   11.63    2.133e-20  0.0444    25.98    41.23  1
  447  i02j05k07       403    706    6.407e+21    6.000e+21   11.63    2.133e-20  0.0444    25.98    41.23  1
  448  i02j05k07       312    886    5.057e+21    6.000e+21   11.63    2.133e-20  0.0444    25.98    41.23  1
  449  i02j05k07       422    610    5.755e+21    6.000e+21   11.63    2.133e-20  0.0444    25.98    41.23  1
  450  i02j05k07       741    349    5.358e+21    6.000e+21   11.63    2.133e-20  0.0444    25.98    41.23  1
  451  i02j05k07       600    224    4.735e+21    6.000e+21   11.63    2.133e-20  0.0444    25.98    41.23  1
  452  i02j05k07       626    744    6.510e+21    6.000e+21   11.63    2.133e-20  0.0444    25.98    41.23  1
  453  i02j05k07       143    810    4.771e+21    6.000e+21   11.63    2.133e-20  0.0444    25.98    41.23  1
  454  i02j05k07       532    164    5.515e+21    6.000e+21   11.63    2.133e-20  0.0444    25.98    41.23  1
  455  i02j05k07       343    867    4.637e+21    6.000e+21   11.63    2.133e-20  0.0444    25.98    41.23  1
  456  i02j05k07       859    630    5.820e+21    6.000e+21   11.63    2.133e-20  0.0444    25.98    41.23  1
  457  i02j05k07       263    784    5.094e+21    6.000e+21   11.63    2.133e-20  0.0444    25.98    41.23  1
  458  i02j05k07       142    848    4.819e+21    6.000e+21   11.63    2.133e-20  0.0444    25.98    41.23  1
  459  i02j05k07       132    827    5.225e+21    6.000e+21   11.63    2.133e-20  0.0444    25.98    41.23  1
  460  i02j05k07       521    781    7.293e+21    6.000e+21   11.63    2.133e-20  0.0444    25.98    41.23  1
  461  i02j05k07       733    238    5.416e+21    6.000e+21   11.63    2.133e-20  0.0444    25.98    41.23  1
  462  i02j05k07       747    795    5.651e+21    6.000e+21   11.63    2.133e-20  0.0444    25.98    41.23  1
  463  i02j05k07       402    464    6.854e+21    6.000e+21   11.63    2.133e-20  0.0444    25.98    41.23  1
  464  i02j05k07        42    890    6.795e+21    6.000e+21   11.63    2.133e-20  0.0444    25.98    41.23  1
  465  i02j05k07       866    660    6.038e+21    6.000e+21   11.63    2.133e-20  0.0444    25.98    41.23  1
  466  i02j05k07       548    180    5.215e+21    6.000e+21   11.63    2.133e-20  0.0444    25.98    41.23  1
  467  i02j05k07       859    487    5.871e+21    6.000e+21   11.63    2.133e-20  0.0444    25.98    41.23  1
  468  i02j05k07       583    248    5.139e+21    6.000e+21   11.63    2.133e-20  0.0444    25.98    41.23  1
  469  i02j05k07       573    638    4.730e+21    6.000e+21   11.63    2.133e-20  0.0444    25.98    41.23  1
  470  i02j05k07       626    674    5.518e+21    6.000e+21   11.63    2.133e-20  0.0444    25.98    41.23  1
  471  i02j05k07       374    692    5.609e+21    6.000e+21   11.63    2.133e-20  0.0444    25.98    41.23  1
  472  i02j05k07       746    936    4.710e+21    6.000e+21   11.63    2.133e-20  0.0444    25.98    41.23  1
  473  i02j05k07       290    599    4.767e+21    6.000e+21   11.63    2.133e-20  0.0444    25.98    41.23  1
  474  i02j05k07       851    888    5.134e+21    6.000e+21   11.63    2.133e-20  0.0444    25.98    41.23  1
  475  i02j05k07       872    777    5.775e+21    6.000e+21   11.63    2.133e-20  0.0444    25.98    41.23  1
  476  i02j05k07       281    555    6.884e+21    6.000e+21   11.63    2.133e-20  0.0444    25.98    41.23  1
  477  i02j05k07       380    887    4.605e+21    6.000e+21   11.63    2.133e-20  0.0444    25.98    41.23  1
  478  i02j05k07       735    918    5.280e+21    6.000e+21   11.63    2.133e-20  0.0444    25.98    41.23  1
  479  i02j05k07       692    716    5.079e+21    6.000e+21   11.63    2.133e-20  0.0444    25.98    41.23  1
  480  i02j05k07       238    844    4.911e+21    6.000e+21   11.63    2.133e-20  0.0444    25.98    41.23  1
  481  i02j05k07       121    846    5.338e+21    6.000e+21   11.63    2.133e-20  0.0444    25.98    41.23  1
  482  i02j05k07       355    910    4.786e+21    6.000e+21   11.63    2.133e-20  0.0444    25.98    41.23  1
  483  i02j05k07       522     75    6.037e+21    6.000e+21   11.63    2.133e-20  0.0444    25.98    41.23  1
  484  i02j05k07       787    403    5.722e+21    6.000e+21   11.63    2.133e-20  0.0444    25.98    41.23  1
  485  i02j05k07       379    147    7.544e+21    6.000e+21   11.63    2.133e-20  0.0444    25.98    41.23  1
  486  i02j05k07       290    880    5.444e+21    6.000e+21   11.63    2.133e-20  0.0444    25.98    41.23  1
  487  i02j05k07       410    758    5.256e+21    6.000e+21   11.63    2.133e-20  0.0444    25.98    41.23  1
  488  i02j05k07       689    679    5.448e+21    6.000e+21   11.63    2.133e-20  0.0444    25.98    41.23  1
  489  i02j05k07       668    719    5.814e+21    6.000e+21   11.63    2.133e-20  0.0444    25.98    41.23  1
  490  i02j05k07       600    836    5.017e+21    6.000e+21   11.63    2.133e-20  0.0444    25.98    41.23  1
  491  i02j05k07       857    868    5.585e+21    6.000e+21   11.63    2.133e-20  0.0444    25.98    41.23  1
  492  i02j05k07       629    319    6.380e+21    6.000e+21   11.63    2.133e-20  0.0444    25.98    41.23  1
  493  i02j05k07       294    677    4.603e+21    6.000e+21   11.63    2.133e-20  0.0444    25.98    41.23  1
  494  i02j05k07       291    620    4.513e+21    6.000e+21   11.63    2.133e-20  0.0444    25.98    41.23  1
  495  i02j05k07       575    228    5.164e+21    6.000e+21   11.63    2.133e-20  0.0444    25.98    41.23  1
  496  i02j05k07       123    888    4.493e+21    6.000e+21   11.63    2.133e-20  0.0444    25.98    41.23  1
  497  i02j05k07       523    115    6.642e+21    6.000e+21   11.63    2.133e-20  0.0444    25.98    41.23  1
  498  i02j05k07        38    439    6.380e+21    6.000e+21   11.63    2.133e-20  0.0444    25.98    41.23  1
  499  i02j05k07       216    639    5.573e+21    6.000e+21   11.63    2.133e-20  0.0444    25.98    41.23  1
  500  i02j05k07       756    411    5.612e+21    6.000e+21   11.63    2.133e-20  0.0444    25.98    41.23  1
  501  i02j05k07       460    802    5.041e+21    6.000e+21   11.63    2.133e-20  0.0444    25.98    41.23  1
  502  i04j12k06       517    426    2.267e+22    2.400e+22    8.13    9.315e-19  0.8945    41.83    33.72  1
  503  i04j11k06       179    165    2.429e+22    2.400e+22    8.19    8.069e-19  0.5826    29.27    32.17  1
  504  i03j10k06       350     74    1.114e+22    1.200e+22    9.08    6.594e-19  0.3795    22.10    29.49  1
  505  i03j10k06       769    479    1.381e+22    1.200e+22    9.08    6.594e-19  0.3795    22.10    29.49  1
  506  i04j09k06       238    510    1.966e+22    2.400e+22    8.38    4.674e-19  0.2472    19.72    27.88  1
  507  i03j11k05       237    436    1.524e+22    1.200e+22    8.35    2.558e-18  0.5825    26.50    24.89  1
  508  i03j09k06       165    572    1.759e+22    1.200e+22    9.29    4.724e-19  0.2469    19.24    27.56  1
  509  i03j09k06       657    570    1.476e+22    1.200e+22    9.29    4.724e-19  0.2469    19.24    27.56  1
  510  i03j09k06       224    587    1.093e+22    1.200e+22    9.29    4.724e-19  0.2469    19.24    27.56  1
  511  i03j09k06       685    447    1.154e+22    1.200e+22    9.29    4.724e-19  0.2469    19.24    27.56  1
  512  i03j09k06       185    318    1.262e+22    1.200e+22    9.29    4.724e-19  0.2469    19.24    27.56  1
  513  i03j09k06       454    554    1.212e+22    1.200e+22    9.29    4.724e-19  0.2469    19.24    27.56  1
  514  i03j09k06       420     69    1.350e+22    1.200e+22    9.29    4.724e-19  0.2469    19.24    27.56  1
  515  i02j09k06       712    547    1.015e+22    6.000e+21   10.13    4.836e-19  0.2470    18.81    27.25  1
  516  i04j08k06       272    482    2.363e+22    2.400e+22    8.47    3.221e-19  0.1608    18.00    26.74  1
  517  i03j08k06       151    492    1.744e+22    1.200e+22    9.50    3.197e-19  0.1608    17.78    26.65  1
  518  i03j08k06       106    652    1.159e+22    1.200e+22    9.50    3.197e-19  0.1608    17.78    26.65  1
  519  i03j08k06       235    230    1.822e+22    1.200e+22    9.50    3.197e-19  0.1608    17.78    26.65  1
  520  i03j08k06        54    187    1.483e+22    1.200e+22    9.50    3.197e-19  0.1608    17.78    26.65  1
  521  i03j08k06       538    406    1.471e+22    1.200e+22    9.50    3.197e-19  0.1608    17.78    26.65  1
  522  i03j08k06       785    487    1.102e+22    1.200e+22    9.50    3.197e-19  0.1608    17.78    26.65  1
  523  i03j08k06       553    419    1.162e+22    1.200e+22    9.50    3.197e-19  0.1608    17.78    26.65  1
  524  i03j08k06       673    507    1.093e+22    1.200e+22    9.50    3.197e-19  0.1608    17.78    26.65  1
  525  i03j08k06       123    606    1.639e+22    1.200e+22    9.50    3.197e-19  0.1608    17.78    26.65  1
  526  i03j08k06        80    520    9.854e+21    1.200e+22    9.50    3.197e-19  0.1608    17.78    26.65  1
  527  i03j08k06        39    645    1.279e+22    1.200e+22    9.50    3.197e-19  0.1608    17.78    26.65  1
  528  i02j08k06       122     74    9.338e+21    6.000e+21   10.51    3.265e-19  0.1607    17.47    26.37  1
  529  i03j10k02       110    291    1.337e+22    1.200e+22    7.03    4.883e-17  0.3795    26.19    18.30  1
  530  i02j07k06       773    853    7.929e+21    6.000e+21   10.86    2.114e-19  0.1048    16.86    26.00  1
  531  i02j07k06       585    265    6.205e+21    6.000e+21   10.86    2.114e-19  0.1048    16.86    26.00  1
  532  i02j07k06        52    782    7.092e+21    6.000e+21   10.86    2.114e-19  0.1048    16.86    26.00  1
  533  i02j07k06       237    638    7.113e+21    6.000e+21   10.86    2.114e-19  0.1048    16.86    26.00  1
  534  i02j07k06       706    163    7.778e+21    6.000e+21   10.86    2.114e-19  0.1048    16.86    26.00  1
  535  i03j07k06        38    249    1.146e+22    1.200e+22    9.67    2.138e-19  0.1047    16.93    25.99  1
  536  i03j06k06       472     75    1.031e+22    1.200e+22    9.80    1.402e-19  0.0682    16.48    25.62  1
  537  i03j06k06       138    665    9.356e+21    1.200e+22    9.80    1.402e-19  0.0682    16.48    25.62  1
  538  i03j06k06       316    443    9.415e+21    1.200e+22    9.80    1.402e-19  0.0682    16.48    25.62  1
  539  i02j06k06       833    644    6.785e+21    6.000e+21   11.13    1.422e-19  0.0682    16.32    25.45  1
  540  i02j06k06       379    613    7.052e+21    6.000e+21   11.13    1.422e-19  0.0682    16.32    25.45  1
  541  i02j06k06       469    919    5.896e+21    6.000e+21   11.13    1.422e-19  0.0682    16.32    25.45  1
  542  i02j06k06       802    476    6.758e+21    6.000e+21   11.13    1.422e-19  0.0682    16.32    25.45  1
  543  i02j06k06       306    599    5.952e+21    6.000e+21   11.13    1.422e-19  0.0682    16.32    25.45  1
  544  i02j06k06       603    754    5.819e+21    6.000e+21   11.13    1.422e-19  0.0682    16.32    25.45  1
  545  i02j06k06       197    679    6.198e+21    6.000e+21   11.13    1.422e-19  0.0682    16.32    25.45  1
  546  i02j06k06       782    177    8.339e+21    6.000e+21   11.13    1.422e-19  0.0682    16.32    25.45  1
  547  i02j06k06       661    697    5.888e+21    6.000e+21   11.13    1.422e-19  0.0682    16.32    25.45  1
  548  i02j06k06       835    836    7.120e+21    6.000e+21   11.13    1.422e-19  0.0682    16.32    25.45  1
  549  i02j06k06       330    168    8.359e+21    6.000e+21   11.13    1.422e-19  0.0682    16.32    25.45  1
  550  i02j06k06        51    482    7.320e+21    6.000e+21   11.13    1.422e-19  0.0682    16.32    25.45  1
  551  i02j06k06       721    222    8.320e+21    6.000e+21   11.13    1.422e-19  0.0682    16.32    25.45  1
  552  i02j06k06       381    164    7.351e+21    6.000e+21   11.13    1.422e-19  0.0682    16.32    25.45  1
  553  i02j06k06       276     37    8.388e+21    6.000e+21   11.13    1.422e-19  0.0682    16.32    25.45  1
  554  i02j06k06       149    363    8.844e+21    6.000e+21   11.13    1.422e-19  0.0682    16.32    25.45  1
  555  i01j04k06       300    831    4.105e+21    3.000e+21   13.16    5.827e-20  0.0289    16.10    25.43  1
  556  i01j04k06       357    836    4.299e+21    3.000e+21   13.16    5.827e-20  0.0289    16.10    25.43  1
  557  i01j04k06       811    362    4.097e+21    3.000e+21   13.16    5.827e-20  0.0289    16.10    25.43  1
  558  i03j05k06       291    403    9.488e+21    1.200e+22    9.90    9.190e-20  0.0445    16.19    25.41  1
  559  i03j05k06        37    150    9.867e+21    1.200e+22    9.90    9.190e-20  0.0445    16.19    25.41  1
  560  i03j05k06       286    453    8.984e+21    1.200e+22    9.90    9.190e-20  0.0445    16.19    25.41  1
  561  i03j05k06       502    517    1.150e+22    1.200e+22    9.90    9.190e-20  0.0445    16.19    25.41  1
  562  i03j05k06       303    383    1.234e+22    1.200e+22    9.90    9.190e-20  0.0445    16.19    25.41  1
  563  i02j05k06        45    497    7.612e+21    6.000e+21   11.34    9.133e-20  0.0445    16.16    25.40  1
  564  i02j05k06       410    275    7.981e+21    6.000e+21   11.34    9.133e-20  0.0445    16.16    25.40  1
  565  i02j05k06       873    938    5.312e+21    6.000e+21   11.34    9.133e-20  0.0445    16.16    25.40  1
  566  i02j05k06       417    685    4.954e+21    6.000e+21   11.34    9.133e-20  0.0445    16.16    25.40  1
  567  i02j05k06       619    806    4.974e+21    6.000e+21   11.34    9.133e-20  0.0445    16.16    25.40  1
  568  i02j05k06       474    138    7.533e+21    6.000e+21   11.34    9.133e-20  0.0445    16.16    25.40  1
  569  i02j05k06       396    256    7.069e+21    6.000e+21   11.34    9.133e-20  0.0445    16.16    25.40  1
  570  i02j05k06       732    757    5.593e+21    6.000e+21   11.34    9.133e-20  0.0445    16.16    25.40  1
  571  i02j05k06        74    502    7.987e+21    6.000e+21   11.34    9.133e-20  0.0445    16.16    25.40  1
  572  i01j05k06       744    288    3.742e+21    3.000e+21   12.83    9.354e-20  0.0444    15.98    25.18  1
  573  i01j05k06       892    261    3.020e+21    3.000e+21   12.83    9.354e-20  0.0444    15.98    25.18  1
  574  i01j05k06       935    305    3.669e+21    3.000e+21   12.83    9.354e-20  0.0444    15.98    25.18  1
  575  i01j05k06       821    276    3.963e+21    3.000e+21   12.83    9.354e-20  0.0444    15.98    25.18  1
  576  i01j05k06       816    149    3.981e+21    3.000e+21   12.83    9.354e-20  0.0444    15.98    25.18  1
  577  i01j03k06       382    764    4.312e+21    3.000e+21   13.37    3.904e-20  0.0188    15.87    25.15  1
  578  i01j03k06       814    313    3.488e+21    3.000e+21   13.37    3.904e-20  0.0188    15.87    25.15  1
  579  i01j03k06       634     35    3.769e+21    3.000e+21   13.37    3.904e-20  0.0188    15.87    25.15  1
  580  i01j03k06       303    730    4.169e+21    3.000e+21   13.37    3.904e-20  0.0188    15.87    25.15  1
  581  i01j03k06       774     88    3.514e+21    3.000e+21   13.37    3.904e-20  0.0188    15.87    25.15  1
  582  i01j03k06       610     74    4.188e+21    3.000e+21   13.37    3.904e-20  0.0188    15.87    25.15  1
  583  i01j03k06       941    349    3.466e+21    3.000e+21   13.37    3.904e-20  0.0188    15.87    25.15  1
  584  i01j03k06       644    886    3.827e+21    3.000e+21   13.37    3.904e-20  0.0188    15.87    25.15  1
  585  i01j03k06       871    338    3.441e+21    3.000e+21   13.37    3.904e-20  0.0188    15.87    25.15  1
  586  i01j03k06       796    107    3.464e+21    3.000e+21   13.37    3.904e-20  0.0188    15.87    25.15  1
  587  i02j04k06       436    717    4.791e+21    6.000e+21   11.49    6.197e-20  0.0289    15.80    24.99  1
  588  i02j04k06       469    857    4.807e+21    6.000e+21   11.49    6.197e-20  0.0289    15.80    24.99  1
  589  i02j03k06       269    679    4.537e+21    6.000e+21   11.59    4.201e-20  0.0189    15.52    24.64  1
  590  i04j10k03       267    268    2.450e+22    2.400e+22    7.23    1.854e-17  0.3794    22.50    18.83  1
  591  i04j10k05       463    386    2.071e+22    2.400e+22    7.95    2.159e-18  0.3794    19.13    22.99  1
  592  i03j07k05       147    609    1.317e+22    1.200e+22    9.17    9.131e-19  0.1047    11.00    18.55  1
  593  i03j07k05       160    441    1.709e+22    1.200e+22    9.17    9.131e-19  0.1047    11.00    18.55  1
  594  i03j06k05       143     96    1.019e+22    1.200e+22    9.41    6.091e-19  0.0683    10.43    18.25  1
  595  i03j06k05       809    518    1.782e+22    1.200e+22    9.41    6.091e-19  0.0683    10.43    18.25  1
  596  i03j06k05       549    486    1.653e+22    1.200e+22    9.41    6.091e-19  0.0683    10.43    18.25  1
  597  i03j08k04       298    416    1.265e+22    1.200e+22    8.19    4.871e-18  0.1609     9.18    16.44  1
  598  i03j08k01        84    301    1.530e+22    1.200e+22    6.74    1.331e-16  0.1610    10.88    15.58  1
  599  i05j08k02       271    292    4.687e+22    4.800e+22    6.83    4.292e-17  0.1610     9.31    15.41  1
  600  i03j08k02       651    559    1.701e+22    1.200e+22    7.08    4.488e-17  0.1610     8.93    15.30  1
