! Date: 15/08/2026  Time: 13:49:22  Created by RADMC3D compiled on Aug 14 2026 12:46    
! Alexander Men’shchikov, DAp IRFU CEA Saclay, France                         
!
! RADIAL PROFILES OF SURFACE DENSITIES (cm^-2)
!
! Distance (pc): 2.60000000E+02  Mass-averaged Tdust (K): 6.98284328E+00
!
!   N   RADIUS(au)     RADIUS(pc)     RADIUS(as)      PROFILE        SLOPE          PROFILEBS      SLOPEBS
!
    1  3.1963257E+01  1.5496011E-04  1.2293560E-01  1.0278119E+23  4.4234909E-04  6.8440706E+21  6.7105676E-03
    2  8.1218305E+02  3.9375204E-03  3.1237809E+00  1.0263421E+23  4.4234909E-04  6.6970897E+21  6.7105676E-03
    3  1.5924028E+03  7.7200807E-03  6.1246263E+00  1.0221468E+23  4.4234909E-04  6.2775560E+21  6.7105676E-03
    4  2.3726226E+03  1.1502641E-02  9.1254716E+00  1.0158781E+23  4.4234909E-04  5.6506914E+21  6.7105676E-03
    5  3.1528424E+03  1.5285201E-02  1.2126317E+01  1.0083116E+23  6.0837622E-03  4.8940352E+21  9.6086233E-02
    6  3.9330622E+03  1.9067762E-02  1.5127162E+01  1.0002916E+23  1.5427405E-02  4.0920334E+21  2.6383030E-01
    7  4.7132820E+03  2.2850322E-02  1.8128008E+01  9.9190127E+22  2.6295997E-02  3.2530036E+21  5.0565066E-01
    8  5.4935018E+03  2.6632882E-02  2.1128853E+01  9.8483579E+22  3.6115817E-02  2.5464555E+21  8.0942511E-01
    9  6.2737216E+03  3.0415442E-02  2.4129698E+01  9.7790880E+22  4.6545872E-02  1.8537564E+21  1.2679898E+00
   10  7.0539414E+03  3.4198003E-02  2.7130544E+01  9.7220674E+22  4.6667932E-02  1.2835505E+21  1.5986034E+00
   11  7.8341612E+03  3.7980563E-02  3.0131389E+01  9.6743831E+22  4.6868255E-02  8.0670701E+20  2.3906567E+00
   12  8.6143809E+03  4.1763123E-02  3.3132234E+01  9.6334926E+22  4.6868255E-02  3.9780286E+20  3.1359330E+00
   13  9.3946007E+03  4.5545684E-02  3.6133080E+01  9.5996735E+22  4.4614095E-02  5.9611435E+19  4.4270021E+00
   14  1.0174821E+04  4.9328244E-02  3.9133925E+01  9.5819482E+22  4.0561360E-02  1.0000000E-99  4.4270021E+00
   15  1.0955040E+04  5.3110804E-02  4.2134770E+01  9.5677169E+22  2.3165347E-02  1.0000000E-99  1.0000000E-99
   16  1.1735260E+04  5.6893364E-02  4.5135616E+01  9.5577496E+22  2.0117134E-02  1.0000000E-99  1.0000000E-99
   17  1.2515480E+04  6.0675925E-02  4.8136461E+01  9.5633692E+22  1.5150235E-02  1.0000000E-99  1.0000000E-99
   18  1.3295700E+04  6.4458485E-02  5.1137306E+01  9.5946173E+22  1.5150235E-02  1.0000000E-99  1.0000000E-99
   19  1.4075919E+04  6.8241045E-02  5.4138152E+01  9.5939652E+22  9.1317521E-03  1.0000000E-99  1.0000000E-99
   20  1.4856139E+04  7.2023606E-02  5.7138997E+01  9.5932758E+22  1.3320337E-03  1.0000000E-99  1.0000000E-99
   21  1.5636359E+04  7.5806166E-02  6.0139843E+01  9.5925491E+22  1.3320337E-03  1.0000000E-99  1.0000000E-99
   22  1.6416579E+04  7.9588726E-02  6.3140688E+01  9.5917851E+22  1.3320337E-03  1.0000000E-99  1.0000000E-99
   23  1.7196799E+04  8.3371286E-02  6.6141533E+01  9.5909837E+22  1.4800159E-03  1.0000000E-99  1.0000000E-99
   24  1.7977018E+04  8.7153847E-02  6.9142379E+01  9.5901449E+22  1.6358255E-03  1.0000000E-99  1.0000000E-99
   25  1.8757238E+04  9.0936407E-02  7.2143224E+01  9.5892689E+22  1.7994698E-03  1.0000000E-99  1.0000000E-99
   26  1.9537458E+04  9.4718967E-02  7.5144069E+01  9.5883554E+22  1.9709563E-03  1.0000000E-99  1.0000000E-99
   27  2.0317678E+04  9.8501528E-02  7.8144915E+01  9.5874046E+22  2.1502932E-03  1.0000000E-99  1.0000000E-99
   28  2.1097898E+04  1.0228409E-01  8.1145760E+01  9.5864164E+22  2.3374888E-03  1.0000000E-99  1.0000000E-99
   29  2.1878117E+04  1.0606665E-01  8.4146605E+01  9.5853908E+22  2.5325519E-03  1.0000000E-99  1.0000000E-99
   30  2.2658337E+04  1.0984921E-01  8.7147451E+01  9.5843278E+22  2.7354916E-03  1.0000000E-99  1.0000000E-99
   31  2.3438557E+04  1.1363177E-01  9.0148296E+01  9.5832273E+22  2.9463175E-03  1.0000000E-99  1.0000000E-99
   32  2.4218777E+04  1.1741433E-01  9.3149141E+01  9.5820894E+22  3.1650394E-03  1.0000000E-99  1.0000000E-99
   33  2.4998997E+04  1.2119689E-01  9.6149987E+01  9.5809141E+22  3.3916677E-03  1.0000000E-99  1.0000000E-99
   34  2.5779216E+04  1.2497945E-01  9.9150832E+01  9.5797013E+22  3.6262130E-03  1.0000000E-99  1.0000000E-99
   35  2.6559436E+04  1.2876201E-01  1.0215168E+02  9.5784511E+22  3.8686862E-03  1.0000000E-99  1.0000000E-99
   36  2.7339656E+04  1.3254457E-01  1.0515252E+02  9.5771633E+22  4.1190989E-03  1.0000000E-99  1.0000000E-99
   37  2.8119876E+04  1.3632713E-01  1.0815337E+02  9.5758380E+22  4.3774627E-03  1.0000000E-99  1.0000000E-99
   38  2.8900095E+04  1.4010969E-01  1.1115421E+02  9.5744753E+22  4.6437900E-03  1.0000000E-99  1.0000000E-99
   39  2.9680315E+04  1.4389225E-01  1.1415506E+02  9.5730749E+22  4.9180932E-03  1.0000000E-99  1.0000000E-99
   40  3.0460535E+04  1.4767481E-01  1.1715590E+02  9.5716370E+22  5.2003853E-03  1.0000000E-99  1.0000000E-99
   41  3.1240755E+04  1.5145737E-01  1.2015675E+02  9.5701616E+22  5.4906796E-03  1.0000000E-99  1.0000000E-99
   42  3.2020975E+04  1.5523993E-01  1.2315759E+02  9.5686485E+22  5.7889899E-03  1.0000000E-99  1.0000000E-99
   43  3.2801194E+04  1.5902249E-01  1.2615844E+02  9.5670979E+22  6.0953302E-03  1.0000000E-99  1.0000000E-99
   44  3.3581414E+04  1.6280505E-01  1.2915929E+02  9.5655096E+22  6.4097152E-03  1.0000000E-99  1.0000000E-99
   45  3.4361634E+04  1.6658761E-01  1.3216013E+02  9.5638837E+22  6.7321596E-03  1.0000000E-99  1.0000000E-99
   46  3.5141854E+04  1.7037017E-01  1.3516098E+02  9.5622201E+22  7.0626788E-03  1.0000000E-99  1.0000000E-99
   47  3.5922074E+04  1.7415273E-01  1.3816182E+02  9.5605188E+22  7.4012885E-03  1.0000000E-99  1.0000000E-99
   48  3.6702293E+04  1.7793529E-01  1.4116267E+02  9.5587799E+22  7.7480049E-03  1.0000000E-99  1.0000000E-99
   49  3.7482513E+04  1.8171785E-01  1.4416351E+02  9.5570032E+22  8.1028443E-03  1.0000000E-99  1.0000000E-99
   50  3.8262733E+04  1.8550041E-01  1.4716436E+02  9.5551887E+22  8.4658237E-03  1.0000000E-99  1.0000000E-99
   51  3.9042953E+04  1.8928297E-01  1.5016520E+02  9.5533365E+22  8.8369605E-03  1.0000000E-99  1.0000000E-99
   52  3.9823173E+04  1.9306553E-01  1.5316605E+02  9.5514465E+22  9.2162723E-03  1.0000000E-99  1.0000000E-99
   53  4.0603392E+04  1.9684809E-01  1.5616689E+02  9.5495187E+22  9.6037774E-03  1.0000000E-99  1.0000000E-99
   54  4.1383612E+04  2.0063066E-01  1.5916774E+02  9.5475531E+22  9.9994941E-03  1.0000000E-99  1.0000000E-99
   55  4.2163832E+04  2.0441322E-01  1.6216858E+02  9.5455496E+22  1.0403442E-02  1.0000000E-99  1.0000000E-99
   56  4.2944052E+04  2.0819578E-01  1.6516943E+02  9.5435082E+22  1.0815639E-02  1.0000000E-99  1.0000000E-99
   57  4.3724271E+04  2.1197834E-01  1.6817027E+02  9.5414289E+22  1.1236106E-02  1.0000000E-99  1.0000000E-99
   58  4.4504491E+04  2.1576090E-01  1.7117112E+02  9.5393117E+22  1.1664864E-02  1.0000000E-99  1.0000000E-99
   59  4.5284711E+04  2.1954346E-01  1.7417197E+02  9.5371565E+22  1.2101932E-02  1.0000000E-99  1.0000000E-99
   60  4.6064931E+04  2.2332602E-01  1.7717281E+02  9.5349634E+22  1.2547332E-02  1.0000000E-99  1.0000000E-99
   61  4.6845151E+04  2.2710858E-01  1.8017366E+02  9.5327322E+22  1.3001086E-02  1.0000000E-99  1.0000000E-99
   62  4.7625370E+04  2.3089114E-01  1.8317450E+02  9.5304630E+22  1.3463214E-02  1.0000000E-99  1.0000000E-99
   63  4.8405590E+04  2.3467370E-01  1.8617535E+02  9.5281558E+22  1.3933740E-02  1.0000000E-99  1.0000000E-99
   64  4.9185810E+04  2.3845626E-01  1.8917619E+02  9.5258104E+22  1.4412687E-02  1.0000000E-99  1.0000000E-99
   65  4.9966030E+04  2.4223882E-01  1.9217704E+02  9.5234270E+22  1.4900077E-02  1.0000000E-99  1.0000000E-99
   66  5.0746250E+04  2.4602138E-01  1.9517788E+02  9.5210054E+22  1.5395935E-02  1.0000000E-99  1.0000000E-99
   67  5.1526469E+04  2.4980394E-01  1.9817873E+02  9.5185456E+22  1.5900284E-02  1.0000000E-99  1.0000000E-99
   68  5.2306689E+04  2.5358650E-01  2.0117957E+02  9.5160476E+22  1.6413149E-02  1.0000000E-99  1.0000000E-99
   69  5.3086909E+04  2.5736906E-01  2.0418042E+02  9.5135114E+22  1.6934556E-02  1.0000000E-99  1.0000000E-99
   70  5.3867129E+04  2.6115162E-01  2.0718126E+02  9.5109369E+22  1.7464529E-02  1.0000000E-99  1.0000000E-99
   71  5.4647349E+04  2.6493418E-01  2.1018211E+02  9.5083241E+22  1.8003094E-02  1.0000000E-99  1.0000000E-99
   72  5.5427568E+04  2.6871674E-01  2.1318296E+02  9.5056730E+22  1.8550279E-02  1.0000000E-99  1.0000000E-99
   73  5.6207788E+04  2.7249930E-01  2.1618380E+02  9.5029836E+22  1.9106109E-02  1.0000000E-99  1.0000000E-99
   74  5.6988008E+04  2.7628186E-01  2.1918465E+02  9.5002557E+22  1.9670613E-02  1.0000000E-99  1.0000000E-99
   75  5.7768228E+04  2.8006442E-01  2.2218549E+02  9.4974894E+22  2.0243818E-02  1.0000000E-99  1.0000000E-99
   76  5.8548448E+04  2.8384698E-01  2.2518634E+02  9.4946847E+22  2.0825752E-02  1.0000000E-99  1.0000000E-99
   77  5.9328667E+04  2.8762954E-01  2.2818718E+02  9.4918414E+22  2.1416444E-02  1.0000000E-99  1.0000000E-99
   78  6.0108887E+04  2.9141210E-01  2.3118803E+02  9.4889597E+22  2.2015924E-02  1.0000000E-99  1.0000000E-99
   79  6.0889107E+04  2.9519466E-01  2.3418887E+02  9.4860394E+22  2.2624220E-02  1.0000000E-99  1.0000000E-99
   80  6.1669327E+04  2.9897722E-01  2.3718972E+02  9.4830804E+22  2.3241364E-02  1.0000000E-99  1.0000000E-99
   81  6.2449546E+04  3.0275978E-01  2.4019056E+02  9.4800829E+22  2.3867386E-02  1.0000000E-99  1.0000000E-99
   82  6.3229766E+04  3.0654234E-01  2.4319141E+02  9.4770466E+22  2.4502318E-02  1.0000000E-99  1.0000000E-99
   83  6.4009986E+04  3.1032490E-01  2.4619225E+02  9.4739717E+22  2.5146190E-02  1.0000000E-99  1.0000000E-99
   84  6.4790206E+04  3.1410746E-01  2.4919310E+02  9.4708580E+22  2.5799036E-02  1.0000000E-99  1.0000000E-99
   85  6.5570426E+04  3.1789002E-01  2.5219394E+02  9.4677055E+22  2.6460888E-02  1.0000000E-99  1.0000000E-99
   86  6.6350645E+04  3.2167258E-01  2.5519479E+02  9.4645143E+22  2.7131779E-02  1.0000000E-99  1.0000000E-99
   87  6.7130865E+04  3.2545514E-01  2.5819564E+02  9.4612841E+22  2.7811743E-02  1.0000000E-99  1.0000000E-99
   88  6.7911085E+04  3.2923770E-01  2.6119648E+02  9.4580150E+22  2.8500815E-02  1.0000000E-99  1.0000000E-99
   89  6.8691305E+04  3.3302027E-01  2.6419733E+02  9.4547070E+22  2.9199029E-02  1.0000000E-99  1.0000000E-99
   90  6.9471525E+04  3.3680283E-01  2.6719817E+02  9.4513601E+22  2.9906420E-02  1.0000000E-99  1.0000000E-99
   91  7.0251744E+04  3.4058539E-01  2.7019902E+02  9.4479740E+22  3.0623025E-02  1.0000000E-99  1.0000000E-99
   92  7.1031964E+04  3.4436795E-01  2.7319986E+02  9.4445490E+22  3.1348879E-02  1.0000000E-99  1.0000000E-99
   93  7.1812184E+04  3.4815051E-01  2.7620071E+02  9.4410848E+22  3.2084021E-02  1.0000000E-99  1.0000000E-99
   94  7.2592404E+04  3.5193307E-01  2.7920155E+02  9.4375815E+22  3.2828487E-02  1.0000000E-99  1.0000000E-99
   95  7.3372624E+04  3.5571563E-01  2.8220240E+02  9.4340389E+22  3.3582316E-02  1.0000000E-99  1.0000000E-99
   96  7.4152843E+04  3.5949819E-01  2.8520324E+02  9.4304571E+22  3.4345546E-02  1.0000000E-99  1.0000000E-99
   97  7.4933063E+04  3.6328075E-01  2.8820409E+02  9.4268361E+22  3.5118216E-02  1.0000000E-99  1.0000000E-99
   98  7.5713283E+04  3.6706331E-01  2.9120493E+02  9.4231757E+22  3.5900366E-02  1.0000000E-99  1.0000000E-99
   99  7.6493503E+04  3.7084587E-01  2.9420578E+02  9.4194759E+22  3.6692037E-02  1.0000000E-99  1.0000000E-99
  100  7.7273722E+04  3.7462843E-01  2.9720662E+02  9.4157367E+22  3.7493270E-02  1.0000000E-99  1.0000000E-99
  101  7.8053942E+04  3.7841099E-01  3.0020747E+02  9.4119581E+22  3.8304106E-02  1.0000000E-99  1.0000000E-99
  102  7.8834162E+04  3.8219355E-01  3.0320832E+02  9.4081399E+22  3.9124587E-02  1.0000000E-99  1.0000000E-99
  103  7.9614382E+04  3.8597611E-01  3.0620916E+02  9.4042822E+22  3.9954756E-02  1.0000000E-99  1.0000000E-99
  104  8.0394602E+04  3.8975867E-01  3.0921001E+02  9.4003848E+22  4.0794656E-02  1.0000000E-99  1.0000000E-99
  105  8.1174821E+04  3.9354123E-01  3.1221085E+02  9.3964478E+22  4.1644332E-02  1.0000000E-99  1.0000000E-99
  106  8.1955041E+04  3.9732379E-01  3.1521170E+02  9.3924711E+22  4.2503827E-02  1.0000000E-99  1.0000000E-99
  107  8.2735261E+04  4.0110635E-01  3.1821254E+02  9.3884546E+22  4.3373187E-02  1.0000000E-99  1.0000000E-99
  108  8.3515481E+04  4.0488891E-01  3.2121339E+02  9.3843983E+22  4.4252459E-02  1.0000000E-99  1.0000000E-99
  109  8.4295701E+04  4.0867147E-01  3.2421423E+02  9.3803021E+22  4.5141688E-02  1.0000000E-99  1.0000000E-99
  110  8.5075920E+04  4.1245403E-01  3.2721508E+02  9.3761660E+22  4.6040921E-02  1.0000000E-99  1.0000000E-99
  111  8.5856140E+04  4.1623659E-01  3.3021592E+02  9.3719900E+22  4.6950206E-02  1.0000000E-99  1.0000000E-99
  112  8.6636360E+04  4.2001915E-01  3.3321677E+02  9.3677739E+22  4.7869592E-02  1.0000000E-99  1.0000000E-99
  113  8.7416580E+04  4.2380171E-01  3.3621761E+02  9.3635177E+22  4.8799127E-02  1.0000000E-99  1.0000000E-99
  114  8.8196800E+04  4.2758427E-01  3.3921846E+02  9.3592214E+22  4.9738862E-02  1.0000000E-99  1.0000000E-99
  115  8.8977019E+04  4.3136683E-01  3.4221931E+02  9.3548849E+22  5.0688847E-02  1.0000000E-99  1.0000000E-99
  116  8.9757239E+04  4.3514939E-01  3.4522015E+02  9.3505082E+22  5.1649133E-02  1.0000000E-99  1.0000000E-99
  117  9.0537459E+04  4.3893195E-01  3.4822100E+02  9.3460911E+22  5.2619772E-02  1.0000000E-99  1.0000000E-99
  118  9.1317679E+04  4.4271451E-01  3.5122184E+02  9.3416337E+22  5.3600815E-02  1.0000000E-99  1.0000000E-99
  119  9.2097898E+04  4.4649707E-01  3.5422269E+02  9.3371359E+22  5.4592317E-02  1.0000000E-99  1.0000000E-99
  120  9.2878118E+04  4.5027963E-01  3.5722353E+02  9.3325977E+22  5.5594332E-02  1.0000000E-99  1.0000000E-99
  121  9.3658338E+04  4.5406219E-01  3.6022438E+02  9.3280188E+22  5.6606913E-02  1.0000000E-99  1.0000000E-99
  122  9.4438558E+04  4.5784475E-01  3.6322522E+02  9.3233994E+22  5.7630117E-02  1.0000000E-99  1.0000000E-99
  123  9.5218778E+04  4.6162731E-01  3.6622607E+02  9.3187394E+22  5.8663999E-02  1.0000000E-99  1.0000000E-99
  124  9.5998997E+04  4.6540988E-01  3.6922691E+02  9.3140386E+22  5.9708616E-02  1.0000000E-99  1.0000000E-99
  125  9.6779217E+04  4.6919244E-01  3.7222776E+02  9.3092970E+22  6.0764026E-02  1.0000000E-99  1.0000000E-99
  126  9.7559437E+04  4.7297500E-01  3.7522860E+02  9.3045146E+22  6.1830288E-02  1.0000000E-99  1.0000000E-99
  127  9.8339657E+04  4.7675756E-01  3.7822945E+02  9.2996913E+22  6.2907459E-02  1.0000000E-99  1.0000000E-99
  128  9.9119877E+04  4.8054012E-01  3.8123029E+02  9.2948271E+22  6.3995601E-02  1.0000000E-99  1.0000000E-99
  129  9.9900096E+04  4.8432268E-01  3.8423114E+02  9.2899218E+22  6.5094774E-02  1.0000000E-99  1.0000000E-99
  130  1.0068032E+05  4.8810524E-01  3.8723199E+02  9.2849754E+22  6.6205039E-02  1.0000000E-99  1.0000000E-99
  131  1.0146054E+05  4.9188780E-01  3.9023283E+02  9.2799878E+22  6.7326459E-02  1.0000000E-99  1.0000000E-99
  132  1.0224076E+05  4.9567036E-01  3.9323368E+02  9.2749591E+22  6.8459097E-02  1.0000000E-99  1.0000000E-99
  133  1.0302098E+05  4.9945292E-01  3.9623452E+02  9.2698890E+22  6.9603017E-02  1.0000000E-99  1.0000000E-99
  134  1.0380120E+05  5.0323548E-01  3.9923537E+02  9.2647776E+22  7.0758283E-02  1.0000000E-99  1.0000000E-99
  135  1.0458142E+05  5.0701804E-01  4.0223621E+02  9.2596247E+22  7.1924961E-02  1.0000000E-99  1.0000000E-99
  136  1.0536163E+05  5.1080060E-01  4.0523706E+02  9.2544303E+22  7.3103118E-02  1.0000000E-99  1.0000000E-99
  137  1.0614185E+05  5.1458316E-01  4.0823790E+02  9.2491944E+22  7.4292821E-02  1.0000000E-99  1.0000000E-99
  138  1.0692207E+05  5.1836572E-01  4.1123875E+02  9.2439168E+22  7.5494138E-02  1.0000000E-99  1.0000000E-99
  139  1.0770229E+05  5.2214828E-01  4.1423959E+02  9.2385975E+22  7.6707139E-02  1.0000000E-99  1.0000000E-99
  140  1.0848251E+05  5.2593084E-01  4.1724044E+02  9.2332365E+22  7.7931893E-02  1.0000000E-99  1.0000000E-99
  141  1.0926273E+05  5.2971340E-01  4.2024128E+02  9.2278335E+22  7.9168471E-02  1.0000000E-99  1.0000000E-99
  142  1.1004295E+05  5.3349596E-01  4.2324213E+02  9.2223887E+22  8.0416945E-02  1.0000000E-99  1.0000000E-99
  143  1.1082317E+05  5.3727852E-01  4.2624297E+02  9.2169018E+22  8.1677388E-02  1.0000000E-99  1.0000000E-99
  144  1.1160339E+05  5.4106108E-01  4.2924382E+02  9.2113729E+22  8.2949874E-02  1.0000000E-99  1.0000000E-99
  145  1.1238361E+05  5.4484364E-01  4.3224467E+02  9.2058018E+22  8.4234477E-02  1.0000000E-99  1.0000000E-99
  146  1.1316383E+05  5.4862620E-01  4.3524551E+02  9.2001885E+22  8.5531272E-02  1.0000000E-99  1.0000000E-99
  147  1.1394405E+05  5.5240876E-01  4.3824636E+02  9.1945328E+22  8.6840337E-02  1.0000000E-99  1.0000000E-99
  148  1.1472427E+05  5.5619132E-01  4.4124720E+02  9.1888348E+22  8.8161749E-02  1.0000000E-99  1.0000000E-99
  149  1.1550449E+05  5.5997388E-01  4.4424805E+02  9.1830943E+22  8.9495587E-02  1.0000000E-99  1.0000000E-99
  150  1.1628471E+05  5.6375644E-01  4.4724889E+02  9.1773113E+22  9.0841930E-02  1.0000000E-99  1.0000000E-99
  151  1.1706493E+05  5.6753900E-01  4.5024974E+02  9.1714856E+22  9.2200858E-02  1.0000000E-99  1.0000000E-99
  152  1.1784515E+05  5.7132156E-01  4.5325058E+02  9.1656173E+22  9.3572455E-02  1.0000000E-99  1.0000000E-99
  153  1.1862537E+05  5.7510412E-01  4.5625143E+02  9.1597061E+22  9.4956801E-02  1.0000000E-99  1.0000000E-99
  154  1.1940559E+05  5.7888668E-01  4.5925227E+02  9.1537521E+22  9.6353982E-02  1.0000000E-99  1.0000000E-99
  155  1.2018581E+05  5.8266924E-01  4.6225312E+02  9.1477551E+22  9.7764081E-02  1.0000000E-99  1.0000000E-99
  156  1.2096603E+05  5.8645180E-01  4.6525396E+02  9.1417151E+22  9.9187185E-02  1.0000000E-99  1.0000000E-99
  157  1.2174625E+05  5.9023436E-01  4.6825481E+02  9.1356319E+22  1.0062338E-01  1.0000000E-99  1.0000000E-99
  158  1.2252647E+05  5.9401692E-01  4.7125565E+02  9.1295056E+22  1.0207276E-01  1.0000000E-99  1.0000000E-99
  159  1.2330669E+05  5.9779949E-01  4.7425650E+02  9.1233359E+22  1.0353540E-01  1.0000000E-99  1.0000000E-99
  160  1.2408691E+05  6.0158205E-01  4.7725735E+02  9.1171228E+22  1.0501141E-01  1.0000000E-99  1.0000000E-99
  161  1.2486713E+05  6.0536461E-01  4.8025819E+02  9.1108663E+22  1.0650087E-01  1.0000000E-99  1.0000000E-99
  162  1.2564735E+05  6.0914717E-01  4.8325904E+02  9.1045662E+22  1.0800387E-01  1.0000000E-99  1.0000000E-99
  163  1.2642757E+05  6.1292973E-01  4.8625988E+02  9.0982225E+22  1.0952051E-01  1.0000000E-99  1.0000000E-99
  164  1.2720779E+05  6.1671229E-01  4.8926073E+02  9.0918350E+22  1.1105089E-01  1.0000000E-99  1.0000000E-99
  165  1.2798801E+05  6.2049485E-01  4.9226157E+02  9.0854036E+22  1.1259510E-01  1.0000000E-99  1.0000000E-99
  166  1.2876823E+05  6.2427741E-01  4.9526242E+02  9.0789284E+22  1.1415323E-01  1.0000000E-99  1.0000000E-99
  167  1.2954845E+05  6.2805997E-01  4.9826326E+02  9.0724091E+22  1.1572539E-01  1.0000000E-99  1.0000000E-99
  168  1.3032867E+05  6.3184253E-01  5.0126411E+02  9.0658456E+22  1.1731168E-01  1.0000000E-99  1.0000000E-99
  169  1.3110889E+05  6.3562509E-01  5.0426495E+02  9.0592380E+22  1.1891220E-01  1.0000000E-99  1.0000000E-99
  170  1.3188911E+05  6.3940765E-01  5.0726580E+02  9.0525861E+22  1.2052705E-01  1.0000000E-99  1.0000000E-99
  171  1.3266933E+05  6.4319021E-01  5.1026664E+02  9.0458897E+22  1.2215634E-01  1.0000000E-99  1.0000000E-99
  172  1.3344955E+05  6.4697277E-01  5.1326749E+02  9.0391488E+22  1.2380017E-01  1.0000000E-99  1.0000000E-99
  173  1.3422977E+05  6.5075533E-01  5.1626834E+02  9.0323633E+22  1.2545865E-01  1.0000000E-99  1.0000000E-99
  174  1.3500999E+05  6.5453789E-01  5.1926918E+02  9.0255331E+22  1.2713189E-01  1.0000000E-99  1.0000000E-99
  175  1.3579021E+05  6.5832045E-01  5.2227003E+02  9.0186581E+22  1.2881999E-01  1.0000000E-99  1.0000000E-99
  176  1.3657043E+05  6.6210301E-01  5.2527087E+02  9.0117382E+22  1.3052308E-01  1.0000000E-99  1.0000000E-99
  177  1.3735065E+05  6.6588557E-01  5.2827172E+02  9.0047732E+22  1.3224125E-01  1.0000000E-99  1.0000000E-99
  178  1.3813087E+05  6.6966813E-01  5.3127256E+02  8.9977632E+22  1.3397464E-01  1.0000000E-99  1.0000000E-99
  179  1.3891109E+05  6.7345069E-01  5.3427341E+02  8.9907079E+22  1.3572334E-01  1.0000000E-99  1.0000000E-99
  180  1.3969131E+05  6.7723325E-01  5.3727425E+02  8.9836072E+22  1.3748749E-01  1.0000000E-99  1.0000000E-99
  181  1.4047153E+05  6.8101581E-01  5.4027510E+02  8.9764611E+22  1.3926719E-01  1.0000000E-99  1.0000000E-99
  182  1.4125175E+05  6.8479837E-01  5.4327594E+02  8.9692695E+22  1.4106257E-01  1.0000000E-99  1.0000000E-99
  183  1.4203197E+05  6.8858093E-01  5.4627679E+02  8.9620322E+22  1.4287375E-01  1.0000000E-99  1.0000000E-99
  184  1.4281218E+05  6.9236349E-01  5.4927763E+02  8.9547491E+22  1.4470085E-01  1.0000000E-99  1.0000000E-99
  185  1.4359240E+05  6.9614605E-01  5.5227848E+02  8.9474202E+22  1.4654400E-01  1.0000000E-99  1.0000000E-99
  186  1.4437262E+05  6.9992861E-01  5.5527932E+02  8.9400452E+22  1.4840333E-01  1.0000000E-99  1.0000000E-99
  187  1.4515284E+05  7.0371117E-01  5.5828017E+02  8.9326242E+22  1.5027897E-01  1.0000000E-99  1.0000000E-99
  188  1.4593306E+05  7.0749373E-01  5.6128102E+02  8.9251569E+22  1.5217104E-01  1.0000000E-99  1.0000000E-99
  189  1.4671328E+05  7.1127629E-01  5.6428186E+02  8.9176433E+22  1.5407967E-01  1.0000000E-99  1.0000000E-99
  190  1.4749350E+05  7.1505885E-01  5.6728271E+02  8.9100832E+22  1.5600501E-01  1.0000000E-99  1.0000000E-99
  191  1.4827372E+05  7.1884141E-01  5.7028355E+02  8.9024765E+22  1.5794718E-01  1.0000000E-99  1.0000000E-99
  192  1.4905394E+05  7.2262397E-01  5.7328440E+02  8.8948231E+22  1.5990633E-01  1.0000000E-99  1.0000000E-99
  193  1.4983416E+05  7.2640653E-01  5.7628524E+02  8.8871230E+22  1.6188259E-01  1.0000000E-99  1.0000000E-99
  194  1.5061438E+05  7.3018910E-01  5.7928609E+02  8.8793758E+22  1.6387611E-01  1.0000000E-99  1.0000000E-99
  195  1.5139460E+05  7.3397166E-01  5.8228693E+02  8.8715817E+22  1.6588702E-01  1.0000000E-99  1.0000000E-99
  196  1.5217482E+05  7.3775422E-01  5.8528778E+02  8.8637403E+22  1.6791548E-01  1.0000000E-99  1.0000000E-99
  197  1.5295504E+05  7.4153678E-01  5.8828862E+02  8.8558516E+22  1.6996162E-01  1.0000000E-99  1.0000000E-99
  198  1.5373526E+05  7.4531934E-01  5.9128947E+02  8.8479155E+22  1.7202560E-01  1.0000000E-99  1.0000000E-99
  199  1.5451548E+05  7.4910190E-01  5.9429031E+02  8.8399318E+22  1.7410757E-01  1.0000000E-99  1.0000000E-99
  200  1.5529570E+05  7.5288446E-01  5.9729116E+02  8.8319004E+22  1.7620769E-01  1.0000000E-99  1.0000000E-99
  201  1.5607592E+05  7.5666702E-01  6.0029200E+02  8.8238212E+22  1.7832610E-01  1.0000000E-99  1.0000000E-99
  202  1.5685614E+05  7.6044958E-01  6.0329285E+02  8.8156940E+22  1.8046297E-01  1.0000000E-99  1.0000000E-99
  203  1.5763636E+05  7.6423214E-01  6.0629370E+02  8.8075188E+22  1.8261845E-01  1.0000000E-99  1.0000000E-99
  204  1.5841658E+05  7.6801470E-01  6.0929454E+02  8.7992953E+22  1.8479270E-01  1.0000000E-99  1.0000000E-99
  205  1.5919680E+05  7.7179726E-01  6.1229539E+02  8.7910234E+22  1.8698590E-01  1.0000000E-99  1.0000000E-99
  206  1.5997702E+05  7.7557982E-01  6.1529623E+02  8.7827031E+22  1.8919820E-01  1.0000000E-99  1.0000000E-99
  207  1.6075724E+05  7.7936238E-01  6.1829708E+02  8.7743341E+22  1.9142977E-01  1.0000000E-99  1.0000000E-99
  208  1.6153746E+05  7.8314494E-01  6.2129792E+02  8.7659164E+22  1.9368079E-01  1.0000000E-99  1.0000000E-99
  209  1.6231768E+05  7.8692750E-01  6.2429877E+02  8.7574497E+22  1.9595143E-01  1.0000000E-99  1.0000000E-99
  210  1.6309790E+05  7.9071006E-01  6.2729961E+02  8.7489340E+22  1.9824186E-01  1.0000000E-99  1.0000000E-99
  211  1.6387812E+05  7.9449262E-01  6.3030046E+02  8.7403691E+22  2.0055226E-01  1.0000000E-99  1.0000000E-99
  212  1.6465834E+05  7.9827518E-01  6.3330130E+02  8.7317548E+22  2.0288281E-01  1.0000000E-99  1.0000000E-99
  213  1.6543856E+05  8.0205774E-01  6.3630215E+02  8.7230911E+22  2.0523369E-01  1.0000000E-99  1.0000000E-99
  214  1.6621878E+05  8.0584030E-01  6.3930299E+02  8.7143777E+22  2.0760510E-01  1.0000000E-99  1.0000000E-99
  215  1.6699900E+05  8.0962286E-01  6.4230384E+02  8.7056145E+22  2.0999722E-01  1.0000000E-99  1.0000000E-99
  216  1.6777922E+05  8.1340542E-01  6.4530468E+02  8.6968014E+22  2.1241023E-01  1.0000000E-99  1.0000000E-99
  217  1.6855944E+05  8.1718798E-01  6.4830553E+02  8.6879382E+22  2.1484433E-01  1.0000000E-99  1.0000000E-99
  218  1.6933966E+05  8.2097054E-01  6.5130638E+02  8.6790248E+22  2.1729973E-01  1.0000000E-99  1.0000000E-99
  219  1.7011988E+05  8.2475310E-01  6.5430722E+02  8.6700609E+22  2.1977661E-01  1.0000000E-99  1.0000000E-99
  220  1.7090010E+05  8.2853566E-01  6.5730807E+02  8.6610465E+22  2.2227518E-01  1.0000000E-99  1.0000000E-99
  221  1.7168032E+05  8.3231822E-01  6.6030891E+02  8.6519814E+22  2.2479565E-01  1.0000000E-99  1.0000000E-99
  222  1.7246054E+05  8.3610078E-01  6.6330976E+02  8.6428655E+22  2.2733821E-01  1.0000000E-99  1.0000000E-99
  223  1.7324076E+05  8.3988334E-01  6.6631060E+02  8.6336984E+22  2.2990309E-01  1.0000000E-99  1.0000000E-99
  224  1.7402098E+05  8.4366590E-01  6.6931145E+02  8.6244802E+22  2.3249050E-01  1.0000000E-99  1.0000000E-99
  225  1.7480120E+05  8.4744846E-01  6.7231229E+02  8.6152107E+22  2.3510065E-01  1.0000000E-99  1.0000000E-99
  226  1.7558142E+05  8.5123102E-01  6.7531314E+02  8.6058896E+22  2.3773376E-01  1.0000000E-99  1.0000000E-99
  227  1.7636164E+05  8.5501358E-01  6.7831398E+02  8.5965168E+22  2.4039006E-01  1.0000000E-99  1.0000000E-99
  228  1.7714186E+05  8.5879614E-01  6.8131483E+02  8.5870921E+22  2.4306978E-01  1.0000000E-99  1.0000000E-99
  229  1.7792208E+05  8.6257871E-01  6.8431567E+02  8.5776154E+22  2.4577313E-01  1.0000000E-99  1.0000000E-99
  230  1.7870230E+05  8.6636127E-01  6.8731652E+02  8.5680865E+22  2.4850036E-01  1.0000000E-99  1.0000000E-99
  231  1.7948251E+05  8.7014383E-01  6.9031737E+02  8.5585053E+22  2.5125171E-01  1.0000000E-99  1.0000000E-99
  232  1.8026273E+05  8.7392639E-01  6.9331821E+02  8.5488714E+22  2.5402740E-01  1.0000000E-99  1.0000000E-99
  233  1.8104295E+05  8.7770895E-01  6.9631906E+02  8.5391849E+22  2.5682769E-01  1.0000000E-99  1.0000000E-99
  234  1.8182317E+05  8.8149151E-01  6.9931990E+02  8.5294454E+22  2.5965283E-01  1.0000000E-99  1.0000000E-99
  235  1.8260339E+05  8.8527407E-01  7.0232075E+02  8.5196528E+22  2.6250306E-01  1.0000000E-99  1.0000000E-99
  236  1.8338361E+05  8.8905663E-01  7.0532159E+02  8.5098070E+22  2.6537864E-01  1.0000000E-99  1.0000000E-99
  237  1.8416383E+05  8.9283919E-01  7.0832244E+02  8.4999076E+22  2.6827982E-01  1.0000000E-99  1.0000000E-99
  238  1.8494405E+05  8.9662175E-01  7.1132328E+02  8.4899547E+22  2.7120688E-01  1.0000000E-99  1.0000000E-99
  239  1.8572427E+05  9.0040431E-01  7.1432413E+02  8.4799479E+22  2.7416007E-01  1.0000000E-99  1.0000000E-99
  240  1.8650449E+05  9.0418687E-01  7.1732497E+02  8.4698870E+22  2.7713967E-01  1.0000000E-99  1.0000000E-99
  241  1.8728471E+05  9.0796943E-01  7.2032582E+02  8.4597719E+22  2.8014594E-01  1.0000000E-99  1.0000000E-99
  242  1.8806493E+05  9.1175199E-01  7.2332666E+02  8.4496025E+22  2.8317918E-01  1.0000000E-99  1.0000000E-99
  243  1.8884515E+05  9.1553455E-01  7.2632751E+02  8.4393784E+22  2.8623966E-01  1.0000000E-99  1.0000000E-99
  244  1.8962537E+05  9.1931711E-01  7.2932835E+02  8.4290994E+22  2.8932767E-01  1.0000000E-99  1.0000000E-99
  245  1.9040559E+05  9.2309967E-01  7.3232920E+02  8.4187655E+22  2.9244350E-01  1.0000000E-99  1.0000000E-99
  246  1.9118581E+05  9.2688223E-01  7.3533005E+02  8.4083764E+22  2.9558745E-01  1.0000000E-99  1.0000000E-99
  247  1.9196603E+05  9.3066479E-01  7.3833089E+02  8.3979318E+22  2.9875982E-01  1.0000000E-99  1.0000000E-99
  248  1.9274625E+05  9.3444735E-01  7.4133174E+02  8.3874316E+22  3.0196090E-01  1.0000000E-99  1.0000000E-99
  249  1.9352647E+05  9.3822991E-01  7.4433258E+02  8.3768755E+22  3.0519103E-01  1.0000000E-99  1.0000000E-99
  250  1.9430669E+05  9.4201247E-01  7.4733343E+02  8.3662635E+22  3.0845050E-01  1.0000000E-99  1.0000000E-99
  251  1.9508691E+05  9.4579503E-01  7.5033427E+02  8.3555951E+22  3.1173964E-01  1.0000000E-99  1.0000000E-99
  252  1.9586713E+05  9.4957759E-01  7.5333512E+02  8.3448703E+22  3.1505877E-01  1.0000000E-99  1.0000000E-99
  253  1.9664735E+05  9.5336015E-01  7.5633596E+02  8.3340887E+22  3.1840823E-01  1.0000000E-99  1.0000000E-99
  254  1.9742757E+05  9.5714271E-01  7.5933681E+02  8.3232503E+22  3.2178834E-01  1.0000000E-99  1.0000000E-99
  255  1.9820779E+05  9.6092527E-01  7.6233765E+02  8.3123547E+22  3.2519946E-01  1.0000000E-99  1.0000000E-99
  256  1.9898801E+05  9.6470783E-01  7.6533850E+02  8.3014017E+22  3.2864192E-01  1.0000000E-99  1.0000000E-99
  257  1.9976823E+05  9.6849039E-01  7.6833934E+02  8.2903912E+22  3.3211608E-01  1.0000000E-99  1.0000000E-99
  258  2.0054845E+05  9.7227295E-01  7.7134019E+02  8.2793228E+22  3.3562229E-01  1.0000000E-99  1.0000000E-99
  259  2.0132867E+05  9.7605551E-01  7.7434103E+02  8.2681964E+22  3.3916092E-01  1.0000000E-99  1.0000000E-99
  260  2.0210889E+05  9.7983807E-01  7.7734188E+02  8.2570116E+22  3.4273234E-01  1.0000000E-99  1.0000000E-99
  261  2.0288911E+05  9.8362063E-01  7.8034273E+02  8.2457684E+22  3.4633691E-01  1.0000000E-99  1.0000000E-99
  262  2.0366933E+05  9.8740319E-01  7.8334357E+02  8.2344664E+22  3.4997503E-01  1.0000000E-99  1.0000000E-99
  263  2.0444955E+05  9.9118575E-01  7.8634442E+02  8.2231054E+22  3.5364708E-01  1.0000000E-99  1.0000000E-99
  264  2.0522977E+05  9.9496832E-01  7.8934526E+02  8.2116851E+22  3.5735346E-01  1.0000000E-99  1.0000000E-99
  265  2.0600999E+05  9.9875088E-01  7.9234611E+02  8.2002053E+22  3.6109455E-01  1.0000000E-99  1.0000000E-99
  266  2.0679021E+05  1.0025334E+00  7.9534695E+02  8.1886658E+22  3.6487078E-01  1.0000000E-99  1.0000000E-99
  267  2.0757043E+05  1.0063160E+00  7.9834780E+02  8.1770662E+22  3.6868255E-01  1.0000000E-99  1.0000000E-99
  268  2.0835065E+05  1.0100986E+00  8.0134864E+02  8.1654064E+22  3.7253028E-01  1.0000000E-99  1.0000000E-99
  269  2.0913087E+05  1.0138811E+00  8.0434949E+02  8.1536861E+22  3.7641441E-01  1.0000000E-99  1.0000000E-99
  270  2.0991109E+05  1.0176637E+00  8.0735033E+02  8.1419050E+22  3.8033536E-01  1.0000000E-99  1.0000000E-99
  271  2.1069131E+05  1.0214462E+00  8.1035118E+02  8.1300629E+22  3.8429358E-01  1.0000000E-99  1.0000000E-99
  272  2.1147153E+05  1.0252288E+00  8.1335202E+02  8.1181594E+22  3.8828951E-01  1.0000000E-99  1.0000000E-99
  273  2.1225175E+05  1.0290114E+00  8.1635287E+02  8.1061944E+22  3.9232363E-01  1.0000000E-99  1.0000000E-99
  274  2.1303197E+05  1.0327939E+00  8.1935372E+02  8.0941675E+22  3.9639638E-01  1.0000000E-99  1.0000000E-99
  275  2.1381219E+05  1.0365765E+00  8.2235456E+02  8.0820785E+22  4.0050824E-01  1.0000000E-99  1.0000000E-99
  276  2.1459241E+05  1.0403590E+00  8.2535541E+02  8.0699271E+22  4.0465969E-01  1.0000000E-99  1.0000000E-99
  277  2.1537263E+05  1.0441416E+00  8.2835625E+02  8.0577130E+22  4.0885123E-01  1.0000000E-99  1.0000000E-99
  278  2.1615285E+05  1.0479242E+00  8.3135710E+02  8.0454358E+22  4.1308335E-01  1.0000000E-99  1.0000000E-99
  279  2.1693306E+05  1.0517067E+00  8.3435794E+02  8.0330955E+22  4.1735655E-01  1.0000000E-99  1.0000000E-99
  280  2.1771328E+05  1.0554893E+00  8.3735879E+02  8.0206916E+22  4.2167136E-01  1.0000000E-99  1.0000000E-99
  281  2.1849350E+05  1.0592718E+00  8.4035963E+02  8.0082238E+22  4.2602829E-01  1.0000000E-99  1.0000000E-99
  282  2.1927372E+05  1.0630544E+00  8.4336048E+02  7.9956918E+22  4.3042788E-01  1.0000000E-99  1.0000000E-99
  283  2.2005394E+05  1.0668370E+00  8.4636132E+02  7.9830954E+22  4.3487067E-01  1.0000000E-99  1.0000000E-99
  284  2.2083416E+05  1.0706195E+00  8.4936217E+02  7.9704343E+22  4.3935722E-01  1.0000000E-99  1.0000000E-99
  285  2.2161438E+05  1.0744021E+00  8.5236301E+02  7.9577081E+22  4.4388809E-01  1.0000000E-99  1.0000000E-99
  286  2.2239460E+05  1.0781846E+00  8.5536386E+02  7.9449165E+22  4.4846384E-01  1.0000000E-99  1.0000000E-99
  287  2.2317482E+05  1.0819672E+00  8.5836470E+02  7.9320592E+22  4.5308507E-01  1.0000000E-99  1.0000000E-99
  288  2.2395504E+05  1.0857498E+00  8.6136555E+02  7.9191359E+22  4.5775237E-01  1.0000000E-99  1.0000000E-99
  289  2.2473526E+05  1.0895323E+00  8.6436640E+02  7.9061462E+22  4.6246633E-01  1.0000000E-99  1.0000000E-99
  290  2.2551548E+05  1.0933149E+00  8.6736724E+02  7.8930899E+22  4.6722759E-01  1.0000000E-99  1.0000000E-99
  291  2.2629570E+05  1.0970974E+00  8.7036809E+02  7.8799665E+22  4.7203675E-01  1.0000000E-99  1.0000000E-99
  292  2.2707592E+05  1.1008800E+00  8.7336893E+02  7.8667759E+22  4.7689446E-01  1.0000000E-99  1.0000000E-99
  293  2.2785614E+05  1.1046626E+00  8.7636978E+02  7.8535175E+22  4.8180138E-01  1.0000000E-99  1.0000000E-99
  294  2.2863636E+05  1.1084451E+00  8.7937062E+02  7.8401911E+22  4.8675815E-01  1.0000000E-99  1.0000000E-99
  295  2.2941658E+05  1.1122277E+00  8.8237147E+02  7.8267964E+22  4.9176546E-01  1.0000000E-99  1.0000000E-99
  296  2.3019680E+05  1.1160102E+00  8.8537231E+02  7.8133329E+22  4.9682400E-01  1.0000000E-99  1.0000000E-99
  297  2.3097702E+05  1.1197928E+00  8.8837316E+02  7.7998004E+22  5.0193445E-01  1.0000000E-99  1.0000000E-99
  298  2.3175724E+05  1.1235754E+00  8.9137400E+02  7.7861985E+22  5.0709755E-01  1.0000000E-99  1.0000000E-99
  299  2.3253746E+05  1.1273579E+00  8.9437485E+02  7.7725267E+22  5.1231400E-01  1.0000000E-99  1.0000000E-99
  300  2.3331768E+05  1.1311405E+00  8.9737569E+02  7.7587848E+22  5.1758455E-01  1.0000000E-99  1.0000000E-99
  301  2.3409790E+05  1.1349230E+00  9.0037654E+02  7.7449723E+22  5.2290996E-01  1.0000000E-99  1.0000000E-99
  302  2.3487812E+05  1.1387056E+00  9.0337738E+02  7.7310889E+22  5.2829100E-01  1.0000000E-99  1.0000000E-99
  303  2.3565834E+05  1.1424882E+00  9.0637823E+02  7.7171342E+22  5.3372844E-01  1.0000000E-99  1.0000000E-99
  304  2.3643856E+05  1.1462707E+00  9.0937908E+02  7.7031078E+22  5.3922310E-01  1.0000000E-99  1.0000000E-99
  305  2.3721878E+05  1.1500533E+00  9.1237992E+02  7.6890094E+22  5.4477577E-01  1.0000000E-99  1.0000000E-99
  306  2.3799900E+05  1.1538358E+00  9.1538077E+02  7.6748384E+22  5.5038730E-01  1.0000000E-99  1.0000000E-99
  307  2.3877922E+05  1.1576184E+00  9.1838161E+02  7.6605946E+22  5.5605853E-01  1.0000000E-99  1.0000000E-99
  308  2.3955944E+05  1.1614010E+00  9.2138246E+02  7.6462775E+22  5.6179032E-01  1.0000000E-99  1.0000000E-99
  309  2.4033966E+05  1.1651835E+00  9.2438330E+02  7.6318867E+22  5.6758356E-01  1.0000000E-99  1.0000000E-99
  310  2.4111988E+05  1.1689661E+00  9.2738415E+02  7.6174217E+22  5.7343914E-01  1.0000000E-99  1.0000000E-99
  311  2.4190010E+05  1.1727486E+00  9.3038499E+02  7.6028823E+22  5.7935798E-01  1.0000000E-99  1.0000000E-99
  312  2.4268032E+05  1.1765312E+00  9.3338584E+02  7.5882678E+22  5.8534101E-01  1.0000000E-99  1.0000000E-99
  313  2.4346054E+05  1.1803138E+00  9.3638668E+02  7.5735779E+22  5.9138919E-01  1.0000000E-99  1.0000000E-99
  314  2.4424076E+05  1.1840963E+00  9.3938753E+02  7.5588123E+22  5.9750349E-01  1.0000000E-99  1.0000000E-99
  315  2.4502098E+05  1.1878789E+00  9.4238837E+02  7.5439703E+22  6.0368491E-01  1.0000000E-99  1.0000000E-99
  316  2.4580120E+05  1.1916615E+00  9.4538922E+02  7.5290515E+22  6.0993446E-01  1.0000000E-99  1.0000000E-99
  317  2.4658142E+05  1.1954440E+00  9.4839006E+02  7.5140556E+22  6.1625317E-01  1.0000000E-99  1.0000000E-99
  318  2.4736164E+05  1.1992266E+00  9.5139091E+02  7.4989820E+22  6.2264210E-01  1.0000000E-99  1.0000000E-99
  319  2.4814186E+05  1.2030091E+00  9.5439176E+02  7.4838303E+22  6.2910233E-01  1.0000000E-99  1.0000000E-99
  320  2.4892208E+05  1.2067917E+00  9.5739260E+02  7.4686000E+22  6.3563495E-01  1.0000000E-99  1.0000000E-99
  321  2.4970230E+05  1.2105743E+00  9.6039345E+02  7.4532906E+22  6.4224110E-01  1.0000000E-99  1.0000000E-99
  322  2.5048252E+05  1.2143568E+00  9.6339429E+02  7.4379016E+22  6.4892192E-01  1.0000000E-99  1.0000000E-99
  323  2.5126274E+05  1.2181394E+00  9.6639514E+02  7.4224325E+22  6.5567858E-01  1.0000000E-99  1.0000000E-99
  324  2.5204296E+05  1.2219219E+00  9.6939598E+02  7.4068829E+22  6.6251228E-01  1.0000000E-99  1.0000000E-99
  325  2.5282318E+05  1.2257045E+00  9.7239683E+02  7.3912522E+22  6.6942425E-01  1.0000000E-99  1.0000000E-99
  326  2.5360339E+05  1.2294871E+00  9.7539767E+02  7.3755399E+22  6.7641573E-01  1.0000000E-99  1.0000000E-99
  327  2.5438361E+05  1.2332696E+00  9.7839852E+02  7.3597454E+22  6.8348801E-01  1.0000000E-99  1.0000000E-99
  328  2.5516383E+05  1.2370522E+00  9.8139936E+02  7.3438684E+22  6.9064238E-01  1.0000000E-99  1.0000000E-99
  329  2.5594405E+05  1.2408347E+00  9.8440021E+02  7.3279081E+22  6.9788017E-01  1.0000000E-99  1.0000000E-99
  330  2.5672427E+05  1.2446173E+00  9.8740105E+02  7.3118641E+22  7.0520277E-01  1.0000000E-99  1.0000000E-99
  331  2.5750449E+05  1.2483999E+00  9.9040190E+02  7.2957358E+22  7.1261155E-01  1.0000000E-99  1.0000000E-99
  332  2.5828471E+05  1.2521824E+00  9.9340275E+02  7.2795227E+22  7.2010794E-01  1.0000000E-99  1.0000000E-99
  333  2.5906493E+05  1.2559650E+00  9.9640359E+02  7.2632242E+22  7.2769340E-01  1.0000000E-99  1.0000000E-99
  334  2.5984515E+05  1.2597475E+00  9.9940444E+02  7.2468396E+22  7.3536942E-01  1.0000000E-99  1.0000000E-99
  335  2.6062537E+05  1.2635301E+00  1.0024053E+03  7.2303685E+22  7.4313752E-01  1.0000000E-99  1.0000000E-99
  336  2.6140559E+05  1.2673127E+00  1.0054061E+03  7.2138103E+22  7.5099926E-01  1.0000000E-99  1.0000000E-99
  337  2.6218581E+05  1.2710952E+00  1.0084070E+03  7.1971642E+22  7.5895624E-01  1.0000000E-99  1.0000000E-99
  338  2.6296603E+05  1.2748778E+00  1.0114078E+03  7.1804298E+22  7.6701009E-01  1.0000000E-99  1.0000000E-99
  339  2.6374625E+05  1.2786603E+00  1.0144087E+03  7.1636064E+22  7.7516247E-01  1.0000000E-99  1.0000000E-99
  340  2.6452647E+05  1.2824429E+00  1.0174095E+03  7.1466934E+22  7.8341510E-01  1.0000000E-99  1.0000000E-99
  341  2.6530669E+05  1.2862255E+00  1.0204104E+03  7.1296901E+22  7.9176972E-01  1.0000000E-99  1.0000000E-99
  342  2.6608691E+05  1.2900080E+00  1.0234112E+03  7.1125959E+22  8.0022813E-01  1.0000000E-99  1.0000000E-99
  343  2.6686713E+05  1.2937906E+00  1.0264120E+03  7.0954101E+22  8.0879216E-01  1.0000000E-99  1.0000000E-99
  344  2.6764735E+05  1.2975731E+00  1.0294129E+03  7.0781321E+22  8.1746368E-01  1.0000000E-99  1.0000000E-99
  345  2.6842757E+05  1.3013557E+00  1.0324137E+03  7.0607612E+22  8.2624461E-01  1.0000000E-99  1.0000000E-99
  346  2.6920779E+05  1.3051383E+00  1.0354146E+03  7.0432967E+22  8.3513693E-01  1.0000000E-99  1.0000000E-99
  347  2.6998801E+05  1.3089208E+00  1.0384154E+03  7.0257379E+22  8.4414265E-01  1.0000000E-99  1.0000000E-99
  348  2.7076823E+05  1.3127034E+00  1.0414163E+03  7.0080840E+22  8.5326384E-01  1.0000000E-99  1.0000000E-99
  349  2.7154845E+05  1.3164859E+00  1.0444171E+03  6.9903345E+22  8.6250261E-01  1.0000000E-99  1.0000000E-99
  350  2.7232867E+05  1.3202685E+00  1.0474180E+03  6.9724885E+22  8.7186114E-01  1.0000000E-99  1.0000000E-99
  351  2.7310889E+05  1.3240511E+00  1.0504188E+03  6.9545453E+22  8.8134164E-01  1.0000000E-99  1.0000000E-99
  352  2.7388911E+05  1.3278336E+00  1.0534197E+03  6.9365041E+22  8.9094641E-01  1.0000000E-99  1.0000000E-99
  353  2.7466933E+05  1.3316162E+00  1.0564205E+03  6.9183642E+22  9.0067777E-01  1.0000000E-99  1.0000000E-99
  354  2.7544955E+05  1.3353987E+00  1.0594213E+03  6.9001249E+22  9.1053812E-01  1.0000000E-99  1.0000000E-99
  355  2.7622977E+05  1.3391813E+00  1.0624222E+03  6.8817852E+22  9.2052993E-01  1.0000000E-99  1.0000000E-99
  356  2.7700999E+05  1.3429639E+00  1.0654230E+03  6.8633444E+22  9.3065571E-01  1.0000000E-99  1.0000000E-99
  357  2.7779021E+05  1.3467464E+00  1.0684239E+03  6.8448017E+22  9.4091805E-01  1.0000000E-99  1.0000000E-99
  358  2.7857043E+05  1.3505290E+00  1.0714247E+03  6.8261563E+22  9.5131961E-01  1.0000000E-99  1.0000000E-99
  359  2.7935065E+05  1.3543115E+00  1.0744256E+03  6.8074073E+22  9.6186312E-01  1.0000000E-99  1.0000000E-99
  360  2.8013087E+05  1.3580941E+00  1.0774264E+03  6.7885539E+22  9.7255136E-01  1.0000000E-99  1.0000000E-99
  361  2.8091109E+05  1.3618767E+00  1.0804273E+03  6.7695951E+22  9.8338722E-01  1.0000000E-99  1.0000000E-99
  362  2.8169131E+05  1.3656592E+00  1.0834281E+03  6.7505302E+22  9.9437363E-01  1.0000000E-99  1.0000000E-99
  363  2.8247153E+05  1.3694418E+00  1.0864290E+03  6.7313581E+22  1.0055136E+00  1.0000000E-99  1.0000000E-99
  364  2.8325175E+05  1.3732243E+00  1.0894298E+03  6.7120780E+22  1.0168103E+00  1.0000000E-99  1.0000000E-99
  365  2.8403197E+05  1.3770069E+00  1.0924306E+03  6.6926889E+22  1.0282670E+00  1.0000000E-99  1.0000000E-99
  366  2.8481219E+05  1.3807895E+00  1.0954315E+03  6.6731900E+22  1.0398867E+00  1.0000000E-99  1.0000000E-99
  367  2.8559241E+05  1.3845720E+00  1.0984323E+03  6.6535801E+22  1.0516731E+00  1.0000000E-99  1.0000000E-99
  368  2.8637263E+05  1.3883546E+00  1.1014332E+03  6.6338584E+22  1.0636295E+00  1.0000000E-99  1.0000000E-99
  369  2.8715285E+05  1.3921371E+00  1.1044340E+03  6.6140239E+22  1.0757594E+00  1.0000000E-99  1.0000000E-99
  370  2.8793307E+05  1.3959197E+00  1.1074349E+03  6.5940755E+22  1.0880667E+00  1.0000000E-99  1.0000000E-99
  371  2.8871329E+05  1.3997023E+00  1.1104357E+03  6.5740121E+22  1.1005549E+00  1.0000000E-99  1.0000000E-99
  372  2.8949351E+05  1.4034848E+00  1.1134366E+03  6.5538328E+22  1.1132281E+00  1.0000000E-99  1.0000000E-99
  373  2.9027373E+05  1.4072674E+00  1.1164374E+03  6.5335365E+22  1.1260902E+00  1.0000000E-99  1.0000000E-99
  374  2.9105394E+05  1.4110499E+00  1.1194382E+03  6.5131220E+22  1.1391453E+00  1.0000000E-99  1.0000000E-99
  375  2.9183416E+05  1.4148325E+00  1.1224391E+03  6.4925882E+22  1.1523977E+00  1.0000000E-99  1.0000000E-99
  376  2.9261438E+05  1.4186151E+00  1.1254399E+03  6.4719341E+22  1.1658517E+00  1.0000000E-99  1.0000000E-99
  377  2.9339460E+05  1.4223976E+00  1.1284408E+03  6.4511584E+22  1.1795118E+00  1.0000000E-99  1.0000000E-99
  378  2.9417482E+05  1.4261802E+00  1.1314416E+03  6.4302601E+22  1.1933826E+00  1.0000000E-99  1.0000000E-99
  379  2.9495504E+05  1.4299627E+00  1.1344425E+03  6.4092377E+22  1.2074689E+00  1.0000000E-99  1.0000000E-99
  380  2.9573526E+05  1.4337453E+00  1.1374433E+03  6.3880903E+22  1.2217756E+00  1.0000000E-99  1.0000000E-99
  381  2.9651548E+05  1.4375279E+00  1.1404442E+03  6.3668164E+22  1.2363077E+00  1.0000000E-99  1.0000000E-99
  382  2.9729570E+05  1.4413104E+00  1.1434450E+03  6.3454149E+22  1.2510705E+00  1.0000000E-99  1.0000000E-99
  383  2.9807592E+05  1.4450930E+00  1.1464459E+03  6.3238845E+22  1.2660694E+00  1.0000000E-99  1.0000000E-99
  384  2.9885614E+05  1.4488755E+00  1.1494467E+03  6.3022237E+22  1.2813098E+00  1.0000000E-99  1.0000000E-99
  385  2.9963636E+05  1.4526581E+00  1.1524475E+03  6.2804314E+22  1.2967975E+00  1.0000000E-99  1.0000000E-99
  386  3.0041658E+05  1.4564407E+00  1.1554484E+03  6.2585060E+22  1.3125385E+00  1.0000000E-99  1.0000000E-99
  387  3.0119680E+05  1.4602232E+00  1.1584492E+03  6.2364462E+22  1.3285387E+00  1.0000000E-99  1.0000000E-99
  388  3.0197702E+05  1.4640058E+00  1.1614501E+03  6.2142506E+22  1.3448046E+00  1.0000000E-99  1.0000000E-99
  389  3.0275724E+05  1.4677884E+00  1.1644509E+03  6.1919176E+22  1.3613425E+00  1.0000000E-99  1.0000000E-99
  390  3.0353746E+05  1.4715709E+00  1.1674518E+03  6.1694459E+22  1.3781593E+00  1.0000000E-99  1.0000000E-99
  391  3.0431768E+05  1.4753535E+00  1.1704526E+03  6.1468339E+22  1.3952618E+00  1.0000000E-99  1.0000000E-99
  392  3.0509790E+05  1.4791360E+00  1.1734535E+03  6.1240800E+22  1.4126573E+00  1.0000000E-99  1.0000000E-99
  393  3.0587812E+05  1.4829186E+00  1.1764543E+03  6.1011827E+22  1.4303530E+00  1.0000000E-99  1.0000000E-99
  394  3.0665834E+05  1.4867012E+00  1.1794552E+03  6.0781403E+22  1.4483568E+00  1.0000000E-99  1.0000000E-99
  395  3.0743856E+05  1.4904837E+00  1.1824560E+03  6.0549511E+22  1.4666765E+00  1.0000000E-99  1.0000000E-99
  396  3.0821878E+05  1.4942663E+00  1.1854568E+03  6.0316135E+22  1.4853204E+00  1.0000000E-99  1.0000000E-99
  397  3.0899900E+05  1.4980488E+00  1.1884577E+03  6.0081258E+22  1.5042968E+00  1.0000000E-99  1.0000000E-99
  398  3.0977922E+05  1.5018314E+00  1.1914585E+03  5.9844862E+22  1.5236147E+00  1.0000000E-99  1.0000000E-99
  399  3.1055944E+05  1.5056140E+00  1.1944594E+03  5.9606928E+22  1.5432831E+00  1.0000000E-99  1.0000000E-99
  400  3.1133966E+05  1.5093965E+00  1.1974602E+03  5.9367439E+22  1.5633115E+00  1.0000000E-99  1.0000000E-99
  401  3.1211988E+05  1.5131791E+00  1.2004611E+03  5.9126375E+22  1.5837096E+00  1.0000000E-99  1.0000000E-99
  402  3.1290010E+05  1.5169616E+00  1.2034619E+03  5.8883716E+22  1.6044875E+00  1.0000000E-99  1.0000000E-99
  403  3.1368032E+05  1.5207442E+00  1.2064628E+03  5.8639444E+22  1.6256559E+00  1.0000000E-99  1.0000000E-99
  404  3.1446054E+05  1.5245268E+00  1.2094636E+03  5.8393538E+22  1.6472255E+00  1.0000000E-99  1.0000000E-99
  405  3.1524076E+05  1.5283093E+00  1.2124645E+03  5.8145978E+22  1.6692077E+00  1.0000000E-99  1.0000000E-99
  406  3.1602098E+05  1.5320919E+00  1.2154653E+03  5.7896741E+22  1.6916142E+00  1.0000000E-99  1.0000000E-99
  407  3.1680120E+05  1.5358744E+00  1.2184661E+03  5.7645806E+22  1.7144573E+00  1.0000000E-99  1.0000000E-99
  408  3.1758142E+05  1.5396570E+00  1.2214670E+03  5.7393152E+22  1.7377495E+00  1.0000000E-99  1.0000000E-99
  409  3.1836164E+05  1.5434396E+00  1.2244678E+03  5.7138754E+22  1.7615041E+00  1.0000000E-99  1.0000000E-99
  410  3.1914186E+05  1.5472221E+00  1.2274687E+03  5.6882591E+22  1.7857348E+00  1.0000000E-99  1.0000000E-99
  411  3.1992208E+05  1.5510047E+00  1.2304695E+03  5.6624637E+22  1.8104557E+00  1.0000000E-99  1.0000000E-99
  412  3.2070230E+05  1.5547872E+00  1.2334704E+03  5.6364869E+22  1.8356816E+00  1.0000000E-99  1.0000000E-99
  413  3.2148252E+05  1.5585698E+00  1.2364712E+03  5.6103260E+22  1.8614280E+00  1.0000000E-99  1.0000000E-99
  414  3.2226274E+05  1.5623524E+00  1.2394721E+03  5.5839786E+22  1.8877109E+00  1.0000000E-99  1.0000000E-99
  415  3.2304296E+05  1.5661349E+00  1.2424729E+03  5.5574419E+22  1.9145470E+00  1.0000000E-99  1.0000000E-99
  416  3.2382318E+05  1.5699175E+00  1.2454738E+03  5.5307133E+22  1.9419537E+00  1.0000000E-99  1.0000000E-99
  417  3.2460340E+05  1.5737000E+00  1.2484746E+03  5.5037899E+22  1.9699492E+00  1.0000000E-99  1.0000000E-99
  418  3.2538362E+05  1.5774826E+00  1.2514754E+03  5.4766689E+22  1.9985523E+00  1.0000000E-99  1.0000000E-99
  419  3.2616384E+05  1.5812652E+00  1.2544763E+03  5.4493473E+22  2.0277829E+00  1.0000000E-99  1.0000000E-99
  420  3.2694406E+05  1.5850477E+00  1.2574771E+03  5.4218220E+22  2.0576615E+00  1.0000000E-99  1.0000000E-99
  421  3.2772428E+05  1.5888303E+00  1.2604780E+03  5.3940901E+22  2.0882096E+00  1.0000000E-99  1.0000000E-99
  422  3.2850449E+05  1.5926128E+00  1.2634788E+03  5.3661482E+22  2.1194498E+00  1.0000000E-99  1.0000000E-99
  423  3.2928471E+05  1.5963954E+00  1.2664797E+03  5.3379931E+22  2.1514055E+00  1.0000000E-99  1.0000000E-99
  424  3.3006493E+05  1.6001780E+00  1.2694805E+03  5.3096214E+22  2.1841014E+00  1.0000000E-99  1.0000000E-99
  425  3.3084515E+05  1.6039605E+00  1.2724814E+03  5.2810295E+22  2.2175631E+00  1.0000000E-99  1.0000000E-99
  426  3.3162537E+05  1.6077431E+00  1.2754822E+03  5.2522140E+22  2.2518176E+00  1.0000000E-99  1.0000000E-99
  427  3.3240559E+05  1.6115256E+00  1.2784831E+03  5.2231710E+22  2.2868932E+00  1.0000000E-99  1.0000000E-99
  428  3.3318581E+05  1.6153082E+00  1.2814839E+03  5.1938968E+22  2.3228193E+00  1.0000000E-99  1.0000000E-99
  429  3.3396603E+05  1.6190908E+00  1.2844847E+03  5.1643874E+22  2.3596270E+00  1.0000000E-99  1.0000000E-99
  430  3.3474625E+05  1.6228733E+00  1.2874856E+03  5.1346389E+22  2.3973489E+00  1.0000000E-99  1.0000000E-99
  431  3.3552647E+05  1.6266559E+00  1.2904864E+03  5.1046469E+22  2.4360190E+00  1.0000000E-99  1.0000000E-99
  432  3.3630669E+05  1.6304384E+00  1.2934873E+03  5.0744072E+22  2.4756733E+00  1.0000000E-99  1.0000000E-99
  433  3.3708691E+05  1.6342210E+00  1.2964881E+03  5.0439154E+22  2.5163496E+00  1.0000000E-99  1.0000000E-99
  434  3.3786713E+05  1.6380036E+00  1.2994890E+03  5.0131667E+22  2.5580873E+00  1.0000000E-99  1.0000000E-99
  435  3.3864735E+05  1.6417861E+00  1.3024898E+03  4.9821566E+22  2.6009284E+00  1.0000000E-99  1.0000000E-99
  436  3.3942757E+05  1.6455687E+00  1.3054907E+03  4.9508800E+22  2.6449168E+00  1.0000000E-99  1.0000000E-99
  437  3.4020779E+05  1.6493512E+00  1.3084915E+03  4.9193319E+22  2.6900989E+00  1.0000000E-99  1.0000000E-99
  438  3.4098801E+05  1.6531338E+00  1.3114924E+03  4.8875070E+22  2.7365234E+00  1.0000000E-99  1.0000000E-99
  439  3.4176823E+05  1.6569164E+00  1.3144932E+03  4.8553999E+22  2.7842421E+00  1.0000000E-99  1.0000000E-99
  440  3.4254845E+05  1.6606989E+00  1.3174940E+03  4.8230050E+22  2.8333093E+00  1.0000000E-99  1.0000000E-99
  441  3.4332867E+05  1.6644815E+00  1.3204949E+03  4.7903164E+22  2.8837828E+00  1.0000000E-99  1.0000000E-99
  442  3.4410889E+05  1.6682640E+00  1.3234957E+03  4.7573280E+22  2.9357233E+00  1.0000000E-99  1.0000000E-99
  443  3.4488911E+05  1.6720466E+00  1.3264966E+03  4.7240335E+22  2.9891953E+00  1.0000000E-99  1.0000000E-99
  444  3.4566933E+05  1.6758292E+00  1.3294974E+03  4.6904266E+22  3.0442673E+00  1.0000000E-99  1.0000000E-99
  445  3.4644955E+05  1.6796117E+00  1.3324983E+03  4.6565003E+22  3.1010116E+00  1.0000000E-99  1.0000000E-99
  446  3.4722977E+05  1.6833943E+00  1.3354991E+03  4.6222477E+22  3.1595052E+00  1.0000000E-99  1.0000000E-99
  447  3.4800999E+05  1.6871768E+00  1.3385000E+03  4.5876614E+22  3.2198296E+00  1.0000000E-99  1.0000000E-99
  448  3.4879021E+05  1.6909594E+00  1.3415008E+03  4.5527338E+22  3.2820718E+00  1.0000000E-99  1.0000000E-99
  449  3.4957043E+05  1.6947420E+00  1.3445017E+03  4.5174571E+22  3.3463243E+00  1.0000000E-99  1.0000000E-99
  450  3.5035065E+05  1.6985245E+00  1.3475025E+03  4.4818230E+22  3.4126853E+00  1.0000000E-99  1.0000000E-99
  451  3.5113087E+05  1.7023071E+00  1.3505033E+03  4.4458229E+22  3.4812601E+00  1.0000000E-99  1.0000000E-99
  452  3.5191109E+05  1.7060896E+00  1.3535042E+03  4.4094477E+22  3.5521607E+00  1.0000000E-99  1.0000000E-99
  453  3.5269131E+05  1.7098722E+00  1.3565050E+03  4.3726883E+22  3.6255069E+00  1.0000000E-99  1.0000000E-99
  454  3.5347153E+05  1.7136548E+00  1.3595059E+03  4.3355347E+22  3.7014268E+00  1.0000000E-99  1.0000000E-99
  455  3.5425175E+05  1.7174373E+00  1.3625067E+03  4.2979768E+22  3.7800579E+00  1.0000000E-99  1.0000000E-99
  456  3.5503197E+05  1.7212199E+00  1.3655076E+03  4.2600039E+22  3.8615472E+00  1.0000000E-99  1.0000000E-99
  457  3.5581219E+05  1.7250025E+00  1.3685084E+03  4.2216047E+22  3.9460531E+00  1.0000000E-99  1.0000000E-99
  458  3.5659241E+05  1.7287850E+00  1.3715093E+03  4.1827676E+22  4.0337454E+00  1.0000000E-99  1.0000000E-99
  459  3.5737263E+05  1.7325676E+00  1.3745101E+03  4.1434802E+22  4.1248072E+00  1.0000000E-99  1.0000000E-99
  460  3.5815285E+05  1.7363501E+00  1.3775109E+03  4.1037296E+22  4.2194357E+00  1.0000000E-99  1.0000000E-99
  461  3.5893307E+05  1.7401327E+00  1.3805118E+03  4.0635022E+22  4.3178441E+00  1.0000000E-99  1.0000000E-99
  462  3.5971329E+05  1.7439153E+00  1.3835126E+03  4.0227837E+22  4.4202627E+00  1.0000000E-99  1.0000000E-99
  463  3.6049351E+05  1.7476978E+00  1.3865135E+03  3.9815590E+22  4.5269409E+00  1.0000000E-99  1.0000000E-99
  464  3.6127373E+05  1.7514804E+00  1.3895143E+03  3.9398122E+22  4.6381492E+00  1.0000000E-99  1.0000000E-99
  465  3.6205395E+05  1.7552629E+00  1.3925152E+03  3.8975266E+22  4.7541818E+00  1.0000000E-99  1.0000000E-99
  466  3.6283417E+05  1.7590455E+00  1.3955160E+03  3.8546844E+22  4.8753586E+00  1.0000000E-99  1.0000000E-99
  467  3.6361439E+05  1.7628281E+00  1.3985169E+03  3.8112669E+22  5.0020285E+00  1.0000000E-99  1.0000000E-99
  468  3.6439461E+05  1.7666106E+00  1.4015177E+03  3.7672541E+22  5.1345728E+00  1.0000000E-99  1.0000000E-99
  469  3.6517482E+05  1.7703932E+00  1.4045186E+03  3.7226250E+22  5.2734090E+00  1.0000000E-99  1.0000000E-99
  470  3.6595504E+05  1.7741757E+00  1.4075194E+03  3.6773571E+22  5.4189948E+00  1.0000000E-99  1.0000000E-99
  471  3.6673526E+05  1.7779583E+00  1.4105202E+03  3.6314265E+22  5.5718337E+00  1.0000000E-99  1.0000000E-99
  472  3.6751548E+05  1.7817409E+00  1.4135211E+03  3.5848077E+22  5.7324804E+00  1.0000000E-99  1.0000000E-99
  473  3.6829570E+05  1.7855234E+00  1.4165219E+03  3.5374736E+22  5.9015479E+00  1.0000000E-99  1.0000000E-99
  474  3.6907592E+05  1.7893060E+00  1.4195228E+03  3.4893951E+22  6.0797147E+00  1.0000000E-99  1.0000000E-99
  475  3.6985614E+05  1.7930885E+00  1.4225236E+03  3.4405408E+22  6.2677346E+00  1.0000000E-99  1.0000000E-99
  476  3.7063636E+05  1.7968711E+00  1.4255245E+03  3.3908774E+22  6.4664468E+00  1.0000000E-99  1.0000000E-99
  477  3.7141658E+05  1.8006537E+00  1.4285253E+03  3.3403687E+22  6.6767886E+00  1.0000000E-99  1.0000000E-99
  478  3.7219680E+05  1.8044362E+00  1.4315262E+03  3.2889757E+22  6.8998105E+00  1.0000000E-99  1.0000000E-99
  479  3.7297702E+05  1.8082188E+00  1.4345270E+03  3.2366563E+22  7.1366929E+00  1.0000000E-99  1.0000000E-99
  480  3.7375724E+05  1.8120013E+00  1.4375279E+03  3.1833649E+22  7.3887679E+00  1.0000000E-99  1.0000000E-99
  481  3.7453746E+05  1.8157839E+00  1.4405287E+03  3.1290519E+22  7.6575438E+00  1.0000000E-99  1.0000000E-99
  482  3.7531768E+05  1.8195665E+00  1.4435295E+03  3.0736629E+22  7.9447354E+00  1.0000000E-99  1.0000000E-99
  483  3.7609790E+05  1.8233490E+00  1.4465304E+03  3.0171389E+22  8.2523007E+00  1.0000000E-99  1.0000000E-99
  484  3.7687812E+05  1.8271316E+00  1.4495312E+03  2.9594147E+22  8.5824853E+00  1.0000000E-99  1.0000000E-99
  485  3.7765834E+05  1.8309141E+00  1.4525321E+03  2.9004186E+22  8.9378776E+00  1.0000000E-99  1.0000000E-99
  486  3.7843856E+05  1.8346967E+00  1.4555329E+03  2.8400715E+22  9.3214768E+00  1.0000000E-99  1.0000000E-99
  487  3.7921878E+05  1.8384793E+00  1.4585338E+03  2.7782854E+22  9.7367774E+00  1.0000000E-99  1.0000000E-99
  488  3.7999900E+05  1.8422618E+00  1.4615346E+03  2.7149618E+22  1.0187876E+01  1.0000000E-99  1.0000000E-99
  489  3.8077922E+05  1.8460444E+00  1.4645355E+03  2.6499907E+22  1.0679608E+01  1.0000000E-99  1.0000000E-99
  490  3.8155944E+05  1.8498269E+00  1.4675363E+03  2.5832477E+22  1.1217719E+01  1.0000000E-99  1.0000000E-99
  491  3.8233966E+05  1.8536095E+00  1.4705372E+03  2.5145918E+22  1.1809093E+01  1.0000000E-99  1.0000000E-99
  492  3.8311988E+05  1.8573921E+00  1.4735380E+03  2.4438617E+22  1.2462047E+01  1.0000000E-99  1.0000000E-99
  493  3.8390010E+05  1.8611746E+00  1.4765388E+03  2.3708718E+22  1.3186727E+01  1.0000000E-99  1.0000000E-99
  494  3.8468032E+05  1.8649572E+00  1.4795397E+03  2.2954066E+22  1.3995635E+01  1.0000000E-99  1.0000000E-99
  495  3.8546054E+05  1.8687397E+00  1.4825405E+03  2.2172132E+22  1.4904360E+01  1.0000000E-99  1.0000000E-99
  496  3.8624076E+05  1.8725223E+00  1.4855414E+03  2.1359921E+22  1.5932595E+01  1.0000000E-99  1.0000000E-99
  497  3.8702098E+05  1.8763049E+00  1.4885422E+03  2.0513838E+22  1.7105576E+01  1.0000000E-99  1.0000000E-99
  498  3.8780120E+05  1.8800874E+00  1.4915431E+03  1.9629502E+22  1.8456188E+01  1.0000000E-99  1.0000000E-99
  499  3.8858142E+05  1.8838700E+00  1.4945439E+03  1.8701488E+22  2.0028101E+01  1.0000000E-99  1.0000000E-99
  500  3.8936164E+05  1.8876525E+00  1.4975448E+03  1.7722936E+22  2.1880586E+01  1.0000000E-99  1.0000000E-99
  501  3.9014186E+05  1.8914351E+00  1.5005456E+03  1.6684956E+22  2.4096173E+01  1.0000000E-99  1.0000000E-99
  502  3.9092208E+05  1.8952177E+00  1.5035465E+03  1.5575672E+22  2.6793318E+01  1.0000000E-99  1.0000000E-99
  503  3.9170230E+05  1.8990002E+00  1.5065473E+03  1.4378590E+22  3.0148355E+01  1.0000000E-99  1.0000000E-99
  504  3.9248252E+05  1.9027828E+00  1.5095481E+03  1.3069608E+22  3.4435839E+01  1.0000000E-99  1.0000000E-99
  505  3.9326274E+05  1.9065653E+00  1.5125490E+03  1.1610941E+22  4.0108166E+01  1.0000000E-99  1.0000000E-99
  506  3.9404296E+05  1.9103479E+00  1.5155498E+03  9.9368883E+21  4.7967906E+01  1.0000000E-99  1.0000000E-99
  507  3.9482318E+05  1.9141305E+00  1.5185507E+03  7.9118927E+21  5.9589869E+01  1.0000000E-99  1.0000000E-99
  508  3.9560340E+05  1.9179130E+00  1.5215515E+03  5.1364230E+21  7.8553937E+01  1.0000000E-99  1.0000000E-99
  509  3.9638362E+05  1.9216956E+00  1.5245524E+03  2.1507633E-06  1.1520612E+02  1.0000000E-99  1.0000000E-99
  510  3.9716384E+05  1.9254781E+00  1.5275532E+03  2.1507633E-06  1.1520612E+02  1.0000000E-99  1.0000000E-99
  511  3.9794406E+05  1.9292607E+00  1.5305541E+03  2.1507633E-06  1.0000000E-99  1.0000000E-99  1.0000000E-99
  512  3.9872428E+05  1.9330433E+00  1.5335549E+03  2.1507633E-06  1.0000000E-99  1.0000000E-99  1.0000000E-99
  513  3.9950450E+05  1.9368258E+00  1.5365558E+03  2.1507633E-06  1.0000000E-99  1.0000000E-99  1.0000000E-99
  514  4.0028472E+05  1.9406084E+00  1.5395566E+03  2.1507633E-06  1.0000000E-99  1.0000000E-99  1.0000000E-99
  515  4.0106494E+05  1.9443909E+00  1.5425574E+03  2.1507633E-06  1.0000000E-99  1.0000000E-99  1.0000000E-99
  516  4.0184516E+05  1.9481735E+00  1.5455583E+03  2.1507633E-06  1.0000000E-99  1.0000000E-99  1.0000000E-99
  517  4.0262537E+05  1.9519561E+00  1.5485591E+03  2.1507633E-06  1.0000000E-99  1.0000000E-99  1.0000000E-99
  518  4.0340559E+05  1.9557386E+00  1.5515600E+03  2.1507633E-06  1.0000000E-99  1.0000000E-99  1.0000000E-99
  519  4.0418581E+05  1.9595212E+00  1.5545608E+03  2.1507633E-06  1.0000000E-99  1.0000000E-99  1.0000000E-99
  520  4.0496603E+05  1.9633037E+00  1.5575617E+03  2.1507633E-06  1.0000000E-99  1.0000000E-99  1.0000000E-99
  521  4.0574625E+05  1.9670863E+00  1.5605625E+03  2.1507633E-06  1.0000000E-99  1.0000000E-99  1.0000000E-99
  522  4.0652647E+05  1.9708689E+00  1.5635634E+03  2.1507633E-06  1.0000000E-99  1.0000000E-99  1.0000000E-99
  523  4.0730669E+05  1.9746514E+00  1.5665642E+03  2.1507633E-06  1.0000000E-99  1.0000000E-99  1.0000000E-99
  524  4.0808691E+05  1.9784340E+00  1.5695651E+03  2.1507633E-06  1.0000000E-99  1.0000000E-99  1.0000000E-99
  525  4.0886713E+05  1.9822165E+00  1.5725659E+03  2.1507633E-06  1.0000000E-99  1.0000000E-99  1.0000000E-99
  526  4.0964735E+05  1.9859991E+00  1.5755667E+03  2.1507633E-06  1.0000000E-99  1.0000000E-99  1.0000000E-99
  527  4.1042757E+05  1.9897817E+00  1.5785676E+03  2.1507633E-06  1.0000000E-99  1.0000000E-99  1.0000000E-99
  528  4.1120779E+05  1.9935642E+00  1.5815684E+03  2.1507633E-06  1.0000000E-99  1.0000000E-99  1.0000000E-99
  529  4.1198801E+05  1.9973468E+00  1.5845693E+03  2.1507633E-06  1.0000000E-99  1.0000000E-99  1.0000000E-99
  530  4.1276823E+05  2.0011294E+00  1.5875701E+03  2.1507633E-06  1.0000000E-99  1.0000000E-99  1.0000000E-99
  531  4.1354845E+05  2.0049119E+00  1.5905710E+03  2.1507633E-06  1.0000000E-99  1.0000000E-99  1.0000000E-99
  532  4.1432867E+05  2.0086945E+00  1.5935718E+03  2.1507633E-06  1.0000000E-99  1.0000000E-99  1.0000000E-99
  533  4.1510889E+05  2.0124770E+00  1.5965727E+03  2.1507633E-06  1.0000000E-99  1.0000000E-99  1.0000000E-99
  534  4.1588911E+05  2.0162596E+00  1.5995735E+03  2.1507633E-06  1.0000000E-99  1.0000000E-99  1.0000000E-99
  535  4.1666933E+05  2.0200422E+00  1.6025744E+03  2.1507633E-06  1.0000000E-99  1.0000000E-99  1.0000000E-99
  536  4.1744955E+05  2.0238247E+00  1.6055752E+03  2.1507633E-06  1.0000000E-99  1.0000000E-99  1.0000000E-99
  537  4.1822977E+05  2.0276073E+00  1.6085760E+03  2.1507633E-06  1.0000000E-99  1.0000000E-99  1.0000000E-99
  538  4.1900999E+05  2.0313898E+00  1.6115769E+03  2.1507633E-06  1.0000000E-99  1.0000000E-99  1.0000000E-99
  539  4.1979021E+05  2.0351724E+00  1.6145777E+03  2.1507633E-06  1.0000000E-99  1.0000000E-99  1.0000000E-99
  540  4.2057043E+05  2.0389550E+00  1.6175786E+03  2.1507633E-06  1.0000000E-99  1.0000000E-99  1.0000000E-99
  541  4.2135065E+05  2.0427375E+00  1.6205794E+03  2.1507633E-06  1.0000000E-99  1.0000000E-99  1.0000000E-99
  542  4.2213087E+05  2.0465201E+00  1.6235803E+03  2.1507633E-06  1.0000000E-99  1.0000000E-99  1.0000000E-99
  543  4.2291109E+05  2.0503026E+00  1.6265811E+03  2.1507633E-06  1.0000000E-99  1.0000000E-99  1.0000000E-99
  544  4.2369131E+05  2.0540852E+00  1.6295820E+03  2.1507633E-06  1.0000000E-99  1.0000000E-99  1.0000000E-99
  545  4.2447153E+05  2.0578678E+00  1.6325828E+03  2.1507633E-06  1.0000000E-99  1.0000000E-99  1.0000000E-99
  546  4.2525175E+05  2.0616503E+00  1.6355836E+03  2.1507633E-06  1.0000000E-99  1.0000000E-99  1.0000000E-99
  547  4.2603197E+05  2.0654329E+00  1.6385845E+03  2.1507633E-06  1.0000000E-99  1.0000000E-99  1.0000000E-99
  548  4.2681219E+05  2.0692154E+00  1.6415853E+03  2.1507633E-06  1.0000000E-99  1.0000000E-99  1.0000000E-99
  549  4.2759241E+05  2.0729980E+00  1.6445862E+03  2.1507633E-06  1.0000000E-99  1.0000000E-99  1.0000000E-99
  550  4.2837263E+05  2.0767806E+00  1.6475870E+03  2.1507633E-06  1.0000000E-99  1.0000000E-99  1.0000000E-99
  551  4.2915285E+05  2.0805631E+00  1.6505879E+03  2.1507633E-06  1.0000000E-99  1.0000000E-99  1.0000000E-99
  552  4.2993307E+05  2.0843457E+00  1.6535887E+03  2.1507633E-06  1.0000000E-99  1.0000000E-99  1.0000000E-99
  553  4.3071329E+05  2.0881282E+00  1.6565896E+03  2.1507633E-06  1.0000000E-99  1.0000000E-99  1.0000000E-99
  554  4.3149351E+05  2.0919108E+00  1.6595904E+03  2.1507633E-06  1.0000000E-99  1.0000000E-99  1.0000000E-99
  555  4.3227373E+05  2.0956934E+00  1.6625913E+03  2.1507633E-06  1.0000000E-99  1.0000000E-99  1.0000000E-99
  556  4.3305395E+05  2.0994759E+00  1.6655921E+03  2.1507633E-06  1.0000000E-99  1.0000000E-99  1.0000000E-99
  557  4.3383417E+05  2.1032585E+00  1.6685929E+03  2.1507633E-06  1.0000000E-99  1.0000000E-99  1.0000000E-99
  558  4.3461439E+05  2.1070410E+00  1.6715938E+03  2.1507633E-06  1.0000000E-99  1.0000000E-99  1.0000000E-99
