# radiative transfer cores injected into simsky6.w40
# tag  y_pix  x_pix  M_BE(Msun)  R_BE(arcsec)  SD_emb(cm-2)  FWHM(arcsec)  Td_avg(K)  local_column(cm-2)
i04j19k15      965    73     0.1216      42.73        3e+21      69.23    13.13    2.156e+21
i04j19k15     1310  1711     0.1216      42.73        3e+21      69.23    13.13    2.396e+21
i04j19k15     1199   213     0.1216      42.73        3e+21      69.23    13.13    4.016e+21
i04j19k15     1485   483     0.1216      42.73        3e+21      69.23    13.13    4.167e+21
i04j19k15      185  1748     0.1216      42.73        3e+21      69.23    13.13      2.8e+21
i04j19k15     1394    93     0.1216      42.73        3e+21      69.23    13.13    2.325e+21
i04j19k15      103   509     0.1216      42.73        3e+21      69.23    13.13    3.529e+21
i04j19k15     1400   505     0.1216      42.73        3e+21      69.23    13.13    3.167e+21
i08j19k09      421   892     0.1218      11.77      4.8e+22      19.13     7.46    3.729e+22
i08j19k09      268  1111     0.1218      11.77      4.8e+22      19.13     7.46    4.409e+22
i08j19k09     1000  1111     0.1218      11.77      4.8e+22      19.13     7.46    4.554e+22
i08j19k09      678  1111     0.1218      11.77      4.8e+22      19.13     7.46    4.565e+22
i08j19k09      523  1111     0.1218      11.77      4.8e+22      19.13     7.46    4.437e+22
i08j19k09      858  1112     0.1218      11.77      4.8e+22      19.13     7.46    4.777e+22
i08j19k09     1571   901     0.1218      11.77      4.8e+22      19.13     7.46    3.647e+22
i08j19k09     1326   896     0.1218      11.77      4.8e+22      19.13     7.46    4.688e+22
i04j20k03      777  1420     0.1808      10.17        3e+21      15.62     9.05    3.573e+21
i04j20k03     1220  1258     0.1808      10.17        3e+21      15.62     9.05    4.202e+21
i04j20k03      227   270     0.1808      10.17        3e+21      15.62     9.05    3.236e+21
i04j20k03     1590   402     0.1808      10.17        3e+21      15.62     9.05    3.183e+21
i04j20k03     1480    49     0.1808      10.17        3e+21      15.62     9.05     2.28e+21
i04j20k03      623  1257     0.1808      10.17        3e+21      15.62     9.05    4.124e+21
i04j20k03     1314   256     0.1808      10.17        3e+21      15.62     9.05     3.27e+21
i04j20k03      704  1258     0.1808      10.17        3e+21      15.62     9.05    3.957e+21
i05j21k15      687  1013     0.2682      44.55        6e+21      70.73    10.96    7.289e+21
i05j21k15     1373   639     0.2682      44.55        6e+21      70.73    10.96    8.072e+21
i05j21k15      868   800     0.2682      44.55        6e+21      70.73    10.96    6.309e+21
i05j21k15     1213   604     0.2682      44.55        6e+21      70.73    10.96    5.526e+21
i05j21k15      262  1228     0.2682      44.55        6e+21      70.73    10.96    6.744e+21
i05j21k15      591   502     0.2682      44.55        6e+21      70.73    10.96    5.821e+21
i05j21k15      727  1523     0.2682      44.55        6e+21      70.73    10.96    7.601e+21
i05j21k15      650   605     0.2682      44.55        6e+21      70.73    10.96    6.132e+21
i04j21k01     1268   113     0.2683      20.24        3e+21      17.60    10.01    2.494e+21
i04j21k01      376   327     0.2683      20.24        3e+21      17.60    10.01    3.451e+21
i04j21k01      999   341     0.2683      20.24        3e+21      17.60    10.01    3.667e+21
i04j21k01      930  1477     0.2683      20.24        3e+21      17.60    10.01    3.999e+21
i04j21k01     1633   101     0.2683      20.24        3e+21      17.60    10.01    2.973e+21
i04j21k01     1559  1428     0.2683      20.24        3e+21      17.60    10.01    2.952e+21
i04j21k01     1412   329     0.2683      20.24        3e+21      17.60    10.01    2.975e+21
i04j21k01     1747   589     0.2683      20.24        3e+21      17.60    10.01    3.901e+21
i08j22k02      495   896     0.3981      30.10      4.8e+22      18.43     7.34    4.612e+22
i08j22k02       42  1111     0.3981      30.10      4.8e+22      18.43     7.34    4.403e+22
i08j22k02      166   891     0.3981      30.10      4.8e+22      18.43     7.34    3.453e+22
i08j22k02      989   899     0.3981      30.10      4.8e+22      18.43     7.34    4.475e+22
i08j22k02     1434   894     0.3981      30.10      4.8e+22      18.43     7.34    4.324e+22
i08j22k02      294   898     0.3981      30.10      4.8e+22      18.43     7.34    4.577e+22
i08j22k02      192  1115     0.3981      30.10      4.8e+22      18.43     7.34    6.442e+22
i08j22k02     1112  1127     0.3981      30.10      4.8e+22      18.43     7.34    5.899e+22
i04j23k08     1674  1738     0.5907      26.92        3e+21      22.78    10.05    2.789e+21
i04j23k08      523    81     0.5907      26.92        3e+21      22.78    10.05    2.219e+21
i04j23k08      808   129     0.5907      26.92        3e+21      22.78    10.05    2.674e+21
i04j23k08      475   358     0.5907      26.92        3e+21      22.78    10.05    4.236e+21
i04j23k08      112   289     0.5907      26.92        3e+21      22.78    10.05    2.966e+21
i04j23k08     1660   336     0.5907      26.92        3e+21      22.78    10.05    2.138e+21
i04j23k08     1588  1688     0.5907      26.92        3e+21      22.78    10.05    4.009e+21
i04j23k08      120   217     0.5907      26.92        3e+21      22.78    10.05    4.109e+21
i04j24k15      395    79     0.8765      51.73        3e+21      73.33    11.72    3.147e+21
i04j24k15     1605   188     0.8765      51.73        3e+21      73.33    11.72    2.251e+21
i04j24k15      124   406     0.8765      51.73        3e+21      73.33    11.72    3.973e+21
i04j24k15      459   782     0.8765      51.73        3e+21      73.33    11.72    3.912e+21
i04j24k15     1109  1650     0.8765      51.73        3e+21      73.33    11.72    3.289e+21
i04j24k15      851  1278     0.8765      51.73        3e+21      73.33    11.72    4.145e+21
i04j24k15      888   158     0.8765      51.73        3e+21      73.33    11.72    2.676e+21
i04j24k15     1075   546     0.8765      51.73        3e+21      73.33    11.72    4.075e+21
i06j24k15     1002   444     0.8770      54.88      1.2e+22      74.22     9.20    1.019e+22
i06j24k15      947   699     0.8770      54.88      1.2e+22      74.22     9.20    8.935e+21
i06j24k15      349  1528     0.8770      54.88      1.2e+22      74.22     9.20    9.388e+21
i06j24k15     1219  1542     0.8770      54.88      1.2e+22      74.22     9.20    1.131e+22
i06j24k15       66  1594     0.8770      54.88      1.2e+22      74.22     9.20    1.317e+22
i06j24k15      697  1360     0.8770      54.88      1.2e+22      74.22     9.20     1.16e+22
i06j24k15     1550  1052     0.8770      54.88      1.2e+22      74.22     9.20    9.565e+21
i06j24k15     1272  1072     0.8770      54.88      1.2e+22      74.22     9.20    1.315e+22
i05j26k14     1082   231     1.9300      74.01        6e+21      60.43    10.16    4.361e+21
i05j26k14     1528   643     1.9300      74.01        6e+21      60.43    10.16    7.664e+21
i05j26k14     1038  1635     1.9300      74.01        6e+21      60.43    10.16    4.596e+21
i05j26k14      349  1634     1.9300      74.01        6e+21      60.43    10.16    5.833e+21
i05j26k14     1105   425     1.9300      74.01        6e+21      60.43    10.16    5.473e+21
i05j26k14      105  1316     1.9300      74.01        6e+21      60.43    10.16    7.198e+21
i05j26k14     1214   828     1.9300      74.01        6e+21      60.43    10.16    7.072e+21
i05j26k14      834   716     1.9300      74.01        6e+21      60.43    10.16      7.4e+21
i06j27k14      960  1197     2.8651     119.74      1.2e+22      61.58     9.15    8.806e+21
i06j27k14      297  1362     2.8651     119.74      1.2e+22      61.58     9.15    1.085e+22
i06j27k14      428  1188     2.8651     119.74      1.2e+22      61.58     9.15    8.907e+21
i06j27k14     1291  1611     2.8651     119.74      1.2e+22      61.58     9.15    8.643e+21
i06j27k14      836   944     2.8651     119.74      1.2e+22      61.58     9.15    9.615e+21
i06j27k14      642   698     2.8651     119.74      1.2e+22      61.58     9.15    9.292e+21
i06j27k14      908  1594     2.8651     119.74      1.2e+22      61.58     9.15    9.747e+21
i06j27k14      348  1053     2.8651     119.74      1.2e+22      61.58     9.15    9.963e+21
i04j28k11      771  1281     4.2534     235.81        3e+21      32.32    12.22    4.069e+21
i04j28k11      808   346     4.2534     235.81        3e+21      32.32    12.22     4.08e+21
i04j28k11      906   320     4.2534     235.81        3e+21      32.32    12.22     3.54e+21
i04j28k11     1191   403     4.2534     235.81        3e+21      32.32    12.22    3.608e+21
i04j28k11      283   598     4.2534     235.81        3e+21      32.32    12.22    3.967e+21
i04j28k11      588  1421     4.2534     235.81        3e+21      32.32    12.22     3.81e+21
i04j28k11      453  1426     4.2534     235.81        3e+21      32.32    12.22    3.867e+21
i04j28k11     1679   574     4.2534     235.81        3e+21      32.32    12.22     3.69e+21
