# Injection truth table -- cmf2.00_n600_s2032  seed=2032
# observed-size cut FWHMSDbs in [15.0, 80.0] arcsec: 356 of 518 grid nodes retained
# Core mass function sampling:
# dN/dM proportional to M^(-2.00)  (dN/dlogM proportional to M^(-1.00))
# 600 reported masses drawn on [0.05, 6] M_sun; median 0.101 M_sun
# 1 of 600 draws discarded: the background column of the real source drawn lies outside every embedding rung
# 599 cores assigned to 67 distinct grid nodes
# drawn reported mass versus node reported mass M_SED4bs: median 0.101 versus 0.0643 M_sun, median |log10 ratio| 0.186 dex
# drawn contrast versus node contrast at the drawn column: median 1.218 versus 1.240, median |log10 ratio| 0.011 dex
# drawn observed size versus node size FWHMSDbs: median 40.6 versus 41.7 arcsec, median |log10 ratio| 0.061 dex
# target background column: median 4.88e+21 cm^-2 (5th 3.07e+21, 95th 1.54e+22)
# slope of the true masses M_BE actually assigned, above 0.10 M_sun: x = 1.67 +/- 0.10  (nominal input x = 1.00)
# slope of the true masses M_BE actually assigned, above 0.20 M_sun: x = 1.58 +/- 0.17  (nominal input x = 1.00)
# centers of injected cores must clear the footprints of the real sources by 18.2 arcsec; the footprints themselves cover 6.5% of the field
# sep_criterion=36.3"  scale_factor=1  local_Sigma/SD_emb in cm-2  T_BE in K  rho_BE in cm-3  M_BE in Msun  R_BE_as in arcsec (truncation radius of the sphere)  FWHM_SD in arcsec (observed major axis at half maximum of the model in the surface-density image, FWHMSDbs)
# id    model         x_pix  y_pix  local_Sigma  SD_emb       T_BE   rho_BE       M_BE    R_BE_as  FWHM_SD  scale
#----------------------------------------------------------------------------------------------------------------
  001  i04j16k07       338    387    2.089e+22    2.400e+22    8.24    4.688e-19  4.9715   293.15    47.41  1
  002  i04j14k07       326    312    3.424e+22    2.400e+22    8.29    3.863e-19  2.1087    99.15    49.47  1
  003  i03j12k08       245    427    1.321e+22    1.200e+22    9.67    8.537e-20  0.8945    55.27    74.38  1
  004  i03j11k08       351    446    1.013e+22    1.200e+22    9.78    5.947e-20  0.5826    49.61    73.10  1
  005  i03j11k08       539    395    1.095e+22    1.200e+22    9.78    5.947e-20  0.5826    49.61    73.10  1
  006  i03j11k08       626    474    1.048e+22    1.200e+22    9.78    5.947e-20  0.5826    49.61    73.10  1
  007  i03j11k08       244     90    9.368e+21    1.200e+22    9.78    5.947e-20  0.5826    49.61    73.10  1
  008  i03j10k08       523    285    1.056e+22    1.200e+22    9.88    4.058e-20  0.3789    46.31    71.51  1
  009  i02j10k08       859    565    8.623e+21    6.000e+21   11.28    4.053e-20  0.3793    45.79    71.36  1
  010  i02j10k08       142    678    8.080e+21    6.000e+21   11.28    4.053e-20  0.3793    45.79    71.36  1
  011  i02j10k08       887    599    6.939e+21    6.000e+21   11.28    4.053e-20  0.3793    45.79    71.36  1
  012  i02j10k08       642    362    8.978e+21    6.000e+21   11.28    4.053e-20  0.3793    45.79    71.36  1
  013  i02j10k08       878    459    6.742e+21    6.000e+21   11.28    4.053e-20  0.3793    45.79    71.36  1
  014  i02j10k08       345    210    8.822e+21    6.000e+21   11.28    4.053e-20  0.3793    45.79    71.36  1
  015  i02j10k08       371    564    8.681e+21    6.000e+21   11.28    4.053e-20  0.3793    45.79    71.36  1
  016  i02j10k08       784    588    7.916e+21    6.000e+21   11.28    4.053e-20  0.3793    45.79    71.36  1
  017  i02j09k08       449    903    5.210e+21    6.000e+21   11.45    2.620e-20  0.2468    44.54    70.98  1
  018  i02j09k08       404    635    5.235e+21    6.000e+21   11.45    2.620e-20  0.2468    44.54    70.98  1
  019  i02j09k08       575    603    6.163e+21    6.000e+21   11.45    2.620e-20  0.2468    44.54    70.98  1
  020  i02j09k08       813    573    7.528e+21    6.000e+21   11.45    2.620e-20  0.2468    44.54    70.98  1
  021  i02j09k08       593    799    4.592e+21    6.000e+21   11.45    2.620e-20  0.2468    44.54    70.98  1
  022  i02j09k08       361    134    7.610e+21    6.000e+21   11.45    2.620e-20  0.2468    44.54    70.98  1
  023  i02j09k08       476     42    7.991e+21    6.000e+21   11.45    2.620e-20  0.2468    44.54    70.98  1
  024  i02j09k08       675    724    5.736e+21    6.000e+21   11.45    2.620e-20  0.2468    44.54    70.98  1
  025  i02j09k08       869    694    6.756e+21    6.000e+21   11.45    2.620e-20  0.2468    44.54    70.98  1
  026  i02j09k08       290    681    4.902e+21    6.000e+21   11.45    2.620e-20  0.2468    44.54    70.98  1
  027  i02j09k08       266    591    5.647e+21    6.000e+21   11.45    2.620e-20  0.2468    44.54    70.98  1
  028  i03j09k08       105    172    1.182e+22    1.200e+22    9.95    2.644e-20  0.2469    44.77    70.96  1
  029  i03j09k08       449    284    9.427e+21    1.200e+22    9.95    2.644e-20  0.2469    44.77    70.96  1
  030  i03j09k08       510    356    1.060e+22    1.200e+22    9.95    2.644e-20  0.2469    44.77    70.96  1
  031  i03j09k08       618    522    1.056e+22    1.200e+22    9.95    2.644e-20  0.2469    44.77    70.96  1
  032  i02j08k08       547    859    5.945e+21    6.000e+21   11.57    1.732e-20  0.1607    43.52    70.24  1
  033  i02j08k08       147    749    5.684e+21    6.000e+21   11.57    1.732e-20  0.1607    43.52    70.24  1
  034  i02j08k08       219    773    5.803e+21    6.000e+21   11.57    1.732e-20  0.1607    43.52    70.24  1
  035  i02j08k08       683    273    5.765e+21    6.000e+21   11.57    1.732e-20  0.1607    43.52    70.24  1
  036  i02j08k08       729    381    6.020e+21    6.000e+21   11.57    1.732e-20  0.1607    43.52    70.24  1
  037  i02j08k08       932    566    5.347e+21    6.000e+21   11.57    1.732e-20  0.1607    43.52    70.24  1
  038  i02j08k08       138    715    6.705e+21    6.000e+21   11.57    1.732e-20  0.1607    43.52    70.24  1
  039  i02j08k08       828    459    5.141e+21    6.000e+21   11.57    1.732e-20  0.1607    43.52    70.24  1
  040  i02j08k08       559    223    5.950e+21    6.000e+21   11.57    1.732e-20  0.1607    43.52    70.24  1
  041  i02j08k08       636    776    4.797e+21    6.000e+21   11.57    1.732e-20  0.1607    43.52    70.24  1
  042  i02j08k08       520     52    5.173e+21    6.000e+21   11.57    1.732e-20  0.1607    43.52    70.24  1
  043  i02j08k08       686    151    4.789e+21    6.000e+21   11.57    1.732e-20  0.1607    43.52    70.24  1
  044  i02j08k08       545    553    6.685e+21    6.000e+21   11.57    1.732e-20  0.1607    43.52    70.24  1
  045  i02j08k08        77    851    6.496e+21    6.000e+21   11.57    1.732e-20  0.1607    43.52    70.24  1
  046  i02j08k08       477    727    4.484e+21    6.000e+21   11.57    1.732e-20  0.1607    43.52    70.24  1
  047  i02j08k08       731    760    5.513e+21    6.000e+21   11.57    1.732e-20  0.1607    43.52    70.24  1
  048  i02j08k08       650    206    5.598e+21    6.000e+21   11.57    1.732e-20  0.1607    43.52    70.24  1
  049  i02j08k08       186    774    5.094e+21    6.000e+21   11.57    1.732e-20  0.1607    43.52    70.24  1
  050  i02j08k08       366    640    5.567e+21    6.000e+21   11.57    1.732e-20  0.1607    43.52    70.24  1
  051  i02j08k08       574    571    6.795e+21    6.000e+21   11.57    1.732e-20  0.1607    43.52    70.24  1
  052  i02j08k08       638    267    5.953e+21    6.000e+21   11.57    1.732e-20  0.1607    43.52    70.24  1
  053  i02j08k08       886    405    6.668e+21    6.000e+21   11.57    1.732e-20  0.1607    43.52    70.24  1
  054  i02j08k08       426    709    5.479e+21    6.000e+21   11.57    1.732e-20  0.1607    43.52    70.24  1
  055  i02j08k08       674    659    6.677e+21    6.000e+21   11.57    1.732e-20  0.1607    43.52    70.24  1
  056  i02j08k08       844    847    6.666e+21    6.000e+21   11.57    1.732e-20  0.1607    43.52    70.24  1
  057  i02j08k08       274    629    5.085e+21    6.000e+21   11.57    1.732e-20  0.1607    43.52    70.24  1
  058  i02j08k08       269    836    4.436e+21    6.000e+21   11.57    1.732e-20  0.1607    43.52    70.24  1
  059  i02j08k08       469    788    5.558e+21    6.000e+21   11.57    1.732e-20  0.1607    43.52    70.24  1
  060  i02j08k08       644    639    6.662e+21    6.000e+21   11.57    1.732e-20  0.1607    43.52    70.24  1
  061  i02j08k08       286    903    4.688e+21    6.000e+21   11.57    1.732e-20  0.1607    43.52    70.24  1
  062  i02j08k08        62    924    6.268e+21    6.000e+21   11.57    1.732e-20  0.1607    43.52    70.24  1
  063  i02j08k08       892    785    4.625e+21    6.000e+21   11.57    1.732e-20  0.1607    43.52    70.24  1
  064  i01j08k08       338    745    4.141e+21    3.000e+21   13.29    1.748e-20  0.1609    43.23    69.90  1
  065  i01j08k08       589    180    4.237e+21    3.000e+21   13.29    1.748e-20  0.1609    43.23    69.90  1
  066  i01j07k08       223    880    4.144e+21    3.000e+21   13.48    1.138e-20  0.1048    42.80    69.54  1
  067  i01j07k08       792    263    3.559e+21    3.000e+21   13.48    1.138e-20  0.1048    42.80    69.54  1
  068  i01j07k08       710    928    4.330e+21    3.000e+21   13.48    1.138e-20  0.1048    42.80    69.54  1
  069  i01j07k08       329    713    4.389e+21    3.000e+21   13.48    1.138e-20  0.1048    42.80    69.54  1
  070  i01j07k08       834    937    4.350e+21    3.000e+21   13.48    1.138e-20  0.1048    42.80    69.54  1
  071  i01j07k08       205    916    3.876e+21    3.000e+21   13.48    1.138e-20  0.1048    42.80    69.54  1
  072  i01j07k08       584    107    4.320e+21    3.000e+21   13.48    1.138e-20  0.1048    42.80    69.54  1
  073  i01j07k08       653    122    3.968e+21    3.000e+21   13.48    1.138e-20  0.1048    42.80    69.54  1
  074  i01j07k08       768    125    3.918e+21    3.000e+21   13.48    1.138e-20  0.1048    42.80    69.54  1
  075  i01j07k08       687    851    4.172e+21    3.000e+21   13.48    1.138e-20  0.1048    42.80    69.54  1
  076  i01j07k08       663    801    4.333e+21    3.000e+21   13.48    1.138e-20  0.1048    42.80    69.54  1
  077  i02j07k08       833    421    5.878e+21    6.000e+21   11.65    1.151e-20  0.1047    42.76    69.32  1
  078  i02j07k08        95    890    5.368e+21    6.000e+21   11.65    1.151e-20  0.1047    42.76    69.32  1
  079  i02j07k08       297    854    4.464e+21    6.000e+21   11.65    1.151e-20  0.1047    42.76    69.32  1
  080  i02j07k08       890    735    5.650e+21    6.000e+21   11.65    1.151e-20  0.1047    42.76    69.32  1
  081  i02j07k08       146    873    4.561e+21    6.000e+21   11.65    1.151e-20  0.1047    42.76    69.32  1
  082  i02j07k08       505    662    4.481e+21    6.000e+21   11.65    1.151e-20  0.1047    42.76    69.32  1
  083  i02j07k08       661    177    4.902e+21    6.000e+21   11.65    1.151e-20  0.1047    42.76    69.32  1
  084  i02j07k08       284    737    5.001e+21    6.000e+21   11.65    1.151e-20  0.1047    42.76    69.32  1
  085  i02j07k08       318    919    4.522e+21    6.000e+21   11.65    1.151e-20  0.1047    42.76    69.32  1
  086  i02j07k08       819    163    4.467e+21    6.000e+21   11.65    1.151e-20  0.1047    42.76    69.32  1
  087  i02j07k08       180    806    4.518e+21    6.000e+21   11.65    1.151e-20  0.1047    42.76    69.32  1
  088  i02j07k08       215    639    5.808e+21    6.000e+21   11.65    1.151e-20  0.1047    42.76    69.32  1
  089  i02j07k08       615    836    4.808e+21    6.000e+21   11.65    1.151e-20  0.1047    42.76    69.32  1
  090  i02j07k08       528    133    5.753e+21    6.000e+21   11.65    1.151e-20  0.1047    42.76    69.32  1
  091  i02j07k08       458    830    4.514e+21    6.000e+21   11.65    1.151e-20  0.1047    42.76    69.32  1
  092  i02j07k08       922    835    4.517e+21    6.000e+21   11.65    1.151e-20  0.1047    42.76    69.32  1
  093  i02j07k08       696    751    5.058e+21    6.000e+21   11.65    1.151e-20  0.1047    42.76    69.32  1
  094  i02j07k08       228    676    5.706e+21    6.000e+21   11.65    1.151e-20  0.1047    42.76    69.32  1
  095  i02j07k08       394    734    5.259e+21    6.000e+21   11.65    1.151e-20  0.1047    42.76    69.32  1
  096  i02j07k08       548    827    5.952e+21    6.000e+21   11.65    1.151e-20  0.1047    42.76    69.32  1
  097  i02j07k08       108    841    5.649e+21    6.000e+21   11.65    1.151e-20  0.1047    42.76    69.32  1
  098  i02j07k08       928    733    5.923e+21    6.000e+21   11.65    1.151e-20  0.1047    42.76    69.32  1
  099  i02j07k08       853    597    6.422e+21    6.000e+21   11.65    1.151e-20  0.1047    42.76    69.32  1
  100  i02j07k08       365    933    4.610e+21    6.000e+21   11.65    1.151e-20  0.1047    42.76    69.32  1
  101  i02j07k08       443    611    5.728e+21    6.000e+21   11.65    1.151e-20  0.1047    42.76    69.32  1
  102  i02j07k08       635    234    5.585e+21    6.000e+21   11.65    1.151e-20  0.1047    42.76    69.32  1
  103  i02j07k08       550     67    4.665e+21    6.000e+21   11.65    1.151e-20  0.1047    42.76    69.32  1
  104  i02j07k08       733    883    5.698e+21    6.000e+21   11.65    1.151e-20  0.1047    42.76    69.32  1
  105  i02j07k08       856    371    4.589e+21    6.000e+21   11.65    1.151e-20  0.1047    42.76    69.32  1
  106  i02j07k08       546    655    4.980e+21    6.000e+21   11.65    1.151e-20  0.1047    42.76    69.32  1
  107  i02j07k08       417    896    4.568e+21    6.000e+21   11.65    1.151e-20  0.1047    42.76    69.32  1
  108  i02j07k08       473    637    4.739e+21    6.000e+21   11.65    1.151e-20  0.1047    42.76    69.32  1
  109  i02j07k08       784    381    4.982e+21    6.000e+21   11.65    1.151e-20  0.1047    42.76    69.32  1
  110  i02j07k08       581    859    5.165e+21    6.000e+21   11.65    1.151e-20  0.1047    42.76    69.32  1
  111  i02j07k08       332    887    4.629e+21    6.000e+21   11.65    1.151e-20  0.1047    42.76    69.32  1
  112  i02j07k08       539    604    5.671e+21    6.000e+21   11.65    1.151e-20  0.1047    42.76    69.32  1
  113  i02j07k08       129    792    5.028e+21    6.000e+21   11.65    1.151e-20  0.1047    42.76    69.32  1
  114  i02j07k08       567    930    4.525e+21    6.000e+21   11.65    1.151e-20  0.1047    42.76    69.32  1
  115  i02j07k08       559    169    4.575e+21    6.000e+21   11.65    1.151e-20  0.1047    42.76    69.32  1
  116  i02j07k08       712    793    4.505e+21    6.000e+21   11.65    1.151e-20  0.1047    42.76    69.32  1
  117  i01j06k08       636     92    3.813e+21    3.000e+21   13.60    7.757e-21  0.0683    41.90    68.40  1
  118  i01j06k08       906    299    2.925e+21    3.000e+21   13.60    7.757e-21  0.0683    41.90    68.40  1
  119  i01j06k08       752    308    3.539e+21    3.000e+21   13.60    7.757e-21  0.0683    41.90    68.40  1
  120  i01j06k08       317    808    4.048e+21    3.000e+21   13.60    7.757e-21  0.0683    41.90    68.40  1
  121  i01j06k08       834    297    3.568e+21    3.000e+21   13.60    7.757e-21  0.0683    41.90    68.40  1
  122  i01j06k08       885    158    2.896e+21    3.000e+21   13.60    7.757e-21  0.0683    41.90    68.40  1
  123  i01j06k08       645    905    3.696e+21    3.000e+21   13.60    7.757e-21  0.0683    41.90    68.40  1
  124  i01j06k08       700    108    3.555e+21    3.000e+21   13.60    7.757e-21  0.0683    41.90    68.40  1
  125  i01j06k08       596    150    3.902e+21    3.000e+21   13.60    7.757e-21  0.0683    41.90    68.40  1
  126  i01j06k08       784    337    3.803e+21    3.000e+21   13.60    7.757e-21  0.0683    41.90    68.40  1
  127  i01j06k08       856    325    3.546e+21    3.000e+21   13.60    7.757e-21  0.0683    41.90    68.40  1
  128  i01j06k08       752    267    3.516e+21    3.000e+21   13.60    7.757e-21  0.0683    41.90    68.40  1
  129  i01j06k08       631     42    3.811e+21    3.000e+21   13.60    7.757e-21  0.0683    41.90    68.40  1
  130  i01j06k08       590     65    3.997e+21    3.000e+21   13.60    7.757e-21  0.0683    41.90    68.40  1
  131  i01j06k08       820     82    3.138e+21    3.000e+21   13.60    7.757e-21  0.0683    41.90    68.40  1
  132  i01j06k08       904    368    3.504e+21    3.000e+21   13.60    7.757e-21  0.0683    41.90    68.40  1
  133  i01j06k08       813    348    3.713e+21    3.000e+21   13.60    7.757e-21  0.0683    41.90    68.40  1
  134  i01j06k08       848    225    3.476e+21    3.000e+21   13.60    7.757e-21  0.0683    41.90    68.40  1
  135  i01j06k08       429    809    4.001e+21    3.000e+21   13.60    7.757e-21  0.0683    41.90    68.40  1
  136  i01j06k08       824    254    3.575e+21    3.000e+21   13.60    7.757e-21  0.0683    41.90    68.40  1
  137  i01j06k08       906    103    2.684e+21    3.000e+21   13.60    7.757e-21  0.0683    41.90    68.40  1
  138  i01j06k08       805    118    3.298e+21    3.000e+21   13.60    7.757e-21  0.0683    41.90    68.40  1
  139  i01j06k08       937    315    3.464e+21    3.000e+21   13.60    7.757e-21  0.0683    41.90    68.40  1
  140  i01j06k08       179    869    4.080e+21    3.000e+21   13.60    7.757e-21  0.0683    41.90    68.40  1
  141  i01j06k08       846     54    2.996e+21    3.000e+21   13.60    7.757e-21  0.0683    41.90    68.40  1
  142  i01j06k08       673     53    3.172e+21    3.000e+21   13.60    7.757e-21  0.0683    41.90    68.40  1
  143  i01j06k08       632    934    3.767e+21    3.000e+21   13.60    7.757e-21  0.0683    41.90    68.40  1
  144  i01j06k08       678    924    3.828e+21    3.000e+21   13.60    7.757e-21  0.0683    41.90    68.40  1
  145  i01j06k08       742    103    3.453e+21    3.000e+21   13.60    7.757e-21  0.0683    41.90    68.40  1
  146  i01j06k08       924     55    2.827e+21    3.000e+21   13.60    7.757e-21  0.0683    41.90    68.40  1
  147  i01j06k08       677    893    4.014e+21    3.000e+21   13.60    7.757e-21  0.0683    41.90    68.40  1
  148  i01j06k08       704    824    4.366e+21    3.000e+21   13.60    7.757e-21  0.0683    41.90    68.40  1
  149  i01j06k08       671     94    3.605e+21    3.000e+21   13.60    7.757e-21  0.0683    41.90    68.40  1
  150  i01j06k08       893     60    2.713e+21    3.000e+21   13.60    7.757e-21  0.0683    41.90    68.40  1
  151  i01j06k08       872    203    3.534e+21    3.000e+21   13.60    7.757e-21  0.0683    41.90    68.40  1
  152  i01j06k08       446    663    4.216e+21    3.000e+21   13.60    7.757e-21  0.0683    41.90    68.40  1
  153  i01j06k08       735     46    3.191e+21    3.000e+21   13.60    7.757e-21  0.0683    41.90    68.40  1
  154  i01j06k08       784     75    3.287e+21    3.000e+21   13.60    7.757e-21  0.0683    41.90    68.40  1
  155  i01j06k08       411    865    4.143e+21    3.000e+21   13.60    7.757e-21  0.0683    41.90    68.40  1
  156  i01j06k08       844    143    3.212e+21    3.000e+21   13.60    7.757e-21  0.0683    41.90    68.40  1
  157  i01j06k08       806    313    3.489e+21    3.000e+21   13.60    7.757e-21  0.0683    41.90    68.40  1
  158  i01j06k08       861    267    2.993e+21    3.000e+21   13.60    7.757e-21  0.0683    41.90    68.40  1
  159  i01j06k08       937    368    3.619e+21    3.000e+21   13.60    7.757e-21  0.0683    41.90    68.40  1
  160  i01j06k08       406    785    4.119e+21    3.000e+21   13.60    7.757e-21  0.0683    41.90    68.40  1
  161  i01j06k08       364    810    4.204e+21    3.000e+21   13.60    7.757e-21  0.0683    41.90    68.40  1
  162  i01j06k08       625    166    3.963e+21    3.000e+21   13.60    7.757e-21  0.0683    41.90    68.40  1
  163  i01j06k08       934    145    2.900e+21    3.000e+21   13.60    7.757e-21  0.0683    41.90    68.40  1
  164  i01j06k08       879    349    3.507e+21    3.000e+21   13.60    7.757e-21  0.0683    41.90    68.40  1
  165  i01j06k08       934    280    3.146e+21    3.000e+21   13.60    7.757e-21  0.0683    41.90    68.40  1
  166  i01j06k08       182    937    3.833e+21    3.000e+21   13.60    7.757e-21  0.0683    41.90    68.40  1
  167  i01j06k08       282    937    3.954e+21    3.000e+21   13.60    7.757e-21  0.0683    41.90    68.40  1
  168  i01j06k08       624    135    3.903e+21    3.000e+21   13.60    7.757e-21  0.0683    41.90    68.40  1
  169  i01j06k08       886    903    4.198e+21    3.000e+21   13.60    7.757e-21  0.0683    41.90    68.40  1
  170  i01j06k08       281    805    4.133e+21    3.000e+21   13.60    7.757e-21  0.0683    41.90    68.40  1
  171  i01j06k08       932    197    2.829e+21    3.000e+21   13.60    7.757e-21  0.0683    41.90    68.40  1
  172  i01j06k08       804     52    3.175e+21    3.000e+21   13.60    7.757e-21  0.0683    41.90    68.40  1
  173  i01j06k08       652    874    3.950e+21    3.000e+21   13.60    7.757e-21  0.0683    41.90    68.40  1
  174  i01j06k08       884    238    2.687e+21    3.000e+21   13.60    7.757e-21  0.0683    41.90    68.40  1
  175  i01j06k08       842    111    2.883e+21    3.000e+21   13.60    7.757e-21  0.0683    41.90    68.40  1
  176  i01j06k08       729    288    3.923e+21    3.000e+21   13.60    7.757e-21  0.0683    41.90    68.40  1
  177  i01j06k08       703     46    3.195e+21    3.000e+21   13.60    7.757e-21  0.0683    41.90    68.40  1
  178  i01j06k08       601    937    3.959e+21    3.000e+21   13.60    7.757e-21  0.0683    41.90    68.40  1
  179  i01j06k08       868    297    3.215e+21    3.000e+21   13.60    7.757e-21  0.0683    41.90    68.40  1
  180  i01j06k08       783    293    3.304e+21    3.000e+21   13.60    7.757e-21  0.0683    41.90    68.40  1
  181  i01j06k08       926    233    2.753e+21    3.000e+21   13.60    7.757e-21  0.0683    41.90    68.40  1
  182  i01j06k08       335    776    3.988e+21    3.000e+21   13.60    7.757e-21  0.0683    41.90    68.40  1
  183  i01j06k08       228    937    3.981e+21    3.000e+21   13.60    7.757e-21  0.0683    41.90    68.40  1
  184  i01j06k08       176    906    4.024e+21    3.000e+21   13.60    7.757e-21  0.0683    41.90    68.40  1
  185  i04j13k06       269    276    4.310e+22    2.400e+22    8.10    9.957e-19  1.3734    67.07    34.57  1
  186  i04j12k03       190    216    2.532e+22    2.400e+22    7.22    1.838e-17  0.8943    62.91    20.19  1
  187  i03j11k07       224    144    1.434e+22    1.200e+22    9.42    2.387e-19  0.5824    34.79    45.97  1
  188  i03j11k07       735    545    1.522e+22    1.200e+22    9.42    2.387e-19  0.5824    34.79    45.97  1
  189  i03j11k07       218    321    1.580e+22    1.200e+22    9.42    2.387e-19  0.5824    34.79    45.97  1
  190  i05j14k05       293    313    3.839e+22    4.800e+22    7.31    2.655e-18  2.1084   144.43    26.66  1
  191  i04j10k07       179    434    1.894e+22    2.400e+22    8.51    1.667e-19  0.3795    31.58    44.57  1
  192  i03j10k07       791    513    1.632e+22    1.200e+22    9.58    1.701e-19  0.3793    30.72    44.03  1
  193  i03j10k07       559    479    1.381e+22    1.200e+22    9.58    1.701e-19  0.3793    30.72    44.03  1
  194  i03j10k07       727    509    1.657e+22    1.200e+22    9.58    1.701e-19  0.3793    30.72    44.03  1
  195  i03j10k07       356    533    1.059e+22    1.200e+22    9.58    1.701e-19  0.3793    30.72    44.03  1
  196  i03j10k07       566    370    1.338e+22    1.200e+22    9.58    1.701e-19  0.3793    30.72    44.03  1
  197  i03j10k07       593    383    1.333e+22    1.200e+22    9.58    1.701e-19  0.3793    30.72    44.03  1
  198  i03j10k07       268    399    1.206e+22    1.200e+22    9.58    1.701e-19  0.3793    30.72    44.03  1
  199  i03j10k07       561    529    1.199e+22    1.200e+22    9.58    1.701e-19  0.3793    30.72    44.03  1
  200  i03j10k07       283    380    1.475e+22    1.200e+22    9.58    1.701e-19  0.3793    30.72    44.03  1
  201  i02j10k07        85    747    7.306e+21    6.000e+21   10.67    1.710e-19  0.3794    30.14    43.84  1
  202  i04j09k07       216    536    1.836e+22    2.400e+22    8.57    1.129e-19  0.2468    29.15    43.29  1
  203  i03j09k07       838    757    1.244e+22    1.200e+22    9.72    1.145e-19  0.2471    28.64    43.00  1
  204  i03j09k07       289    401    1.118e+22    1.200e+22    9.72    1.145e-19  0.2471    28.64    43.00  1
  205  i03j09k07       740    653    9.846e+21    1.200e+22    9.72    1.145e-19  0.2471    28.64    43.00  1
  206  i03j09k07       276    464    1.298e+22    1.200e+22    9.72    1.145e-19  0.2471    28.64    43.00  1
  207  i03j09k07       678    457    1.283e+22    1.200e+22    9.72    1.145e-19  0.2471    28.64    43.00  1
  208  i02j09k07       115    936    5.197e+21    6.000e+21   10.96    1.158e-19  0.2469    28.19    42.64  1
  209  i02j09k07       179    672    6.938e+21    6.000e+21   10.96    1.158e-19  0.2469    28.19    42.64  1
  210  i02j09k07       456    868    5.222e+21    6.000e+21   10.96    1.158e-19  0.2469    28.19    42.64  1
  211  i02j09k07       305     37    8.968e+21    6.000e+21   10.96    1.158e-19  0.2469    28.19    42.64  1
  212  i02j09k07       815    834    8.232e+21    6.000e+21   10.96    1.158e-19  0.2469    28.19    42.64  1
  213  i02j09k07        71    491    8.107e+21    6.000e+21   10.96    1.158e-19  0.2469    28.19    42.64  1
  214  i02j09k07       882    513    9.163e+21    6.000e+21   10.96    1.158e-19  0.2469    28.19    42.64  1
  215  i02j09k07       788    890    7.034e+21    6.000e+21   10.96    1.158e-19  0.2469    28.19    42.64  1
  216  i03j08k07       657    413    1.225e+22    1.200e+22    9.84    7.507e-20  0.1608    27.53    42.39  1
  217  i03j08k07       345    507    1.290e+22    1.200e+22    9.84    7.507e-20  0.1608    27.53    42.39  1
  218  i03j08k07       151    172    1.217e+22    1.200e+22    9.84    7.507e-20  0.1608    27.53    42.39  1
  219  i03j08k07       582    469    1.179e+22    1.200e+22    9.84    7.507e-20  0.1608    27.53    42.39  1
  220  i02j08k07       735    565    8.116e+21    6.000e+21   11.21    7.568e-20  0.1608    27.25    42.21  1
  221  i02j08k07       389    605    6.399e+21    6.000e+21   11.21    7.568e-20  0.1608    27.25    42.21  1
  222  i02j08k07       114    769    5.862e+21    6.000e+21   11.21    7.568e-20  0.1608    27.25    42.21  1
  223  i02j08k07        57     39    8.889e+21    6.000e+21   11.21    7.568e-20  0.1608    27.25    42.21  1
  224  i02j08k07       370    170    7.314e+21    6.000e+21   11.21    7.568e-20  0.1608    27.25    42.21  1
  225  i02j08k07       718    141    5.437e+21    6.000e+21   11.21    7.568e-20  0.1608    27.25    42.21  1
  226  i02j08k07       559    113    5.992e+21    6.000e+21   11.21    7.568e-20  0.1608    27.25    42.21  1
  227  i02j08k07       771    168    7.647e+21    6.000e+21   11.21    7.568e-20  0.1608    27.25    42.21  1
  228  i02j08k07       899    691    6.381e+21    6.000e+21   11.21    7.568e-20  0.1608    27.25    42.21  1
  229  i02j08k07       414    589    6.426e+21    6.000e+21   11.21    7.568e-20  0.1608    27.25    42.21  1
  230  i02j08k07       908    917    5.730e+21    6.000e+21   11.21    7.568e-20  0.1608    27.25    42.21  1
  231  i02j08k07       339    631    7.418e+21    6.000e+21   11.21    7.568e-20  0.1608    27.25    42.21  1
  232  i02j08k07       640    293    6.198e+21    6.000e+21   11.21    7.568e-20  0.1608    27.25    42.21  1
  233  i02j08k07       109    669    8.325e+21    6.000e+21   11.21    7.568e-20  0.1608    27.25    42.21  1
  234  i02j08k07       417    178    7.744e+21    6.000e+21   11.21    7.568e-20  0.1608    27.25    42.21  1
  235  i03j07k07       431    364    1.044e+22    1.200e+22    9.93    4.927e-20  0.1047    26.84    42.00  1
  236  i03j07k07        77    565    9.647e+21    1.200e+22    9.93    4.927e-20  0.1047    26.84    42.00  1
  237  i03j07k07       620    378    9.481e+21    1.200e+22    9.93    4.927e-20  0.1047    26.84    42.00  1
  238  i03j07k07       601    551    9.790e+21    1.200e+22    9.93    4.927e-20  0.1047    26.84    42.00  1
  239  i03j07k07       302    543    9.400e+21    1.200e+22    9.93    4.927e-20  0.1047    26.84    42.00  1
  240  i03j07k07       804    736    1.209e+22    1.200e+22    9.93    4.927e-20  0.1047    26.84    42.00  1
  241  i03j07k07       586    723    9.670e+21    1.200e+22    9.93    4.927e-20  0.1047    26.84    42.00  1
  242  i03j07k07       775    460    9.433e+21    1.200e+22    9.93    4.927e-20  0.1047    26.84    42.00  1
  243  i03j07k07        86    705    9.671e+21    1.200e+22    9.93    4.927e-20  0.1047    26.84    42.00  1
  244  i03j07k07       506    214    9.046e+21    1.200e+22    9.93    4.927e-20  0.1047    26.84    42.00  1
  245  i02j07k07       325    126    7.129e+21    6.000e+21   11.39    4.978e-20  0.1048    26.62    41.72  1
  246  i02j07k07       685    336    7.695e+21    6.000e+21   11.39    4.978e-20  0.1048    26.62    41.72  1
  247  i02j07k07       466    752    5.127e+21    6.000e+21   11.39    4.978e-20  0.1048    26.62    41.72  1
  248  i02j07k07        40    891    7.011e+21    6.000e+21   11.39    4.978e-20  0.1048    26.62    41.72  1
  249  i02j07k07       516    160    6.484e+21    6.000e+21   11.39    4.978e-20  0.1048    26.62    41.72  1
  250  i02j07k07       513    700    5.743e+21    6.000e+21   11.39    4.978e-20  0.1048    26.62    41.72  1
  251  i02j07k07       659    314    7.091e+21    6.000e+21   11.39    4.978e-20  0.1048    26.62    41.72  1
  252  i02j07k07       477    911    5.567e+21    6.000e+21   11.39    4.978e-20  0.1048    26.62    41.72  1
  253  i02j07k07       405    251    7.202e+21    6.000e+21   11.39    4.978e-20  0.1048    26.62    41.72  1
  254  i02j07k07        46    547    8.203e+21    6.000e+21   11.39    4.978e-20  0.1048    26.62    41.72  1
  255  i02j07k07       914    705    6.586e+21    6.000e+21   11.39    4.978e-20  0.1048    26.62    41.72  1
  256  i02j07k07       753    918    5.828e+21    6.000e+21   11.39    4.978e-20  0.1048    26.62    41.72  1
  257  i02j07k07       405    271    7.652e+21    6.000e+21   11.39    4.978e-20  0.1048    26.62    41.72  1
  258  i02j07k07       738    705    6.514e+21    6.000e+21   11.39    4.978e-20  0.1048    26.62    41.72  1
  259  i02j07k07       241    847    5.122e+21    6.000e+21   11.39    4.978e-20  0.1048    26.62    41.72  1
  260  i02j07k07        77    455    7.440e+21    6.000e+21   11.39    4.978e-20  0.1048    26.62    41.72  1
  261  i02j07k07       114    398    8.005e+21    6.000e+21   11.39    4.978e-20  0.1048    26.62    41.72  1
  262  i02j07k07       343    182    7.635e+21    6.000e+21   11.39    4.978e-20  0.1048    26.62    41.72  1
  263  i02j07k07       801    183    5.858e+21    6.000e+21   11.39    4.978e-20  0.1048    26.62    41.72  1
  264  i02j07k07       257    117    8.064e+21    6.000e+21   11.39    4.978e-20  0.1048    26.62    41.72  1
  265  i02j07k07       312    103    8.240e+21    6.000e+21   11.39    4.978e-20  0.1048    26.62    41.72  1
  266  i02j07k07       762    720    7.195e+21    6.000e+21   11.39    4.978e-20  0.1048    26.62    41.72  1
  267  i02j07k07       905    644    7.561e+21    6.000e+21   11.39    4.978e-20  0.1048    26.62    41.72  1
  268  i02j07k07       865    741    7.573e+21    6.000e+21   11.39    4.978e-20  0.1048    26.62    41.72  1
  269  i02j07k07       129    382    8.265e+21    6.000e+21   11.39    4.978e-20  0.1048    26.62    41.72  1
  270  i02j07k07       307    623    5.876e+21    6.000e+21   11.39    4.978e-20  0.1048    26.62    41.72  1
  271  i02j07k07       552    195    5.700e+21    6.000e+21   11.39    4.978e-20  0.1048    26.62    41.72  1
  272  i02j07k07       884    851    5.679e+21    6.000e+21   11.39    4.978e-20  0.1048    26.62    41.72  1
  273  i02j07k07       413    495    7.620e+21    6.000e+21   11.39    4.978e-20  0.1048    26.62    41.72  1
  274  i01j06k07       905    132    2.897e+21    3.000e+21   13.23    3.190e-20  0.0682    26.35    41.68  1
  275  i01j06k07       474    675    4.166e+21    3.000e+21   13.23    3.190e-20  0.0682    26.35    41.68  1
  276  i01j06k07       315    759    4.125e+21    3.000e+21   13.23    3.190e-20  0.0682    26.35    41.68  1
  277  i01j06k07       646     65    3.676e+21    3.000e+21   13.23    3.190e-20  0.0682    26.35    41.68  1
  278  i01j06k07       765    246    3.756e+21    3.000e+21   13.23    3.190e-20  0.0682    26.35    41.68  1
  279  i01j06k07       828    326    3.714e+21    3.000e+21   13.23    3.190e-20  0.0682    26.35    41.68  1
  280  i01j06k07       172    844    4.208e+21    3.000e+21   13.23    3.190e-20  0.0682    26.35    41.68  1
  281  i01j06k07       806    284    3.760e+21    3.000e+21   13.23    3.190e-20  0.0682    26.35    41.68  1
  282  i01j06k07       609     93    3.944e+21    3.000e+21   13.23    3.190e-20  0.0682    26.35    41.68  1
  283  i01j06k07       786    100    3.652e+21    3.000e+21   13.23    3.190e-20  0.0682    26.35    41.68  1
  284  i01j06k07       931    120    3.013e+21    3.000e+21   13.23    3.190e-20  0.0682    26.35    41.68  1
  285  i01j06k07       320    865    4.407e+21    3.000e+21   13.23    3.190e-20  0.0682    26.35    41.68  1
  286  i01j06k07       939    340    3.586e+21    3.000e+21   13.23    3.190e-20  0.0682    26.35    41.68  1
  287  i01j06k07       765     93    3.543e+21    3.000e+21   13.23    3.190e-20  0.0682    26.35    41.68  1
  288  i01j06k07       838    343    3.930e+21    3.000e+21   13.23    3.190e-20  0.0682    26.35    41.68  1
  289  i01j06k07       896    267    2.882e+21    3.000e+21   13.23    3.190e-20  0.0682    26.35    41.68  1
  290  i01j06k07       343    858    4.519e+21    3.000e+21   13.23    3.190e-20  0.0682    26.35    41.68  1
  291  i01j06k07       823    229    3.950e+21    3.000e+21   13.23    3.190e-20  0.0682    26.35    41.68  1
  292  i01j06k07       199    889    4.044e+21    3.000e+21   13.23    3.190e-20  0.0682    26.35    41.68  1
  293  i01j06k07       723    119    3.981e+21    3.000e+21   13.23    3.190e-20  0.0682    26.35    41.68  1
  294  i01j06k07       629    191    4.389e+21    3.000e+21   13.23    3.190e-20  0.0682    26.35    41.68  1
  295  i01j06k07       404    810    3.966e+21    3.000e+21   13.23    3.190e-20  0.0682    26.35    41.68  1
  296  i01j06k07       647    147    3.977e+21    3.000e+21   13.23    3.190e-20  0.0682    26.35    41.68  1
  297  i01j06k07       559     42    4.352e+21    3.000e+21   13.23    3.190e-20  0.0682    26.35    41.68  1
  298  i01j06k07       308    785    4.217e+21    3.000e+21   13.23    3.190e-20  0.0682    26.35    41.68  1
  299  i01j06k07       608    116    4.061e+21    3.000e+21   13.23    3.190e-20  0.0682    26.35    41.68  1
  300  i01j06k07       258    927    4.206e+21    3.000e+21   13.23    3.190e-20  0.0682    26.35    41.68  1
  301  i01j06k07       758     37    3.335e+21    3.000e+21   13.23    3.190e-20  0.0682    26.35    41.68  1
  302  i01j06k07       432    835    4.041e+21    3.000e+21   13.23    3.190e-20  0.0682    26.35    41.68  1
  303  i01j06k07       721     67    3.174e+21    3.000e+21   13.23    3.190e-20  0.0682    26.35    41.68  1
  304  i01j07k07       908    883    4.489e+21    3.000e+21   12.94    4.994e-20  0.1047    26.48    41.65  1
  305  i01j07k07       675    829    4.530e+21    3.000e+21   12.94    4.994e-20  0.1047    26.48    41.65  1
  306  i01j07k07       657    937    4.131e+21    3.000e+21   12.94    4.994e-20  0.1047    26.48    41.65  1
  307  i01j07k07       356    763    4.191e+21    3.000e+21   12.94    4.994e-20  0.1047    26.48    41.65  1
  308  i01j05k07       720     92    3.297e+21    3.000e+21   13.43    2.108e-20  0.0445    26.04    41.40  1
  309  i01j05k07       804    143    3.965e+21    3.000e+21   13.43    2.108e-20  0.0445    26.04    41.40  1
  310  i01j05k07       751     80    3.326e+21    3.000e+21   13.43    2.108e-20  0.0445    26.04    41.40  1
  311  i01j05k07       688    800    4.032e+21    3.000e+21   13.43    2.108e-20  0.0445    26.04    41.40  1
  312  i01j05k07       370    750    4.094e+21    3.000e+21   13.43    2.108e-20  0.0445    26.04    41.40  1
  313  i01j05k07       627    876    4.283e+21    3.000e+21   13.43    2.108e-20  0.0445    26.04    41.40  1
  314  i01j05k07       315    835    4.039e+21    3.000e+21   13.43    2.108e-20  0.0445    26.04    41.40  1
  315  i01j05k07       828     37    3.234e+21    3.000e+21   13.43    2.108e-20  0.0445    26.04    41.40  1
  316  i01j05k07       768     53    3.252e+21    3.000e+21   13.43    2.108e-20  0.0445    26.04    41.40  1
  317  i01j05k07       694     84    3.211e+21    3.000e+21   13.43    2.108e-20  0.0445    26.04    41.40  1
  318  i01j05k07       297    824    4.069e+21    3.000e+21   13.43    2.108e-20  0.0445    26.04    41.40  1
  319  i01j05k07       342    827    4.159e+21    3.000e+21   13.43    2.108e-20  0.0445    26.04    41.40  1
  320  i01j05k07       660    765    4.359e+21    3.000e+21   13.43    2.108e-20  0.0445    26.04    41.40  1
  321  i01j05k07       204    864    4.056e+21    3.000e+21   13.43    2.108e-20  0.0445    26.04    41.40  1
  322  i01j05k07       778     37    3.249e+21    3.000e+21   13.43    2.108e-20  0.0445    26.04    41.40  1
  323  i01j05k07       621    912    4.073e+21    3.000e+21   13.43    2.108e-20  0.0445    26.04    41.40  1
  324  i01j05k07       684    780    4.223e+21    3.000e+21   13.43    2.108e-20  0.0445    26.04    41.40  1
  325  i01j05k07       901    213    2.576e+21    3.000e+21   13.43    2.108e-20  0.0445    26.04    41.40  1
  326  i01j05k07       390    939    4.155e+21    3.000e+21   13.43    2.108e-20  0.0445    26.04    41.40  1
  327  i01j05k07       903    343    3.150e+21    3.000e+21   13.43    2.108e-20  0.0445    26.04    41.40  1
  328  i01j05k07       881    324    3.138e+21    3.000e+21   13.43    2.108e-20  0.0445    26.04    41.40  1
  329  i01j05k07       683    126    4.098e+21    3.000e+21   13.43    2.108e-20  0.0445    26.04    41.40  1
  330  i01j05k07       448    690    4.138e+21    3.000e+21   13.43    2.108e-20  0.0445    26.04    41.40  1
  331  i01j05k07       902    860    4.367e+21    3.000e+21   13.43    2.108e-20  0.0445    26.04    41.40  1
  332  i01j05k07       627     69    4.129e+21    3.000e+21   13.43    2.108e-20  0.0445    26.04    41.40  1
  333  i01j05k07       921    334    3.213e+21    3.000e+21   13.43    2.108e-20  0.0445    26.04    41.40  1
  334  i01j05k07       413    830    4.210e+21    3.000e+21   13.43    2.108e-20  0.0445    26.04    41.40  1
  335  i01j05k07       864     37    3.088e+21    3.000e+21   13.43    2.108e-20  0.0445    26.04    41.40  1
  336  i01j05k07       313    740    4.181e+21    3.000e+21   13.43    2.108e-20  0.0445    26.04    41.40  1
  337  i01j05k07       192    848    4.159e+21    3.000e+21   13.43    2.108e-20  0.0445    26.04    41.40  1
  338  i01j05k07       571    147    4.107e+21    3.000e+21   13.43    2.108e-20  0.0445    26.04    41.40  1
  339  i01j05k07       743    128    4.167e+21    3.000e+21   13.43    2.108e-20  0.0445    26.04    41.40  1
  340  i01j05k07       759    332    4.110e+21    3.000e+21   13.43    2.108e-20  0.0445    26.04    41.40  1
  341  i01j05k07       662    851    4.134e+21    3.000e+21   13.43    2.108e-20  0.0445    26.04    41.40  1
  342  i01j05k07       592    207    4.425e+21    3.000e+21   13.43    2.108e-20  0.0445    26.04    41.40  1
  343  i01j05k07       203    822    4.348e+21    3.000e+21   13.43    2.108e-20  0.0445    26.04    41.40  1
  344  i01j05k07       832    364    4.182e+21    3.000e+21   13.43    2.108e-20  0.0445    26.04    41.40  1
  345  i01j05k07       387    801    4.229e+21    3.000e+21   13.43    2.108e-20  0.0445    26.04    41.40  1
  346  i01j05k07       574     84    4.187e+21    3.000e+21   13.43    2.108e-20  0.0445    26.04    41.40  1
  347  i01j05k07       938     86    2.956e+21    3.000e+21   13.43    2.108e-20  0.0445    26.04    41.40  1
  348  i01j05k07       845     85    2.965e+21    3.000e+21   13.43    2.108e-20  0.0445    26.04    41.40  1
  349  i01j05k07       783    239    4.233e+21    3.000e+21   13.43    2.108e-20  0.0445    26.04    41.40  1
  350  i01j05k07       939    173    3.084e+21    3.000e+21   13.43    2.108e-20  0.0445    26.04    41.40  1
  351  i01j05k07       698    906    4.201e+21    3.000e+21   13.43    2.108e-20  0.0445    26.04    41.40  1
  352  i01j05k07       921    860    4.228e+21    3.000e+21   13.43    2.108e-20  0.0445    26.04    41.40  1
  353  i01j05k07       454    717    4.201e+21    3.000e+21   13.43    2.108e-20  0.0445    26.04    41.40  1
  354  i01j05k07       362    783    4.360e+21    3.000e+21   13.43    2.108e-20  0.0445    26.04    41.40  1
  355  i01j05k07       392    882    4.340e+21    3.000e+21   13.43    2.108e-20  0.0445    26.04    41.40  1
  356  i01j05k07       881    377    4.240e+21    3.000e+21   13.43    2.108e-20  0.0445    26.04    41.40  1
  357  i01j05k07       435    781    4.195e+21    3.000e+21   13.43    2.108e-20  0.0445    26.04    41.40  1
  358  i01j05k07       753    373    4.247e+21    3.000e+21   13.43    2.108e-20  0.0445    26.04    41.40  1
  359  i01j05k07       442    851    4.382e+21    3.000e+21   13.43    2.108e-20  0.0445    26.04    41.40  1
  360  i01j05k07       903    194    2.639e+21    3.000e+21   13.43    2.108e-20  0.0445    26.04    41.40  1
  361  i01j05k07       341    800    4.238e+21    3.000e+21   13.43    2.108e-20  0.0445    26.04    41.40  1
  362  i01j05k07       524    630    4.353e+21    3.000e+21   13.43    2.108e-20  0.0445    26.04    41.40  1
  363  i01j05k07       880    879    4.232e+21    3.000e+21   13.43    2.108e-20  0.0445    26.04    41.40  1
  364  i01j05k07       305    723    4.305e+21    3.000e+21   13.43    2.108e-20  0.0445    26.04    41.40  1
  365  i01j05k07       160    926    4.230e+21    3.000e+21   13.43    2.108e-20  0.0445    26.04    41.40  1
  366  i01j05k07       828    210    4.284e+21    3.000e+21   13.43    2.108e-20  0.0445    26.04    41.40  1
  367  i01j05k07       261    908    4.350e+21    3.000e+21   13.43    2.108e-20  0.0445    26.04    41.40  1
  368  i01j05k07       909    804    4.311e+21    3.000e+21   13.43    2.108e-20  0.0445    26.04    41.40  1
  369  i01j05k07       911    177    2.650e+21    3.000e+21   13.43    2.108e-20  0.0445    26.04    41.40  1
  370  i01j05k07       901    324    3.157e+21    3.000e+21   13.43    2.108e-20  0.0445    26.04    41.40  1
  371  i01j05k07       376    768    4.398e+21    3.000e+21   13.43    2.108e-20  0.0445    26.04    41.40  1
  372  i01j05k07       540     37    4.367e+21    3.000e+21   13.43    2.108e-20  0.0445    26.04    41.40  1
  373  i01j05k07       611    198    4.439e+21    3.000e+21   13.43    2.108e-20  0.0445    26.04    41.40  1
  374  i01j05k07       399    843    4.356e+21    3.000e+21   13.43    2.108e-20  0.0445    26.04    41.40  1
  375  i01j05k07       917    783    4.428e+21    3.000e+21   13.43    2.108e-20  0.0445    26.04    41.40  1
  376  i01j05k07       228    905    4.321e+21    3.000e+21   13.43    2.108e-20  0.0445    26.04    41.40  1
  377  i01j05k07       606     46    4.302e+21    3.000e+21   13.43    2.108e-20  0.0445    26.04    41.40  1
  378  i01j05k07       619    893    4.379e+21    3.000e+21   13.43    2.108e-20  0.0445    26.04    41.40  1
  379  i01j05k07       390    920    4.337e+21    3.000e+21   13.43    2.108e-20  0.0445    26.04    41.40  1
  380  i01j05k07       939    255    3.052e+21    3.000e+21   13.43    2.108e-20  0.0445    26.04    41.40  1
  381  i01j05k07       298    769    4.420e+21    3.000e+21   13.43    2.108e-20  0.0445    26.04    41.40  1
  382  i01j05k07       939    454    4.308e+21    3.000e+21   13.43    2.108e-20  0.0445    26.04    41.40  1
  383  i01j05k07       862    909    4.329e+21    3.000e+21   13.43    2.108e-20  0.0445    26.04    41.40  1
  384  i01j05k07       122    918    4.574e+21    3.000e+21   13.43    2.108e-20  0.0445    26.04    41.40  1
  385  i01j05k07       883     37    2.987e+21    3.000e+21   13.43    2.108e-20  0.0445    26.04    41.40  1
  386  i01j05k07       211    846    4.408e+21    3.000e+21   13.43    2.108e-20  0.0445    26.04    41.40  1
  387  i01j05k07       887    183    3.006e+21    3.000e+21   13.43    2.108e-20  0.0445    26.04    41.40  1
  388  i01j05k07       878     97    2.655e+21    3.000e+21   13.43    2.108e-20  0.0445    26.04    41.40  1
  389  i01j05k07       578     43    4.411e+21    3.000e+21   13.43    2.108e-20  0.0445    26.04    41.40  1
  390  i01j05k07       491    684    4.426e+21    3.000e+21   13.43    2.108e-20  0.0445    26.04    41.40  1
  391  i01j05k07       934    874    4.366e+21    3.000e+21   13.43    2.108e-20  0.0445    26.04    41.40  1
  392  i01j05k07       803    240    4.413e+21    3.000e+21   13.43    2.108e-20  0.0445    26.04    41.40  1
  393  i01j05k07       362    733    4.411e+21    3.000e+21   13.43    2.108e-20  0.0445    26.04    41.40  1
  394  i01j05k07       869    139    2.902e+21    3.000e+21   13.43    2.108e-20  0.0445    26.04    41.40  1
  395  i01j05k07       746    243    4.463e+21    3.000e+21   13.43    2.108e-20  0.0445    26.04    41.40  1
  396  i01j05k07       868     65    2.867e+21    3.000e+21   13.43    2.108e-20  0.0445    26.04    41.40  1
  397  i01j05k07       815    373    4.433e+21    3.000e+21   13.43    2.108e-20  0.0445    26.04    41.40  1
  398  i01j05k07       121    895    4.423e+21    3.000e+21   13.43    2.108e-20  0.0445    26.04    41.40  1
  399  i01j05k07       506    636    4.438e+21    3.000e+21   13.43    2.108e-20  0.0445    26.04    41.40  1
  400  i01j05k07       906    249    2.782e+21    3.000e+21   13.43    2.108e-20  0.0445    26.04    41.40  1
  401  i01j05k07       430    683    4.462e+21    3.000e+21   13.43    2.108e-20  0.0445    26.04    41.40  1
  402  i02j06k07       703    303    4.790e+21    6.000e+21   11.53    3.285e-20  0.0683    26.18    41.31  1
  403  i02j06k07       258    881    5.251e+21    6.000e+21   11.53    3.285e-20  0.0683    26.18    41.31  1
  404  i02j06k07       813    394    4.919e+21    6.000e+21   11.53    3.285e-20  0.0683    26.18    41.31  1
  405  i02j06k07       179    612    7.538e+21    6.000e+21   11.53    3.285e-20  0.0683    26.18    41.31  1
  406  i02j06k07       494    159    7.304e+21    6.000e+21   11.53    3.285e-20  0.0683    26.18    41.31  1
  407  i02j06k07        91    148    7.585e+21    6.000e+21   11.53    3.285e-20  0.0683    26.18    41.31  1
  408  i02j06k07       351     53    7.575e+21    6.000e+21   11.53    3.285e-20  0.0683    26.18    41.31  1
  409  i02j06k07       444    638    4.661e+21    6.000e+21   11.53    3.285e-20  0.0683    26.18    41.31  1
  410  i02j06k07       506    553    6.997e+21    6.000e+21   11.53    3.285e-20  0.0683    26.18    41.31  1
  411  i02j06k07       447    319    7.563e+21    6.000e+21   11.53    3.285e-20  0.0683    26.18    41.31  1
  412  i02j06k07       236    747    6.394e+21    6.000e+21   11.53    3.285e-20  0.0683    26.18    41.31  1
  413  i02j06k07       801    413    5.241e+21    6.000e+21   11.53    3.285e-20  0.0683    26.18    41.31  1
  414  i02j06k07       521    910    5.366e+21    6.000e+21   11.53    3.285e-20  0.0683    26.18    41.31  1
  415  i02j06k07       610    256    5.332e+21    6.000e+21   11.53    3.285e-20  0.0683    26.18    41.31  1
  416  i02j06k07       419    931    4.702e+21    6.000e+21   11.53    3.285e-20  0.0683    26.18    41.31  1
  417  i02j06k07       903    470    5.646e+21    6.000e+21   11.53    3.285e-20  0.0683    26.18    41.31  1
  418  i02j06k07        99    792    5.420e+21    6.000e+21   11.53    3.285e-20  0.0683    26.18    41.31  1
  419  i02j06k07       255    663    5.336e+21    6.000e+21   11.53    3.285e-20  0.0683    26.18    41.31  1
  420  i02j06k07       615    348    7.307e+21    6.000e+21   11.53    3.285e-20  0.0683    26.18    41.31  1
  421  i02j06k07       582    775    4.633e+21    6.000e+21   11.53    3.285e-20  0.0683    26.18    41.31  1
  422  i02j06k07       617    665    6.847e+21    6.000e+21   11.53    3.285e-20  0.0683    26.18    41.31  1
  423  i02j06k07       911    495    5.312e+21    6.000e+21   11.53    3.285e-20  0.0683    26.18    41.31  1
  424  i02j06k07       816    884    6.623e+21    6.000e+21   11.53    3.285e-20  0.0683    26.18    41.31  1
  425  i02j06k07       320    681    4.714e+21    6.000e+21   11.53    3.285e-20  0.0683    26.18    41.31  1
  426  i02j06k07       173    752    5.645e+21    6.000e+21   11.53    3.285e-20  0.0683    26.18    41.31  1
  427  i02j06k07       595    303    6.390e+21    6.000e+21   11.53    3.285e-20  0.0683    26.18    41.31  1
  428  i02j06k07       537    688    6.753e+21    6.000e+21   11.53    3.285e-20  0.0683    26.18    41.31  1
  429  i02j06k07        64    826    5.685e+21    6.000e+21   11.53    3.285e-20  0.0683    26.18    41.31  1
  430  i02j06k07       730    823    5.761e+21    6.000e+21   11.53    3.285e-20  0.0683    26.18    41.31  1
  431  i02j06k07       627    806    4.715e+21    6.000e+21   11.53    3.285e-20  0.0683    26.18    41.31  1
  432  i02j06k07       913    605    6.819e+21    6.000e+21   11.53    3.285e-20  0.0683    26.18    41.31  1
  433  i02j06k07       763    643    7.671e+21    6.000e+21   11.53    3.285e-20  0.0683    26.18    41.31  1
  434  i02j06k07       258    685    4.859e+21    6.000e+21   11.53    3.285e-20  0.0683    26.18    41.31  1
  435  i02j06k07       725    229    6.978e+21    6.000e+21   11.53    3.285e-20  0.0683    26.18    41.31  1
  436  i02j06k07       155    813    4.663e+21    6.000e+21   11.53    3.285e-20  0.0683    26.18    41.31  1
  437  i02j06k07       497    911    5.256e+21    6.000e+21   11.53    3.285e-20  0.0683    26.18    41.31  1
  438  i02j06k07        74    803    5.417e+21    6.000e+21   11.53    3.285e-20  0.0683    26.18    41.31  1
  439  i02j06k07       162    782    4.832e+21    6.000e+21   11.53    3.285e-20  0.0683    26.18    41.31  1
  440  i02j06k07       695    569    7.555e+21    6.000e+21   11.53    3.285e-20  0.0683    26.18    41.31  1
  441  i02j06k07       763    892    6.449e+21    6.000e+21   11.53    3.285e-20  0.0683    26.18    41.31  1
  442  i02j06k07        41    792    7.471e+21    6.000e+21   11.53    3.285e-20  0.0683    26.18    41.31  1
  443  i02j06k07       268    865    5.491e+21    6.000e+21   11.53    3.285e-20  0.0683    26.18    41.31  1
  444  i02j06k07       575    269    6.490e+21    6.000e+21   11.53    3.285e-20  0.0683    26.18    41.31  1
  445  i02j06k07       867    833    6.906e+21    6.000e+21   11.53    3.285e-20  0.0683    26.18    41.31  1
  446  i02j06k07       111    730    6.408e+21    6.000e+21   11.53    3.285e-20  0.0683    26.18    41.31  1
  447  i02j06k07        59    437    6.461e+21    6.000e+21   11.53    3.285e-20  0.0683    26.18    41.31  1
  448  i02j06k07        70    781    5.796e+21    6.000e+21   11.53    3.285e-20  0.0683    26.18    41.31  1
  449  i02j06k07       167    695    6.739e+21    6.000e+21   11.53    3.285e-20  0.0683    26.18    41.31  1
  450  i02j06k07       494    618    5.777e+21    6.000e+21   11.53    3.285e-20  0.0683    26.18    41.31  1
  451  i02j06k07       851    874    5.670e+21    6.000e+21   11.53    3.285e-20  0.0683    26.18    41.31  1
  452  i02j06k07       746    411    5.443e+21    6.000e+21   11.53    3.285e-20  0.0683    26.18    41.31  1
  453  i02j06k07       522    188    7.337e+21    6.000e+21   11.53    3.285e-20  0.0683    26.18    41.31  1
  454  i02j06k07       252    730    5.581e+21    6.000e+21   11.53    3.285e-20  0.0683    26.18    41.31  1
  455  i02j06k07       880    933    5.328e+21    6.000e+21   11.53    3.285e-20  0.0683    26.18    41.31  1
  456  i02j06k07       853    397    6.251e+21    6.000e+21   11.53    3.285e-20  0.0683    26.18    41.31  1
  457  i02j05k07       933    482    4.847e+21    6.000e+21   11.63    2.133e-20  0.0444    25.98    41.23  1
  458  i02j05k07       351    912    4.713e+21    6.000e+21   11.63    2.133e-20  0.0444    25.98    41.23  1
  459  i02j05k07       439    939    4.906e+21    6.000e+21   11.63    2.133e-20  0.0444    25.98    41.23  1
  460  i02j05k07       655    687    5.387e+21    6.000e+21   11.63    2.133e-20  0.0444    25.98    41.23  1
  461  i02j05k07       929    594    5.627e+21    6.000e+21   11.63    2.133e-20  0.0444    25.98    41.23  1
  462  i02j05k07       538    934    4.649e+21    6.000e+21   11.63    2.133e-20  0.0444    25.98    41.23  1
  463  i02j05k07        67    416    5.543e+21    6.000e+21   11.63    2.133e-20  0.0444    25.98    41.23  1
  464  i02j05k07       795    214    5.496e+21    6.000e+21   11.63    2.133e-20  0.0444    25.98    41.23  1
  465  i02j05k07       606    231    4.810e+21    6.000e+21   11.63    2.133e-20  0.0444    25.98    41.23  1
  466  i02j05k07        87    917    5.945e+21    6.000e+21   11.63    2.133e-20  0.0444    25.98    41.23  1
  467  i02j05k07       627    681    5.700e+21    6.000e+21   11.63    2.133e-20  0.0444    25.98    41.23  1
  468  i02j05k07       859    487    5.798e+21    6.000e+21   11.63    2.133e-20  0.0444    25.98    41.23  1
  469  i02j05k07       140    897    4.694e+21    6.000e+21   11.63    2.133e-20  0.0444    25.98    41.23  1
  470  i02j05k07       263    784    5.087e+21    6.000e+21   11.63    2.133e-20  0.0444    25.98    41.23  1
  471  i02j05k07       741    349    5.321e+21    6.000e+21   11.63    2.133e-20  0.0444    25.98    41.23  1
  472  i02j05k07       344    666    5.081e+21    6.000e+21   11.63    2.133e-20  0.0444    25.98    41.23  1
  473  i02j05k07       453    736    5.153e+21    6.000e+21   11.63    2.133e-20  0.0444    25.98    41.23  1
  474  i02j05k07       195    658    5.550e+21    6.000e+21   11.63    2.133e-20  0.0444    25.98    41.23  1
  475  i02j05k07       629    319    6.380e+21    6.000e+21   11.63    2.133e-20  0.0444    25.98    41.23  1
  476  i02j05k07       615    627    5.663e+21    6.000e+21   11.63    2.133e-20  0.0444    25.98    41.23  1
  477  i02j05k07       389    475    6.722e+21    6.000e+21   11.63    2.133e-20  0.0444    25.98    41.23  1
  478  i02j05k07       732    728    5.273e+21    6.000e+21   11.63    2.133e-20  0.0444    25.98    41.23  1
  479  i02j05k07       770    224    5.124e+21    6.000e+21   11.63    2.133e-20  0.0444    25.98    41.23  1
  480  i02j05k07       490    768    6.618e+21    6.000e+21   11.63    2.133e-20  0.0444    25.98    41.23  1
  481  i02j05k07       746    785    5.400e+21    6.000e+21   11.63    2.133e-20  0.0444    25.98    41.23  1
  482  i02j05k07       881    759    5.053e+21    6.000e+21   11.63    2.133e-20  0.0444    25.98    41.23  1
  483  i02j05k07       883    644    6.418e+21    6.000e+21   11.63    2.133e-20  0.0444    25.98    41.23  1
  484  i02j05k07       281    570    5.757e+21    6.000e+21   11.63    2.133e-20  0.0444    25.98    41.23  1
  485  i02j05k07       711    725    5.125e+21    6.000e+21   11.63    2.133e-20  0.0444    25.98    41.23  1
  486  i02j05k07       479    849    5.895e+21    6.000e+21   11.63    2.133e-20  0.0444    25.98    41.23  1
  487  i02j05k07       578    651    5.212e+21    6.000e+21   11.63    2.133e-20  0.0444    25.98    41.23  1
  488  i02j05k07       132    827    5.168e+21    6.000e+21   11.63    2.133e-20  0.0444    25.98    41.23  1
  489  i02j05k07       313    659    5.380e+21    6.000e+21   11.63    2.133e-20  0.0444    25.98    41.23  1
  490  i02j05k07       374    692    5.608e+21    6.000e+21   11.63    2.133e-20  0.0444    25.98    41.23  1
  491  i02j05k07       421    656    4.585e+21    6.000e+21   11.63    2.133e-20  0.0444    25.98    41.23  1
  492  i02j05k07       859    638    5.723e+21    6.000e+21   11.63    2.133e-20  0.0444    25.98    41.23  1
  493  i02j05k07       835    911    4.778e+21    6.000e+21   11.63    2.133e-20  0.0444    25.98    41.23  1
  494  i02j05k07       746    936    4.760e+21    6.000e+21   11.63    2.133e-20  0.0444    25.98    41.23  1
  495  i02j05k07       709    272    5.494e+21    6.000e+21   11.63    2.133e-20  0.0444    25.98    41.23  1
  496  i02j05k07       308    603    5.612e+21    6.000e+21   11.63    2.133e-20  0.0444    25.98    41.23  1
  497  i02j05k07       584    244    5.104e+21    6.000e+21   11.63    2.133e-20  0.0444    25.98    41.23  1
  498  i02j05k07       207    800    4.699e+21    6.000e+21   11.63    2.133e-20  0.0444    25.98    41.23  1
  499  i02j05k07        45    386    6.478e+21    6.000e+21   11.63    2.133e-20  0.0444    25.98    41.23  1
  500  i02j05k07       763    351    4.510e+21    6.000e+21   11.63    2.133e-20  0.0444    25.98    41.23  1
  501  i02j05k07       864    890    4.591e+21    6.000e+21   11.63    2.133e-20  0.0444    25.98    41.23  1
  502  i02j05k07       533    169    5.774e+21    6.000e+21   11.63    2.133e-20  0.0444    25.98    41.23  1
  503  i02j05k07       736    802    5.458e+21    6.000e+21   11.63    2.133e-20  0.0444    25.98    41.23  1
  504  i02j05k07       476    700    4.663e+21    6.000e+21   11.63    2.133e-20  0.0444    25.98    41.23  1
  505  i02j05k07       563    769    5.512e+21    6.000e+21   11.63    2.133e-20  0.0444    25.98    41.23  1
  506  i02j05k07       710    248    6.580e+21    6.000e+21   11.63    2.133e-20  0.0444    25.98    41.23  1
  507  i02j05k07       776    929    5.032e+21    6.000e+21   11.63    2.133e-20  0.0444    25.98    41.23  1
  508  i02j05k07       897    830    4.849e+21    6.000e+21   11.63    2.133e-20  0.0444    25.98    41.23  1
  509  i02j05k07       907    759    4.675e+21    6.000e+21   11.63    2.133e-20  0.0444    25.98    41.23  1
  510  i02j05k07       249    619    5.650e+21    6.000e+21   11.63    2.133e-20  0.0444    25.98    41.23  1
  511  i02j05k07       719    845    5.235e+21    6.000e+21   11.63    2.133e-20  0.0444    25.98    41.23  1
  512  i02j05k07       646    664    5.683e+21    6.000e+21   11.63    2.133e-20  0.0444    25.98    41.23  1
  513  i05j13k04       293    338    4.319e+22    4.800e+22    7.16    6.858e-18  1.3732    96.94    22.45  1
  514  i05j13k04       459    433    2.478e+22    4.800e+22    7.16    6.858e-18  1.3732    96.94    22.45  1
  515  i05j13k04       302    355    3.870e+22    4.800e+22    7.16    6.858e-18  1.3732    96.94    22.45  1
  516  i05j13k04       334    353    4.008e+22    4.800e+22    7.16    6.858e-18  1.3732    96.94    22.45  1
  517  i04j11k06       220    454    2.556e+22    2.400e+22    8.19    8.069e-19  0.5826    29.27    32.17  1
  518  i04j10k06        70    655    1.879e+22    2.400e+22    8.28    6.371e-19  0.3792    22.98    29.92  1
  519  i03j10k06       422    522    1.519e+22    1.200e+22    9.08    6.594e-19  0.3795    22.10    29.49  1
  520  i03j10k06       273    244    1.729e+22    1.200e+22    9.08    6.594e-19  0.3795    22.10    29.49  1
  521  i04j09k06       286    359    2.706e+22    2.400e+22    8.38    4.674e-19  0.2472    19.72    27.88  1
  522  i03j09k06       819    659    1.522e+22    1.200e+22    9.29    4.724e-19  0.2469    19.24    27.56  1
  523  i03j09k06       420     69    1.350e+22    1.200e+22    9.29    4.724e-19  0.2469    19.24    27.56  1
  524  i03j09k06        44    259    1.339e+22    1.200e+22    9.29    4.724e-19  0.2469    19.24    27.56  1
  525  i03j09k06       652    476    1.351e+22    1.200e+22    9.29    4.724e-19  0.2469    19.24    27.56  1
  526  i03j09k06       165    572    1.759e+22    1.200e+22    9.29    4.724e-19  0.2469    19.24    27.56  1
  527  i03j09k06       130    273    1.345e+22    1.200e+22    9.29    4.724e-19  0.2469    19.24    27.56  1
  528  i03j09k06       861    517    1.312e+22    1.200e+22    9.29    4.724e-19  0.2469    19.24    27.56  1
  529  i03j09k06       185    318    1.262e+22    1.200e+22    9.29    4.724e-19  0.2469    19.24    27.56  1
  530  i02j09k06       385    177    8.777e+21    6.000e+21   10.13    4.836e-19  0.2470    18.81    27.25  1
  531  i01j09k06       305    937    5.788e+21    3.000e+21   10.80    4.838e-19  0.2469    18.61    27.15  1
  532  i04j08k06       142    470    1.931e+22    2.400e+22    8.47    3.221e-19  0.1608    18.00    26.74  1
  533  i04j08k06       272    482    2.373e+22    2.400e+22    8.47    3.221e-19  0.1608    18.00    26.74  1
  534  i04j08k06       149    488    1.855e+22    2.400e+22    8.47    3.221e-19  0.1608    18.00    26.74  1
  535  i04j08k06       729    479    2.245e+22    2.400e+22    8.47    3.221e-19  0.1608    18.00    26.74  1
  536  i04j08k06       186    163    2.390e+22    2.400e+22    8.47    3.221e-19  0.1608    18.00    26.74  1
  537  i03j08k06       164    289    1.510e+22    1.200e+22    9.50    3.197e-19  0.1608    17.78    26.65  1
  538  i03j08k06       123    606    1.639e+22    1.200e+22    9.50    3.197e-19  0.1608    17.78    26.65  1
  539  i03j08k06       106    652    1.167e+22    1.200e+22    9.50    3.197e-19  0.1608    17.78    26.65  1
  540  i03j08k06       602    418    1.019e+22    1.200e+22    9.50    3.197e-19  0.1608    17.78    26.65  1
  541  i03j08k06       809    768    1.326e+22    1.200e+22    9.50    3.197e-19  0.1608    17.78    26.65  1
  542  i02j08k06        43     64    9.632e+21    6.000e+21   10.51    3.265e-19  0.1607    17.47    26.37  1
  543  i02j08k06       712    547    9.732e+21    6.000e+21   10.51    3.265e-19  0.1607    17.47    26.37  1
  544  i02j08k06       122     74    9.338e+21    6.000e+21   10.51    3.265e-19  0.1607    17.47    26.37  1
  545  i02j07k06        69    745    7.530e+21    6.000e+21   10.86    2.114e-19  0.1048    16.86    26.00  1
  546  i03j07k06       130    187    1.129e+22    1.200e+22    9.67    2.138e-19  0.1047    16.93    25.99  1
  547  i03j06k06       472     75    1.031e+22    1.200e+22    9.80    1.402e-19  0.0682    16.48    25.62  1
  548  i01j06k06       334    844    4.621e+21    3.000e+21   12.44    1.404e-19  0.0682    16.31    25.50  1
  549  i01j06k06       819    136    3.611e+21    3.000e+21   12.44    1.404e-19  0.0682    16.31    25.50  1
  550  i02j06k06       149    363    8.844e+21    6.000e+21   11.13    1.422e-19  0.0682    16.32    25.45  1
  551  i02j06k06       642    748    5.803e+21    6.000e+21   11.13    1.422e-19  0.0682    16.32    25.45  1
  552  i02j06k06       247    827    5.496e+21    6.000e+21   11.13    1.422e-19  0.0682    16.32    25.45  1
  553  i02j06k06       833    644    6.710e+21    6.000e+21   11.13    1.422e-19  0.0682    16.32    25.45  1
  554  i02j06k06       732    678    7.926e+21    6.000e+21   11.13    1.422e-19  0.0682    16.32    25.45  1
  555  i02j06k06        51    482    7.321e+21    6.000e+21   11.13    1.422e-19  0.0682    16.32    25.45  1
  556  i02j06k06        55    152    8.800e+21    6.000e+21   11.13    1.422e-19  0.0682    16.32    25.45  1
  557  i02j06k06       935    502    5.489e+21    6.000e+21   11.13    1.422e-19  0.0682    16.32    25.45  1
  558  i02j06k06       532    213    7.318e+21    6.000e+21   11.13    1.422e-19  0.0682    16.32    25.45  1
  559  i01j04k06       821    276    3.826e+21    3.000e+21   13.16    5.827e-20  0.0289    16.10    25.43  1
  560  i01j04k06       773    314    3.533e+21    3.000e+21   13.16    5.827e-20  0.0289    16.10    25.43  1
  561  i01j04k06       357    836    4.273e+21    3.000e+21   13.16    5.827e-20  0.0289    16.10    25.43  1
  562  i01j04k06       609     75    4.277e+21    3.000e+21   13.16    5.827e-20  0.0289    16.10    25.43  1
  563  i01j04k06       803     96    3.528e+21    3.000e+21   13.16    5.827e-20  0.0289    16.10    25.43  1
  564  i03j05k06       502    517    1.150e+22    1.200e+22    9.90    9.190e-20  0.0445    16.19    25.41  1
  565  i03j05k06        47     76    9.537e+21    1.200e+22    9.90    9.190e-20  0.0445    16.19    25.41  1
  566  i02j05k06       407    678    4.980e+21    6.000e+21   11.34    9.133e-20  0.0445    16.16    25.40  1
  567  i02j05k06       378    895    4.831e+21    6.000e+21   11.34    9.133e-20  0.0445    16.16    25.40  1
  568  i02j05k06       585    833    5.605e+21    6.000e+21   11.34    9.133e-20  0.0445    16.16    25.40  1
  569  i02j05k06       849    473    5.312e+21    6.000e+21   11.34    9.133e-20  0.0445    16.16    25.40  1
  570  i02j05k06        49    872    7.557e+21    6.000e+21   11.34    9.133e-20  0.0445    16.16    25.40  1
  571  i02j05k06       708    890    4.839e+21    6.000e+21   11.34    9.133e-20  0.0445    16.16    25.40  1
  572  i02j05k06       600    877    4.825e+21    6.000e+21   11.34    9.133e-20  0.0445    16.16    25.40  1
  573  i02j05k06       680    701    5.619e+21    6.000e+21   11.34    9.133e-20  0.0445    16.16    25.40  1
  574  i02j05k06       632    851    4.951e+21    6.000e+21   11.34    9.133e-20  0.0445    16.16    25.40  1
  575  i02j05k06       751    597    7.659e+21    6.000e+21   11.34    9.133e-20  0.0445    16.16    25.40  1
  576  i01j05k06       858    161    3.941e+21    3.000e+21   12.83    9.354e-20  0.0444    15.98    25.18  1
  577  i01j05k06       873    176    3.919e+21    3.000e+21   12.83    9.354e-20  0.0444    15.98    25.18  1
  578  i01j05k06       707     75    3.404e+21    3.000e+21   12.83    9.354e-20  0.0444    15.98    25.18  1
  579  i01j03k06       654     81    3.622e+21    3.000e+21   13.37    3.904e-20  0.0188    15.87    25.15  1
  580  i01j03k06       906    389    4.283e+21    3.000e+21   13.37    3.904e-20  0.0188    15.87    25.15  1
  581  i01j03k06       651     50    3.531e+21    3.000e+21   13.37    3.904e-20  0.0188    15.87    25.15  1
  582  i01j03k06       580    133    4.234e+21    3.000e+21   13.37    3.904e-20  0.0188    15.87    25.15  1
  583  i02j04k06       917    452    4.753e+21    6.000e+21   11.49    6.197e-20  0.0289    15.80    24.99  1
  584  i02j04k06       921    768    4.821e+21    6.000e+21   11.49    6.197e-20  0.0289    15.80    24.99  1
  585  i02j04k06       687    297    5.441e+21    6.000e+21   11.49    6.197e-20  0.0289    15.80    24.99  1
  586  i02j03k06       591    907    4.584e+21    6.000e+21   11.59    4.201e-20  0.0189    15.52    24.64  1
  587  i04j10k03       484    442    2.930e+22    2.400e+22    7.23    1.854e-17  0.3794    22.50    18.83  1
  588  i04j10k05       429    438    2.170e+22    2.400e+22    7.95    2.159e-18  0.3794    19.13    22.99  1
  589  i04j10k05       463    386    1.992e+22    2.400e+22    7.95    2.159e-18  0.3794    19.13    22.99  1
  590  i04j08k05       418    409    3.001e+22    2.400e+22    8.18    1.319e-18  0.1608    12.33    19.38  1
  591  i03j08k05        68    228    1.499e+22    1.200e+22    8.90    1.329e-18  0.1609    12.07    19.28  1
  592  i02j08k05        92    396    9.791e+21    6.000e+21    9.50    1.350e-18  0.1609    11.85    19.16  1
  593  i04j09k02       162    464    2.334e+22    2.400e+22    6.95    4.770e-17  0.2471    15.68    16.98  1
  594  i03j09k02       213     99    1.472e+22    1.200e+22    7.04    4.805e-17  0.2471    15.39    16.92  1
  595  i03j07k05       144    128    1.758e+22    1.200e+22    9.17    9.131e-19  0.1047    11.00    18.55  1
  596  i01j03k05       555    144    4.443e+21    3.000e+21   12.71    1.750e-19  0.0188     9.68    17.79  1
  597  i03j08k01       541    428    1.560e+22    1.200e+22    6.74    1.331e-16  0.1610    10.88    15.58  1
  598  i05j08k03       273    325    4.850e+22    4.800e+22    7.05    1.486e-17  0.1610     8.75    15.67  1
  599  i02j07k04       704    679    8.756e+21    6.000e+21    8.82    3.753e-18  0.1048     7.52    15.75  1
