! mass-weighted dust temperature of the middle part of the cylinder, |z| < 2.032 pc, against R
!        R(AU)    cells   frac T=0       T(K)     rms(K)
   7.09119e-02       23      0.957    12.1313     0.0000
   1.48156e-01       52      0.981    18.8849     0.0000
   1.55138e-01       60      0.983    17.1869     0.0000
   1.70106e-01       61      0.984    16.4280     0.0000
   1.78123e-01       63      0.968     5.6605     1.0947
   1.86517e-01       64      0.984    15.5116     0.0000
   1.95308e-01       68      0.985    15.1838     0.0000
   2.14150e-01       72      0.986    14.8983     0.0000
   2.24243e-01       72      0.972     6.0745     0.8035
   2.34811e-01       75      0.987    14.4167     0.0000
   2.45878e-01       77      0.987    14.2067     0.0000
   2.69599e-01       81      0.975     6.8333     0.6231
   2.82305e-01       83      0.988    13.8253     0.0000
   2.95610e-01       84      0.976    10.9589     0.2282
   3.09542e-01       88      0.989    13.4836     0.0000
   3.24130e-01       86      0.988    22.5067     0.0000
   3.39406e-01       90      0.978    20.0971     5.9455
   3.55401e-01       94      0.979    18.6289     4.7923
   3.72151e-01       92      0.957     6.6485     1.3621
   3.89690e-01      100      0.980     7.7622     3.3033
   4.08055e-01       95      0.968     9.9041     0.9960
   4.27286e-01      104      0.981    17.1606     3.8824
   4.47424e-01       99      0.970    11.0158     6.2780
   4.68510e-01      108      0.963     8.6864     5.4589
   4.90590e-01      104      0.971     6.4059     2.5280
   5.13711e-01      111      0.955    10.6669     0.7221
   5.37922e-01      108      0.981    16.1042     3.4185
   5.63273e-01      115      0.948     4.4086     1.1558
   5.89819e-01      112      0.955     7.7692     4.2910
   6.17617e-01      120      0.958     7.5066     2.5831
   6.46724e-01      115      0.948     3.8496     1.2045
   6.77203e-01      122      0.959     4.7300     1.1075
   7.09119e-01      121      0.959     8.8306     3.7539
   7.42538e-01      124      0.952     7.9008     4.3887
   7.77533e-01      128      0.922     7.3430     2.5927
   8.14177e-01      126      0.921     8.3604     0.9283
   8.52548e-01      133      0.910     7.1122     1.4138
   8.92728e-01      130      0.923     9.5866     0.7850
   9.34800e-01      138      0.899     7.1744     3.3680
   9.78856e-01      134      0.896     7.7806     1.0057
   1.02499e+00      141      0.901     7.6724     1.4905
   1.07329e+00      138      0.906    11.2013     0.8602
   1.12388e+00      145      0.876     9.0958     4.0956
   1.17684e+00      143      0.867     8.7238     1.1706
   1.23231e+00      149      0.866    11.7079     3.0142
   1.29038e+00      146      0.884     4.0257     1.9911
   1.35120e+00      151      0.868    13.6817     2.3606
   1.41488e+00      152      0.855     7.2683     3.7783
   1.48156e+00      154      0.844     7.4150     1.1757
   1.55138e+00      158      0.848     6.0585     2.6650
   1.62450e+00      155      0.852     9.8169     3.7973
   1.70106e+00      164      0.817     8.8846     1.0440
   1.78123e+00      159      0.818     8.2309     0.9372
   1.86517e+00      170      0.812     5.5443     2.6767
   1.95308e+00      162      0.809     8.0165     2.3793
   2.04512e+00      173      0.798     6.3513     3.4222
   2.14150e+00      166      0.771     8.9554     2.4490
   2.24243e+00      177      0.751     9.5068     2.0779
   2.34811e+00      172      0.773     6.7532     0.9885
   2.45878e+00      180      0.750     9.1348     1.9130
   2.57465e+00      175      0.726     6.4570     1.1741
   2.69599e+00      182      0.698     8.5872     1.1972
   2.82305e+00      181      0.680     7.1032     1.9939
   2.95610e+00      185      0.692     6.1825     1.6513
   3.09542e+00      187      0.684     6.8045     1.3868
   3.24130e+00      186      0.645     7.1164     1.4555
   3.39406e+00      193      0.617     8.9565     1.9208
   3.55401e+00      189      0.603     8.5223     1.8571
   3.72151e+00      200      0.605    10.6891     1.8295
   3.89690e+00      192      0.589     8.4090     1.3160
   4.08055e+00      204      0.559     6.8266     1.5196
   4.27286e+00      195      0.528     8.5618     1.9457
   4.47424e+00      208      0.538     6.5838     1.7005
   4.68510e+00      201      0.527     9.0116     1.6393
   4.90590e+00      211      0.512     9.2485     1.6358
   5.13711e+00      205      0.512     8.4784     1.4322
   5.37922e+00      212      0.467     9.2633     1.5518
   5.63273e+00      211      0.460     8.2018     1.5272
   5.89819e+00      215      0.470     8.7927     1.2772
   6.17617e+00      217      0.442    10.1273     1.6061
   6.46724e+00      217      0.433     8.3428     1.2186
   6.77203e+00      222      0.401     8.6626     1.0586
   7.09119e+00      219      0.397     8.8572     1.5134
   7.42538e+00      230      0.396     7.8135     1.2388
   7.77533e+00      222      0.351     8.2895     1.1348
   8.14177e+00      235      0.362     9.9975     1.1577
   8.52548e+00      224      0.330     9.1537     1.5037
   8.92728e+00      239      0.339     8.9440     0.8993
   9.34800e+00      230      0.309     8.2731     0.9917
   9.78856e+00      242      0.277     9.1859     0.9894
   1.02499e+01      235      0.306     9.3550     1.2284
   1.07329e+01      242      0.244     9.5435     0.9210
   1.12388e+01      241      0.261     9.0027     1.0708
   1.17684e+01      245      0.229     9.2288     1.1043
   1.23231e+01      247      0.231     8.8860     1.1478
   1.29038e+01      248      0.214     9.0218     0.8116
   1.35120e+01      251      0.187     8.9034     0.9101
   1.41488e+01      250      0.200     8.7734     1.0778
   1.48156e+01      259      0.166     8.5154     0.8184
   1.55138e+01      251      0.175     9.5304     0.7940
   1.62450e+01      266      0.173     9.4040     0.9107
   1.70106e+01      254      0.154     9.4595     0.8184
   1.78123e+01      270      0.156     9.2209     0.7224
   1.86517e+01      258      0.132     9.2946     0.8167
   1.95308e+01      274      0.139     9.2982     0.8830
   2.04512e+01      260      0.135     8.8418     1.3962
   2.14150e+01      275      0.131     8.9981     1.3299
   2.24243e+01      264      0.136     8.9146     1.2674
   2.34811e+01      275      0.102     8.8920     1.2127
   2.45878e+01      272      0.107     8.9113     1.2180
   2.57465e+01      277      0.116     8.8890     1.1904
   2.69599e+01      278      0.108     9.0076     1.1138
   2.82305e+01      278      0.104     8.8789     1.0656
   2.95610e+01      285      0.095     8.9945     1.1760
   3.09542e+01      280      0.086     9.0285     1.0559
   3.24130e+01      292      0.075     8.9927     1.0206
   3.39406e+01      283      0.074     9.0853     0.9772
   3.55401e+01      296      0.078     9.0719     0.9142
   3.72151e+01      287      0.059     9.0407     0.9120
   3.89690e+01      301      0.063     9.0512     0.8690
   4.08055e+01      290      0.066     9.0987     0.8373
   4.27286e+01      302      0.063     9.1148     0.7994
   4.47424e+01      289      0.073     9.1789     0.8213
   4.68510e+01      301      0.050     9.1518     0.8701
   4.90590e+01      291      0.055     9.0809     0.8144
   5.13711e+01      297      0.044     9.1692     0.7983
   5.37922e+01      295      0.034     9.2663     0.7983
   5.63273e+01      293      0.038     9.1836     0.7317
   5.89819e+01      298      0.030     9.1200     0.7832
   6.17617e+01      291      0.038     9.1045     0.7510
   6.46724e+01      301      0.040     9.1538     0.7348
   6.77203e+01      291      0.021     9.1954     0.6718
   7.09119e+01      300      0.033     9.1914     0.6551
   7.42538e+01      291      0.024     9.1799     0.6791
   7.77533e+01      300      0.010     9.1461     0.6371
   8.14177e+01      290      0.024     9.1812     0.6276
   8.52548e+01      304      0.013     9.1671     0.5958
   8.92728e+01      289      0.017     9.2361     0.5876
   9.34800e+01      304      0.013     9.1602     0.5924
   9.78856e+01      289      0.000     9.1316     0.6164
   1.02499e+02      301      0.010     9.1531     0.5629
   1.07329e+02      294      0.007     9.1925     0.5640
   1.12388e+02      296      0.000     9.2169     0.5156
   1.17684e+02      299      0.000     9.2012     0.5563
   1.23231e+02      293      0.000     9.1881     0.5252
   1.29038e+02      303      0.000     9.1811     0.5218
   1.35120e+02      291      0.003     9.2138     0.4569
   1.41488e+02      306      0.000     9.2033     0.4783
   1.48156e+02      290      0.000     9.1745     0.4837
   1.55138e+02      307      0.000     9.2033     0.4620
   1.62450e+02      291      0.000     9.1807     0.4518
   1.70106e+02      308      0.000     9.2018     0.4274
   1.78123e+02      296      0.000     9.2105     0.4040
   1.86517e+02      311      0.000     9.2029     0.4215
   1.95308e+02      299      0.000     9.2146     0.4005
   2.04512e+02      319      0.000     9.2257     0.4216
   2.14150e+02      303      0.000     9.2472     0.3813
   2.24243e+02      325      0.000     9.2776     0.3933
   2.34811e+02      324      0.000     9.2191     0.3863
   2.45878e+02      324      0.000     9.2354     0.3531
   2.57465e+02      316      0.000     9.2386     0.3383
   2.69599e+02      323      0.000     9.2581     0.3485
   2.82305e+02      329      0.000     9.2666     0.3081
   2.95610e+02      329      0.000     9.2665     0.3400
   3.09542e+02      340      0.000     9.2557     0.3004
   3.24130e+02      339      0.000     9.2409     0.2904
   3.39406e+02      354      0.000     9.2718     0.2898
   3.55401e+02      352      0.000     9.2748     0.2814
   3.72151e+02      371      0.000     9.2417     0.2891
   3.89690e+02      372      0.000     9.2641     0.2810
   4.08055e+02      392      0.000     9.2523     0.2612
   4.27286e+02      397      0.000     9.2504     0.2632
   4.47424e+02      423      0.000     9.2614     0.2428
   4.68510e+02      442      0.000     9.2755     0.2529
   4.90590e+02      494      0.000     9.2942     0.2407
   5.13711e+02      480      0.000     9.2788     0.2435
   5.37922e+02      489      0.000     9.2813     0.2434
   5.63273e+02      476      0.000     9.3083     0.2190
   5.89819e+02      483      0.000     9.3113     0.2382
   6.17617e+02      475      0.000     9.3271     0.2222
   6.46724e+02      478      0.000     9.3080     0.2243
   6.77203e+02      471      0.000     9.3292     0.2138
   7.09119e+02      474      0.000     9.3494     0.1996
   7.42538e+02      467      0.000     9.3529     0.2053
   7.77533e+02      469      0.000     9.3544     0.1944
   8.14177e+02      464      0.000     9.3535     0.2012
   8.52548e+02      466      0.000     9.3648     0.1954
   8.92728e+02      461      0.000     9.3740     0.1863
   9.34800e+02      460      0.000     9.3705     0.1889
   9.78856e+02      452      0.000     9.3853     0.1790
   1.02499e+03      461      0.000     9.4019     0.1800
   1.07329e+03      446      0.000     9.4189     0.1863
   1.12388e+03      458      0.000     9.4353     0.1688
   1.17684e+03      443      0.000     9.4524     0.1609
   1.23231e+03      455      0.000     9.4786     0.1596
   1.29038e+03      439      0.000     9.4835     0.1525
   1.35120e+03      450      0.000     9.5001     0.1454
   1.41488e+03      435      0.000     9.5139     0.1373
   1.48156e+03      447      0.000     9.5480     0.1481
   1.55138e+03      431      0.000     9.5744     0.1388
   1.62450e+03      442      0.000     9.5953     0.1464
   1.70106e+03      428      0.000     9.6055     0.1267
   1.78123e+03      438      0.000     9.6432     0.1292
   1.86517e+03      424      0.000     9.6783     0.1142
   1.95308e+03      430      0.000     9.7158     0.1223
   2.04512e+03      421      0.000     9.7467     0.1158
   2.14150e+03      426      0.000     9.7867     0.1137
   2.24243e+03      418      0.000     9.8271     0.1109
   2.34811e+03      421      0.000     9.8706     0.1084
   2.45878e+03      417      0.000     9.9121     0.1055
   2.57465e+03      415      0.000     9.9583     0.1075
   2.69599e+03      413      0.000    10.0198     0.1001
   2.82305e+03      414      0.000    10.0664     0.1012
   2.95610e+03      408      0.000    10.1214     0.0949
   3.09542e+03      410      0.000    10.1835     0.0916
   3.24130e+03      403      0.000    10.2396     0.0916
   3.39406e+03      406      0.000    10.3078     0.0861
   3.55401e+03      399      0.000    10.3663     0.0923
   3.72151e+03      402      0.000    10.4294     0.0944
   3.89690e+03      394      0.000    10.5009     0.0832
   4.08055e+03      395      0.000    10.5756     0.0828
   4.27286e+03      391      0.000    10.6489     0.0821
   4.47424e+03      395      0.000    10.7244     0.0773
   4.68510e+03      385      0.000    10.8084     0.0796
   4.90590e+03      392      0.000    10.8874     0.0804
   5.13711e+03      381      0.000    10.9698     0.0716
   5.37922e+03      389      0.000    11.0574     0.0712
   5.63273e+03      377      0.000    11.1454     0.0679
   5.89819e+03      383      0.000    11.2380     0.0599
   6.17617e+03      374      0.000    11.3313     0.0620
   6.46724e+03      378      0.000    11.4291     0.0608
   6.77203e+03      371      0.000    11.5257     0.0600
   7.09119e+03      371      0.000    11.6277     0.0625
   7.42538e+03      371      0.000    11.7279     0.0658
   7.77533e+03      366      0.000    11.8345     0.0627
   8.14177e+03      367      0.000    11.9443     0.0586
   8.52548e+03      363      0.000    12.0492     0.0616
   8.92728e+03      361      0.000    12.1617     0.0610
   9.34800e+03      358      0.000    12.2756     0.0565
   9.78856e+03      360      0.000    12.3882     0.0534
   1.02499e+04      352      0.000    12.5053     0.0576
   1.07329e+04      355      0.000    12.6272     0.0603
   1.12388e+04      349      0.000    12.7485     0.0519
   1.17684e+04      352      0.000    12.8699     0.0576
   1.23231e+04      346      0.000    12.9949     0.0563
   1.29038e+04      346      0.000    13.1259     0.0573
   1.35120e+04      342      0.000    13.2525     0.0562
   1.41488e+04      342      0.000    13.3891     0.0531
   1.48156e+04      340      0.000    13.5200     0.0549
   1.55138e+04      337      0.000    13.6526     0.0506
   1.62450e+04      335      0.000    13.7926     0.0529
   1.70106e+04      335      0.000    13.9310     0.0504
   1.78123e+04      330      0.000    14.0763     0.0520
   1.86517e+04      331      0.000    14.2212     0.0558
   1.95308e+04      324      0.000    14.3619     0.0532
   2.04512e+04      328      0.000    14.5140     0.0495
   2.14150e+04      320      0.000    14.6631     0.0477
   2.24243e+04      325      0.000    14.8185     0.0505
   2.34811e+04      316      0.000    14.9712     0.0544
   2.45878e+04      319      0.000    15.1229     0.0536
   2.57465e+04      314      0.000    15.2824     0.0542
   2.69599e+04      316      0.000    15.4386     0.0493
   2.82305e+04      309      0.000    15.5973     0.0564
   2.95610e+04      313      0.000    15.7612     0.0539
   3.09542e+04      303      0.000    15.9235     0.0567
   3.24130e+04      309      0.000    16.0861     0.0572
   3.39406e+04      300      0.000    16.2515     0.0509
   3.55401e+04      305      0.000    16.4208     0.0534
   3.72151e+04      296      0.000    16.5851     0.0539
   3.89690e+04      299      0.000    16.7556     0.0518
   4.08055e+04      294      0.000    16.9201     0.0537
   4.27286e+04      293      0.000    17.0840     0.0495
   4.47424e+04      292      0.000    17.2569     0.0553
   4.68510e+04      290      0.000    17.4255     0.0523
   4.90590e+04      288      0.000    17.5954     0.0540
   5.13711e+04      287      0.000    17.7643     0.0533
   5.37922e+04      283      0.000    17.9323     0.0531
   5.63273e+04      284      0.000    18.1056     0.0554
   5.89819e+04      277      0.000    18.2696     0.0534
   6.17617e+04      281      0.000    18.4436     0.0520
   6.46724e+04      272      0.000    18.6100     0.0556
   6.77203e+04      277      0.000    18.7795     0.0520
   7.09119e+04      269      0.000    18.9508     0.0572
   7.42538e+04      272      0.000    19.1206     0.0520
   7.77533e+04      266      0.000    19.2961     0.0583
   8.14177e+04      267      0.000    19.4655     0.0502
   8.52548e+04      261      0.000    19.6495     0.0601
   8.92728e+04      266      0.000    19.8293     0.0569
   9.34800e+04      256      0.000    20.0286     0.0659
   9.78856e+04      263      0.000    20.2311     0.0676
   1.02499e+05      232      0.000    20.4335     0.0632
   1.07329e+05        4      0.000    20.6286     0.0397
