! Date: 09/09/2026  Time: 00:51:36  Created by RADMC3D compiled on Sep  9 2026 00:16    
! Alexander Men’shchikov, DAp IRFU CEA Saclay, France                         
!
! PROFILES OF DENSITIES & TEMPERATURES
!
! Note: radii in this table are cell-centered
!
! Distance (pc): 2.60000000E+02  Mass-averaged Tdust (K): 6.91991355E+00
!
!   N    RADIUS(cm)    RELZONESIZE     RADIUS(au)     RADIUS(pc)     RADIUS(as)    DENS(g/cm^3)  NUMDEN(1/cm^3)   DENSDUST       NUMDENDUST     MASSFRAC      TEMPERATURE
!
    1  9.6369136E+14  1.0076418E+00  6.4418789E+01  3.1230681E-04  2.4776457E-01  2.6317906E-19  5.6603587E+04  2.6317906E-21  5.6603587E+02       Infinity  5.2729849E+00
    2  1.9848865E+15  5.3974603E-01  1.3268147E+02  6.4324907E-04  5.1031334E-01  2.6305745E-19  5.6577432E+04  2.6305745E-21  5.6577432E+02       Infinity  6.9631503E+00
    3  3.1115384E+15  3.7986648E-01  2.0799350E+02  1.0083671E-03  7.9997498E-01  2.6282876E-19  5.6528245E+04  2.6282876E-21  5.6528245E+02       Infinity  6.6412100E+00
    4  4.3545373E+15  2.9946434E-01  2.9108284E+02  1.4111900E-03  1.1195494E+00  2.6246114E-19  5.6449180E+04  2.6246114E-21  5.6449180E+02       Infinity  6.8922461E+00
    5  5.7258981E+15  2.5126067E-01  3.8275265E+02  1.8556117E-03  1.4721256E+00  2.6191551E-19  5.6331828E+04  2.6191551E-21  5.6331828E+02       Infinity  6.9757732E+00
    6  7.2388765E+15  2.1926936E-01  4.8388901E+02  2.3459279E-03  1.8611116E+00  2.6114369E-19  5.6165827E+04  2.6114369E-21  5.6165827E+02       Infinity  6.9617520E+00
    7  8.9080971E+15  1.9658265E-01  5.9546951E+02  2.8868780E-03  2.2902674E+00  2.6008656E-19  5.5938463E+04  2.6008656E-21  5.5938463E+02       Infinity  6.9183062E+00
    8  1.0749695E+16  1.7972769E-01  7.1857270E+02  3.4836909E-03  2.7637412E+00  2.5871268E-19  5.5642975E+04  2.5871268E-21  5.5642975E+02       Infinity  6.9269031E+00
    9  1.2781470E+16  1.6676746E-01  8.5438851E+02  4.1421354E-03  3.2861096E+00  2.5689003E-19  5.5250966E+04  2.5689003E-21  5.5250966E+02       Infinity  6.8252766E+00
   10  1.5023063E+16  1.5653614E-01  1.0042297E+03  4.8685762E-03  3.8624220E+00  2.5454648E-19  5.4746924E+04  2.5454648E-21  5.4746924E+02       Infinity  6.8651311E+00
   11  1.7496140E+16  1.4828999E-01  1.1695447E+03  5.6700350E-03  4.4982490E+00  2.5157549E-19  5.4107934E+04  2.5157549E-21  5.4107934E+02       Infinity  6.9413361E+00
   12  2.0224607E+16  1.4153212E-01  1.3519315E+03  6.5542588E-03  5.1997365E+00  2.4785392E-19  5.3307514E+04  2.4785392E-21  5.3307514E+02       Infinity  6.8749434E+00
   13  2.3234838E+16  1.3591784E-01  1.5531530E+03  7.5297945E-03  5.9736652E+00  2.4325101E-19  5.2317535E+04  2.4325101E-21  5.2317535E+02       Infinity  6.8637567E+00
   14  2.6555928E+16  1.3120054E-01  1.7751541E+03  8.6060718E-03  6.8275159E+00  2.3762844E-19  5.1108253E+04  2.3762844E-21  5.1108253E+02       Infinity  6.8938261E+00
   15  3.0219981E+16  1.2719906E-01  2.0200809E+03  9.7934941E-03  7.7695420E+00  2.3084728E-19  4.9649788E+04  2.3084728E-21  4.9649788E+02       Infinity  6.9011186E+00
   16  3.4262412E+16  1.2377734E-01  2.2903008E+03  1.1103539E-02  8.8088492E+00  2.2278187E-19  4.7915109E+04  2.2278187E-21  4.7915109E+02       Infinity  6.8844219E+00
   17  3.8722298E+16  1.2083116E-01  2.5884257E+03  1.2548869E-02  9.9554835E+00  2.1333127E-19  4.5882509E+04  2.1333127E-21  4.5882509E+02       Infinity  6.8704363E+00
   18  4.3642746E+16  1.1827937E-01  2.9173374E+03  1.4143456E-02  1.1220528E+01  2.0243945E-19  4.3539935E+04  2.0243945E-21  4.3539935E+02       Infinity  6.8954812E+00
   19  4.9071319E+16  1.1605780E-01  3.2802151E+03  1.5902713E-02  1.2616212E+01  1.9011422E-19  4.0889069E+04  1.9011422E-21  4.0889069E+02       Infinity  6.8954256E+00
   20  5.5060489E+16  1.1411507E-01  3.6805664E+03  1.7843644E-02  1.4156025E+01  1.7644768E-19  3.7949721E+04  1.7644768E-21  3.7949721E+02       Infinity  6.9070932E+00
   21  6.1668149E+16  1.1240953E-01  4.1222612E+03  1.9985011E-02  1.5854851E+01  1.6162617E-19  3.4761965E+04  1.6162617E-21  3.4761965E+02       Infinity  6.8936038E+00
   22  6.8958168E+16  1.1090710E-01  4.6095688E+03  2.2347513E-02  1.7729111E+01  1.4593671E-19  3.1387533E+04  1.4593671E-21  3.1387533E+02       Infinity  6.9037715E+00
   23  7.7001013E+16  1.0957958E-01  5.1471998E+03  2.4953986E-02  1.9796922E+01  1.2975579E-19  2.7907399E+04  1.2975579E-21  2.7907399E+02       Infinity  6.9041996E+00
   24  8.5874425E+16  1.0840348E-01  5.7403508E+03  2.7829623E-02  2.2078272E+01  1.1352039E-19  2.4415550E+04  1.1352039E-21  2.4415550E+02       Infinity  6.9003645E+00
   25  9.5664176E+16  1.0735906E-01  6.3947552E+03  3.1002222E-02  2.4595212E+01  9.7688601E-20  2.1010506E+04  9.7688601E-22  2.1010506E+02       Infinity  6.9010500E+00
   26  1.0646490E+17  1.0642965E-01  7.1167387E+03  3.4502448E-02  2.7372072E+01  8.2692336E-20  1.7785164E+04  8.2692336E-22  1.7785164E+02       Infinity  6.9185354E+00
   27  1.1838098E+17  1.0560102E-01  7.9132799E+03  3.8364136E-02  3.0435692E+01  6.8889807E-20  1.4816567E+04  6.8889807E-22  1.4816567E+02       Infinity  6.9279266E+00
   28  1.3152762E+17  1.0486102E-01  8.7920782E+03  4.2624612E-02  3.3815685E+01  5.6537190E-20  1.2159812E+04  5.6537190E-22  1.2159812E+02       Infinity  6.9347027E+00
   29  1.4603188E+17  1.0419919E-01  9.7616282E+03  4.7325059E-02  3.7544724E+01  4.5770607E-20  9.8441743E+03  4.5770607E-22  9.8441743E+01       Infinity  6.9241065E+00
   30  1.6203397E+17  1.0360649E-01  1.0831302E+04  5.2510911E-02  4.1658853E+01  3.6613223E-20  7.8746379E+03  3.6613223E-22  7.8746379E+01       Infinity  6.9312044E+00
   31  1.7968856E+17  1.0307506E-01  1.2011438E+04  5.8232295E-02  4.6197839E+01  2.8993992E-20  6.2359215E+03  2.8993992E-22  6.2359215E+01       Infinity  6.9356706E+00
   32  1.9324385E+17  4.4447314E-02  1.2917553E+04  6.2625205E-02  4.9682897E+01  2.4486377E-20  5.2664403E+03  2.4486377E-22  5.2664403E+01       Infinity  6.9419662E+00
   33  2.0346089E+17  5.8217120E-02  1.3600520E+04  6.5936276E-02  5.2309693E+01  3.7659604E-20  8.0996897E+03  3.7659604E-22  8.0996897E+01       Infinity  6.9378359E+00
   34  2.2065547E+17  1.0216951E-01  1.4749907E+04  7.1508585E-02  5.6730412E+01  3.7659604E-20  8.0996897E+03  3.7659604E-22  8.0996897E+01       Infinity  6.9367621E+00
   35  2.4436378E+17  1.0178416E-01  1.6334710E+04  7.9191819E-02  6.2825807E+01  3.7659604E-20  8.0996897E+03  3.7659604E-22  8.0996897E+01       Infinity  6.9380843E+00
   36  2.7056982E+17  1.0178416E-01  1.8086475E+04  8.7684502E-02  6.9563367E+01  3.7659604E-20  8.0996897E+03  3.7659604E-22  8.0996897E+01       Infinity  6.9356154E+00
   37  3.0436125E+17  1.3156451E-01  2.0345293E+04  9.8635408E-02  7.8251127E+01  3.7659604E-20  8.0996897E+03  3.7659604E-22  8.0996897E+01       Infinity  6.9383747E+00
   38  3.5376139E+17  1.6609257E-01  2.3647488E+04  1.1464468E-01  9.0951878E+01  3.7659604E-20  8.0996897E+03  3.7659604E-22  8.0996897E+01       Infinity  6.9418409E+00
   39  4.2655279E+17  2.0355200E-01  2.8513293E+04  1.3823445E-01  1.0966651E+02  3.7659604E-20  8.0996897E+03  3.7659604E-22  8.0996897E+01       Infinity  6.9430628E+00
   40  5.3423551E+17  2.4060506E-01  3.5711438E+04  1.7313156E-01  1.3735169E+02  3.7659604E-20  8.0996897E+03  3.7659604E-22  8.0996897E+01       Infinity  6.9458952E+00
   41  6.9295612E+17  2.7260232E-01  4.6321256E+04  2.2456870E-01  1.7815868E+02  3.7659604E-20  8.0996897E+03  3.7659604E-22  8.0996897E+01       Infinity  6.9493291E+00
   42  9.2337105E+17  2.9449527E-01  6.1723542E+04  2.9924006E-01  2.3739824E+02  3.7659604E-20  8.0996897E+03  3.7659604E-22  8.0996897E+01       Infinity  6.9557669E+00
   43  1.2479652E+18  3.0229998E-01  8.3421320E+04  4.0443241E-01  3.2085123E+02  3.7659604E-20  8.0996897E+03  3.7659604E-22  8.0996897E+01       Infinity  6.9690048E+00
   44  1.6846569E+18  2.9449527E-01  1.1261235E+05  5.4595260E-01  4.3312444E+02  3.7659604E-20  8.0996897E+03  3.7659604E-22  8.0996897E+01       Infinity  6.9950830E+00
   45  2.2377228E+18  2.7260232E-01  1.4958253E+05  7.2518661E-01  5.7531743E+02  3.7659604E-20  8.0996897E+03  3.7659604E-22  8.0996897E+01       Infinity  7.0378506E+00
   46  2.8904562E+18  2.4060506E-01  1.9321506E+05  9.3672019E-01  7.4313486E+02  3.7659604E-20  8.0996897E+03  3.7659604E-22  8.0996897E+01       Infinity  7.1144990E+00
   47  3.6050979E+18  2.0355200E-01  2.4098591E+05  1.1683166E+00  9.2686887E+02  3.7659604E-20  8.0996897E+03  3.7659604E-22  8.0996897E+01       Infinity  7.2400303E+00
   48  4.3317457E+18  1.6609257E-01  2.8955931E+05  1.4038039E+00  1.1136897E+03  3.7659604E-20  8.0996897E+03  3.7659604E-22  8.0996897E+01       Infinity  7.4591622E+00
   49  5.0218282E+18  1.3156451E-01  3.3568848E+05  1.6274413E+00  1.2911095E+03  3.7659604E-20  8.0996897E+03  3.7659604E-22  8.0996897E+01       Infinity  7.9456801E+00
   50  5.6391642E+18  1.0178416E-01  3.7695484E+05  1.8275035E+00  1.4498263E+03  3.7659604E-20  8.0996897E+03  3.7659604E-22  8.0996897E+01       Infinity  1.2449482E+01
