! mass-weighted dust temperature of the middle part of the cylinder, |z| < 2.032 pc, against R
!        R(AU)    cells   frac T=0       T(K)     rms(K)
   2.24243e-01      144      0.993     5.0303     0.0000
   2.69599e-01      162      0.988     6.8432     0.9064
   2.82305e-01      166      0.994    17.6639     0.0000
   2.95610e-01      168      0.988    10.9667     0.3944
   3.09542e-01      176      0.994    16.0891     0.0000
   3.24130e-01      172      0.994    10.7005     0.0000
   3.39406e-01      180      0.994    15.6498     0.0000
   3.55401e-01      188      0.989     8.3220     0.4211
   3.72151e-01      184      0.989    16.9725     1.1545
   3.89690e-01      200      0.990    16.2956     0.9140
   4.08055e-01      190      0.995    15.7015     0.0000
   4.27286e-01      208      0.990    14.9443     0.2504
   4.47424e-01      198      0.990    11.6126     0.1450
   4.68510e-01      216      0.981     6.4927     0.9159
   4.90590e-01      208      0.986     8.8950     4.8473
   5.13711e-01      222      0.977    11.2753     0.9623
   5.37922e-01      216      0.991     8.1903     0.5100
   5.63273e-01      230      0.974     4.4494     1.3225
   5.89819e-01      224      0.973     8.0615     0.6854
   6.17617e-01      240      0.958     8.9001     1.4167
   6.46724e-01      230      0.939     6.5725     0.9916
   6.77203e-01      244      0.975    10.3735     2.8353
   7.09119e-01      242      0.950     4.3458     2.0246
   7.42538e-01      248      0.948     6.5738     1.0104
   7.77533e-01      256      0.934     9.4508     2.5951
   8.14177e-01      252      0.933     8.2209     2.5417
   8.52548e-01      266      0.947     6.4214     0.8283
   8.92728e-01      260      0.931     6.3112     2.6596
   9.34800e-01      276      0.924     7.2663     1.0912
   9.78856e-01      268      0.907     7.2610     1.2863
   1.02499e+00      282      0.911     9.5022     0.8997
   1.07329e+00      276      0.935     4.1964     1.6889
   1.12388e+00      290      0.897     6.4483     0.8601
   1.17684e+00      286      0.916     9.0508     0.9485
   1.23231e+00      298      0.889     6.5559     1.1422
   1.29038e+00      292      0.870     5.9816     2.1817
   1.35120e+00      302      0.894     6.2151     0.7384
   1.41488e+00      304      0.855     6.1398     1.8409
   1.48156e+00      308      0.870     7.6893     1.2986
   1.55138e+00      316      0.832     7.4193     2.2746
   1.62450e+00      310      0.835     7.1135     1.0491
   1.70106e+00      328      0.841     7.5252     1.2427
   1.78123e+00      318      0.818     6.9049     1.6433
   1.86517e+00      340      0.806     6.5572     0.9283
   1.95308e+00      324      0.793     6.6789     1.1179
   2.04512e+00      346      0.763     6.2438     1.5983
   2.14150e+00      332      0.786     7.9204     1.3947
   2.24243e+00      354      0.763     6.3728     1.0010
   2.34811e+00      344      0.753     6.7078     0.7504
   2.45878e+00      360      0.747     6.5095     1.1358
   2.57465e+00      350      0.723     5.9807     1.0098
   2.69599e+00      364      0.734     6.9643     0.9036
   2.82305e+00      362      0.715     5.8718     1.2413
   2.95610e+00      370      0.678     6.9315     1.1115
   3.09542e+00      374      0.676     6.6928     1.2827
   3.24130e+00      372      0.642     6.7443     0.7503
   3.39406e+00      386      0.661     6.9363     1.1910
   3.55401e+00      378      0.632     6.5696     0.9505
   3.72151e+00      400      0.607     6.4643     0.8316
   3.89690e+00      384      0.591     6.6778     0.7591
   4.08055e+00      408      0.571     6.6703     0.9227
   4.27286e+00      390      0.564     7.0714     0.7772
   4.47424e+00      416      0.536     6.9442     1.1775
   4.68510e+00      402      0.532     6.8985     0.7319
   4.90590e+00      422      0.524     6.9891     0.7205
   5.13711e+00      410      0.490     6.7152     0.6871
   5.37922e+00      424      0.474     6.5944     0.8117
   5.63273e+00      422      0.467     6.9911     0.7533
   5.89819e+00      430      0.460     6.9741     0.8806
   6.17617e+00      434      0.447     6.9438     0.6883
   6.46724e+00      434      0.410     6.6980     0.6769
   6.77203e+00      444      0.423     7.0579     0.6071
   7.09119e+00      438      0.400     6.8298     0.6514
   7.42538e+00      460      0.387     6.6826     0.5805
   7.77533e+00      444      0.369     6.5755     0.6838
   8.14177e+00      470      0.351     6.7492     0.5965
   8.52548e+00      448      0.350     6.7027     0.6027
   8.92728e+00      478      0.347     6.6681     0.5514
   9.34800e+00      460      0.322     6.7913     0.5456
   9.78856e+00      484      0.314     6.8180     0.6265
   1.02499e+01      470      0.296     7.3034     0.6713
   1.07329e+01      484      0.287     6.9410     0.5098
   1.12388e+01      482      0.293     6.8006     0.5560
   1.17684e+01      490      0.251     6.9406     0.4236
   1.23231e+01      494      0.255     6.9773     0.4671
   1.29038e+01      496      0.230     6.9286     0.4142
   1.35120e+01      502      0.219     6.9939     0.4539
   1.41488e+01      500      0.220     7.0054     0.3948
   1.48156e+01      518      0.210     6.8582     0.4216
   1.55138e+01      502      0.181     6.9108     0.3592
   1.62450e+01      532      0.180     6.8823     0.4093
   1.70106e+01      508      0.171     6.9602     0.3551
   1.78123e+01      540      0.169     6.9444     0.3663
   1.86517e+01      516      0.149     6.9093     0.3113
   1.95308e+01      548      0.144     6.9768     0.3799
   2.04512e+01      520      0.142     6.7836     0.6935
   2.14150e+01      550      0.133     6.8478     0.6750
   2.24243e+01      528      0.148     6.8888     0.6458
   2.34811e+01      550      0.115     6.8708     0.6190
   2.45878e+01      544      0.114     6.8853     0.6193
   2.57465e+01      554      0.097     6.8730     0.5621
   2.69599e+01      556      0.090     6.8848     0.5650
   2.82305e+01      556      0.095     6.9082     0.5035
   2.95610e+01      570      0.082     6.9587     0.5053
   3.09542e+01      560      0.068     6.9258     0.4871
   3.24130e+01      584      0.087     6.9176     0.4618
   3.39406e+01      566      0.065     6.9421     0.4287
   3.55401e+01      592      0.069     6.9346     0.4011
   3.72151e+01      574      0.061     6.9585     0.3933
   3.89690e+01      602      0.056     6.9510     0.3856
   4.08055e+01      580      0.052     6.9587     0.3602
   4.27286e+01      604      0.046     6.9422     0.3634
   4.47424e+01      578      0.045     6.9684     0.3418
   4.68510e+01      602      0.035     6.9670     0.3398
   4.90590e+01      582      0.031     6.9759     0.3304
   5.13711e+01      594      0.027     6.9631     0.3061
   5.37922e+01      590      0.027     6.9567     0.3291
   5.63273e+01      586      0.022     6.9613     0.3172
   5.89819e+01      596      0.020     6.9501     0.3222
   6.17617e+01      582      0.014     6.9671     0.3030
   6.46724e+01      602      0.018     6.9605     0.2883
   6.77203e+01      582      0.019     6.9427     0.2862
   7.09119e+01      600      0.015     6.9734     0.2885
   7.42538e+01      582      0.010     6.9675     0.2808
   7.77533e+01      600      0.010     6.9860     0.2756
   8.14177e+01      580      0.007     6.9768     0.2666
   8.52548e+01      608      0.003     6.9706     0.2572
   8.92728e+01      578      0.005     6.9754     0.2549
   9.34800e+01      608      0.005     6.9743     0.2620
   9.78856e+01      578      0.002     6.9821     0.2506
   1.02499e+02      602      0.002     6.9805     0.2399
   1.07329e+02      588      0.000     6.9811     0.2211
   1.12388e+02      592      0.000     6.9818     0.2165
   1.17684e+02      598      0.002     6.9823     0.2275
   1.23231e+02      586      0.000     6.9851     0.2126
   1.29038e+02      606      0.000     6.9941     0.2066
   1.35120e+02      582      0.000     6.9942     0.2000
   1.41488e+02      612      0.000     6.9898     0.2027
   1.48156e+02      580      0.000     6.9945     0.1971
   1.55138e+02      614      0.000     6.9833     0.1786
   1.62450e+02      582      0.000     6.9821     0.1719
   1.70106e+02      616      0.000     6.9799     0.1671
   1.78123e+02      592      0.000     6.9785     0.1733
   1.86517e+02      622      0.000     6.9759     0.1607
   1.95308e+02      598      0.000     6.9715     0.1561
   2.04512e+02      638      0.000     6.9756     0.1650
   2.14150e+02      606      0.000     6.9803     0.1562
   2.24243e+02      650      0.000     6.9792     0.1502
   2.34811e+02      648      0.000     6.9841     0.1466
   2.45878e+02      648      0.000     6.9852     0.1386
   2.57465e+02      632      0.000     6.9889     0.1408
   2.69599e+02      646      0.000     6.9840     0.1401
   2.82305e+02      658      0.000     6.9808     0.1329
   2.95610e+02      658      0.000     6.9835     0.1329
   3.09542e+02      680      0.000     6.9879     0.1223
   3.24130e+02      678      0.000     6.9845     0.1196
   3.39406e+02      708      0.000     6.9878     0.1211
   3.55401e+02      704      0.000     6.9922     0.1140
   3.72151e+02      742      0.000     6.9925     0.1203
   3.89690e+02      744      0.000     6.9888     0.1122
   4.08055e+02      784      0.000     6.9932     0.1105
   4.27286e+02      794      0.000     6.9946     0.1109
   4.47424e+02      846      0.000     6.9909     0.1063
   4.68510e+02      884      0.000     6.9984     0.1022
   4.90590e+02      988      0.000     6.9944     0.0963
   5.13711e+02      960      0.000     6.9964     0.0945
   5.37922e+02      978      0.000     6.9998     0.0975
   5.63273e+02      952      0.000     7.0017     0.0912
   5.89819e+02      966      0.000     6.9996     0.0975
   6.17617e+02      950      0.000     6.9956     0.0862
   6.46724e+02      956      0.000     7.0038     0.0867
   6.77203e+02      942      0.000     7.0071     0.0841
   7.09119e+02      948      0.000     7.0056     0.0805
   7.42538e+02      934      0.000     7.0126     0.0819
   7.77533e+02      938      0.000     7.0096     0.0766
   8.14177e+02      928      0.000     7.0138     0.0751
   8.52548e+02      932      0.000     7.0178     0.0732
   8.92728e+02      922      0.000     7.0209     0.0745
   9.34800e+02      920      0.000     7.0259     0.0691
   9.78856e+02      904      0.000     7.0267     0.0672
   1.02499e+03      922      0.000     7.0299     0.0654
   1.07329e+03      892      0.000     7.0326     0.0639
   1.12388e+03      916      0.000     7.0325     0.0628
   1.17684e+03      886      0.000     7.0409     0.0617
   1.23231e+03      910      0.000     7.0404     0.0584
   1.29038e+03      878      0.000     7.0502     0.0568
   1.35120e+03      900      0.000     7.0468     0.0563
   1.41488e+03      870      0.000     7.0560     0.0551
   1.48156e+03      894      0.000     7.0632     0.0526
   1.55138e+03      862      0.000     7.0690     0.0526
   1.62450e+03      884      0.000     7.0774     0.0544
   1.70106e+03      856      0.000     7.0823     0.0512
   1.78123e+03      876      0.000     7.0936     0.0510
   1.86517e+03      848      0.000     7.1018     0.0507
   1.95308e+03      860      0.000     7.1126     0.0473
   2.04512e+03      842      0.000     7.1223     0.0481
   2.14150e+03      852      0.000     7.1305     0.0476
   2.24243e+03      836      0.000     7.1413     0.0452
   2.34811e+03      842      0.000     7.1525     0.0418
   2.45878e+03      834      0.000     7.1670     0.0421
   2.57465e+03      830      0.000     7.1775     0.0402
   2.69599e+03      826      0.000     7.1924     0.0390
   2.82305e+03      828      0.000     7.2040     0.0392
   2.95610e+03      816      0.000     7.2196     0.0367
   3.09542e+03      820      0.000     7.2374     0.0354
   3.24130e+03      806      0.000     7.2529     0.0354
   3.39406e+03      812      0.000     7.2679     0.0344
   3.55401e+03      798      0.000     7.2847     0.0357
   3.72151e+03      804      0.000     7.3020     0.0348
   3.89690e+03      788      0.000     7.3211     0.0335
   4.08055e+03      790      0.000     7.3413     0.0347
   4.27286e+03      782      0.000     7.3619     0.0331
   4.47424e+03      790      0.000     7.3811     0.0323
   4.68510e+03      770      0.000     7.4028     0.0322
   4.90590e+03      784      0.000     7.4241     0.0333
   5.13711e+03      762      0.000     7.4502     0.0324
   5.37922e+03      778      0.000     7.4730     0.0306
   5.63273e+03      754      0.000     7.4977     0.0294
   5.89819e+03      766      0.000     7.5243     0.0295
   6.17617e+03      748      0.000     7.5499     0.0295
   6.46724e+03      756      0.000     7.5798     0.0289
   6.77203e+03      742      0.000     7.6083     0.0289
   7.09119e+03      742      0.000     7.6379     0.0282
   7.42538e+03      742      0.000     7.6660     0.0284
   7.77533e+03      732      0.000     7.6962     0.0269
   8.14177e+03      734      0.000     7.7285     0.0262
   8.52548e+03      726      0.000     7.7595     0.0275
   8.92728e+03      722      0.000     7.7920     0.0283
   9.34800e+03      716      0.000     7.8294     0.0263
   9.78856e+03      720      0.000     7.8667     0.0259
   1.02499e+04      704      0.000     7.9051     0.0282
   1.07329e+04      710      0.000     7.9434     0.0263
   1.12388e+04      698      0.000     7.9850     0.0267
   1.17684e+04      704      0.000     8.0257     0.0270
   1.23231e+04      692      0.000     8.0704     0.0265
   1.29038e+04      692      0.000     8.1154     0.0270
   1.35120e+04      684      0.000     8.1604     0.0277
   1.41488e+04      684      0.000     8.2105     0.0262
   1.48156e+04      680      0.000     8.2638     0.0263
   1.55138e+04      674      0.000     8.3205     0.0275
   1.62450e+04      670      0.000     8.3767     0.0285
   1.70106e+04      670      0.000     8.4332     0.0294
   1.78123e+04      660      0.000     8.4968     0.0277
   1.86517e+04      662      0.000     8.5623     0.0291
   1.95308e+04      648      0.000     8.6292     0.0282
   2.04512e+04      656      0.000     8.7029     0.0294
   2.14150e+04      640      0.000     8.7795     0.0312
   2.24243e+04      650      0.000     8.8599     0.0319
   2.34811e+04      632      0.000     8.9451     0.0330
   2.45878e+04      638      0.000     9.0312     0.0341
   2.57465e+04      628      0.000     9.1245     0.0351
   2.69599e+04      632      0.000     9.2224     0.0354
   2.82305e+04      618      0.000     9.3260     0.0377
   2.95610e+04      626      0.000     9.4336     0.0370
   3.09542e+04      606      0.000     9.5509     0.0359
   3.24130e+04      618      0.000     9.6688     0.0404
   3.39406e+04      600      0.000     9.7947     0.0406
   3.55401e+04      610      0.000     9.9286     0.0415
   3.72151e+04      592      0.000    10.0695     0.0452
   3.89690e+04      598      0.000    10.2175     0.0459
   4.08055e+04      588      0.000    10.3723     0.0495
   4.27286e+04      586      0.000    10.5363     0.0482
   4.47424e+04      584      0.000    10.7084     0.0554
   4.68510e+04      580      0.000    10.8926     0.0528
   4.90590e+04      576      0.000    11.0875     0.0625
   5.13711e+04      574      0.000    11.2950     0.0637
   5.37922e+04      566      0.000    11.5159     0.0675
   5.63273e+04      568      0.000    11.7545     0.0709
   5.89819e+04      554      0.000    12.0112     0.0773
   6.17617e+04      562      0.000    12.2872     0.0856
   6.46724e+04      544      0.000    12.5961     0.0944
   6.77203e+04      554      0.000    12.9285     0.0978
   7.09119e+04      538      0.000    13.3097     0.1213
   7.42538e+04      544      0.000    13.7362     0.1220
   7.77533e+04      532      0.000    14.2283     0.1633
   8.14177e+04      534      0.000    14.7938     0.1628
   8.52548e+04      522      0.000    15.4760     0.2260
   8.92728e+04      532      0.000    16.2938     0.2401
   9.34800e+04      512      0.000    17.3186     0.3442
   9.78856e+04      526      0.000    18.6035     0.4037
   1.02499e+05      464      0.000    19.9516     0.3890
   1.07329e+05        8      0.000    20.9431     0.0249
