# Predicted properties of the injected cores, from the selection and placement of run_inject_v3.py.
# No image was modified.  Seed 2028.
#
# Columns
#   1 model        grid node label
#   2 x_pix        column of the center, one-based
#   3 y_pix        row of the center, one-based
#   4 SD_emb       embedding column of the node        (cm^-2)
#   5 local_Sigma  map column averaged over the        (cm^-2)
#                  observed size of the model
#   6 contrast     1 + ICSDbs / local_Sigma            (-)
#   7 M_BE         true mass of the node               (M_sun)
#   8 M_SED        reported four-band SED mass         (M_sun)
#   9 FWHM_SD      observed size of the node           (arcsec)
#  10 R_BE_as      truncation radius of the node       (arcsec)
#  11 tgt_Sigma    background column of the real       (cm^-2)
#                  source this core imitates
#  12 tgt_contrast contrast of that real source        (-)
#  13 tgt_FWHM     observed size of that real source   (arcsec)
# model         x_pix  y_pix       SD_emb  local_Sigma   contrast       M_BE      M_SED  FWHM_SD   R_BE_as    tgt_Sigma tgt_contrast  tgt_FWHM
  i03j13k08       506    293   1.2000e+22   1.1460e+22     1.5715     1.3733      1.314    74.23     66.36   1.1460e+22       1.5278     48.37
  i03j13k08       661    468   1.2000e+22   1.2980e+22     1.5045     1.3733      1.314    74.23     66.36   1.2980e+22       1.5816     56.42
  i03j12k08       436    267   1.2000e+22   9.3920e+21     1.5297    0.89445     0.8476    73.47     55.27   9.3920e+21       1.4350     51.74
  i03j11k08       544    379   1.2000e+22   9.5170e+21     1.3678    0.58262     0.5423    72.90     49.61   9.5170e+21       1.3355     60.11
  i03j11k08        43    298   1.2000e+22   1.0580e+22     1.3308    0.58262     0.5423    72.90     49.61   1.0580e+22       1.3398     50.66
  i03j11k08       625    513   1.2000e+22   1.0580e+22     1.3308    0.58262     0.5423    72.90     49.61   1.0580e+22       1.3398     50.66
  i03j11k08       244     90   1.2000e+22   8.6660e+21     1.4039    0.58262     0.5423    72.90     49.61   8.6660e+21       1.4337    111.20
  i03j11k08        93     88   1.2000e+22   8.6660e+21     1.4039    0.58262     0.5423    72.90     49.61   8.6660e+21       1.4337    111.20
  i03j11k08       578    725   1.2000e+22   9.5170e+21     1.3678    0.58262     0.5423    72.90     49.61   9.5170e+21       1.3355     60.11
  i03j11k08        74    169   1.2000e+22   1.0580e+22     1.3308    0.58262     0.5423    72.90     49.61   1.0580e+22       1.3398     50.66
  i02j11k08       348    211   6.0000e+21   8.4240e+21     1.4478    0.58222     0.5326    72.39     48.29   8.4240e+21       1.4043     56.38
  i02j11k08       359    452   6.0000e+21   8.3780e+21     1.4502    0.58222     0.5326    72.39     48.29   8.3780e+21       1.3743     57.51
  i03j10k08       492    340   1.2000e+22   8.6460e+21     1.2721    0.37894     0.3423    71.87     46.31   8.6460e+21       1.3306     54.68
  i03j10k08       405    116   1.2000e+22   9.0000e+21     1.2614    0.37894     0.3423    71.87     46.31   9.0000e+21       1.2089     73.85
  i03j10k08       682    622   1.2000e+22   9.9480e+21     1.2365    0.37894     0.3423    71.87     46.31   9.9480e+21       1.2475     54.19
  i02j09k08       582    220   6.0000e+21   4.7060e+21     1.3438    0.24682     0.2168    71.50     44.54   4.7060e+21       1.2813     91.40
  i02j09k08       478    886   6.0000e+21   5.8760e+21     1.2754    0.24682     0.2168    71.50     44.54   5.8760e+21       1.3434     69.62
  i02j09k08       922    938   6.0000e+21   5.9240e+21     1.2731    0.24682     0.2168    71.50     44.54   5.9240e+21       1.3177     75.84
  i02j09k08       500    146   6.0000e+21   6.6380e+21     1.2437    0.24682     0.2168    71.50     44.54   6.6380e+21       1.2885     55.20
  i02j09k08       370     37   6.0000e+21   6.9969e+21     1.2312    0.24682     0.2168    71.50     44.54   6.9970e+21       1.1931     78.14
  i02j09k08       353    655   6.0000e+21   5.1660e+21     1.3132    0.24682     0.2168    71.50     44.54   5.1660e+21       1.3153    103.50
  i02j09k08        58    803   6.0000e+21   5.9560e+21     1.2717    0.24682     0.2168    71.50     44.54   5.9560e+21       1.2648     60.53
  i02j09k08       702    574   6.0000e+21   8.0120e+21     1.2019    0.24682     0.2168    71.50     44.54   8.0120e+21       1.1669     60.93
  i02j09k08       718    744   6.0000e+21   5.1800e+21     1.3124    0.24682     0.2168    71.50     44.54   5.1800e+21       1.2452     72.32
  i02j09k08       724    241   6.0000e+21   5.9680e+21     1.2711    0.24682     0.2168    71.50     44.54   5.9680e+21       1.2309     53.28
  i02j09k08       814    383   6.0000e+21   4.4910e+21     1.3603    0.24682     0.2168    71.50     44.54   4.4910e+21       1.3222     54.02
  i02j09k08       758    144   6.0000e+21   4.9780e+21     1.3250    0.24682     0.2168    71.50     44.54   4.9780e+21       1.3588     82.58
  i02j09k08       164    761   6.0000e+21   5.0440e+21     1.3208    0.24682     0.2168    71.50     44.54   5.0440e+21       1.2557     69.09
  i02j09k08       107    932   6.0000e+21   4.9390e+21     1.3276    0.24682     0.2168    71.50     44.54   4.9390e+21       1.2422    111.80
  i02j09k08       194    683   6.0000e+21   6.2810e+21     1.2576    0.24682     0.2168    71.50     44.54   6.2810e+21       1.2866     63.32
  i02j10k08       551    783   6.0000e+21   6.5680e+21     1.3808    0.37927     0.3394    71.43     45.79   6.5680e+21       1.3336     51.33
  i02j10k08        60    402   6.0000e+21   5.8760e+21     1.4256    0.37927     0.3394    71.43     45.79   5.8760e+21       1.3434     69.62
  i02j10k08       938    440   6.0000e+21   6.5860e+21     1.3797    0.37927     0.3394    71.43     45.79   6.5860e+21       1.2997     50.56
  i02j10k08       873    847   6.0000e+21   5.7380e+21     1.4359    0.37927     0.3394    71.43     45.79   5.7380e+21       1.3395     59.55
  i02j10k08       784    588   6.0000e+21   7.4690e+21     1.3349    0.37927     0.3394    71.43     45.79   7.4690e+21       1.2772     58.89
  i02j08k08       750    778   6.0000e+21   5.6010e+21     1.1832     0.1607     0.1356    71.05     43.52   5.6010e+21       1.1540     77.87
  i02j08k08       460    742   6.0000e+21   4.8590e+21     1.2112     0.1607     0.1356    71.05     43.52   4.8590e+21       1.2682     57.61
  i02j08k08       304    871   6.0000e+21   4.6110e+21     1.2225     0.1607     0.1356    71.05     43.52   4.6110e+21       1.2165     73.58
  i02j08k08       660    740   6.0000e+21   5.8650e+21     1.1749     0.1607     0.1356    71.05     43.52   5.8650e+21       1.1906    101.50
  i02j08k08       921    552   6.0000e+21   6.0800e+21     1.1687     0.1607     0.1356    71.05     43.52   6.0800e+21       1.1689     62.99
  i02j08k08       138    715   6.0000e+21   6.3790e+21     1.1608     0.1607     0.1356    71.05     43.52   6.3790e+21       1.1873     55.92
  i02j08k08       569    119   6.0000e+21   4.7750e+21     1.2149     0.1607     0.1356    71.05     43.52   4.7750e+21       1.2201     55.25
  i02j08k08       929    386   6.0000e+21   4.6570e+21     1.2203     0.1607     0.1356    71.05     43.52   4.6570e+21       1.1601     53.33
  i02j08k08       690    164   6.0000e+21   5.5361e+21     1.1853     0.1607     0.1356    71.05     43.52   5.5360e+21       1.1627     56.14
  i02j08k08       392    606   6.0000e+21   5.8650e+21     1.1749     0.1607     0.1356    71.05     43.52   5.8650e+21       1.1906    101.50
  i02j08k08       468    630   6.0000e+21   4.9320e+21     1.2080     0.1607     0.1356    71.05     43.52   4.9320e+21       1.1642     59.48
  i02j08k08       931    816   6.0000e+21   4.8590e+21     1.2112     0.1607     0.1356    71.05     43.52   4.8590e+21       1.2682     57.61
  i02j08k08       729    381   6.0000e+21   5.8130e+21     1.1765     0.1607     0.1356    71.05     43.52   5.8130e+21       1.2025     74.14
  i02j08k08       898    691   6.0000e+21   6.0000e+21     1.1710     0.1607     0.1356    71.05     43.52   6.0000e+21       1.1978     54.23
  i02j08k08       799    226   6.0000e+21   4.6110e+21     1.2225     0.1607     0.1356    71.05     43.52   4.6110e+21       1.2165     73.58
  i02j08k08       639    647   6.0000e+21   6.3790e+21     1.1608     0.1607     0.1356    71.05     43.52   6.3790e+21       1.1873     55.92
  i02j08k08       248    652   6.0000e+21   5.4800e+21     1.1872     0.1607     0.1356    71.05     43.52   5.4800e+21       1.2139     51.51
  i02j08k08       608    301   6.0000e+21   6.0000e+21     1.1710     0.1607     0.1356    71.05     43.52   6.0000e+21       1.1978     54.23
  i02j08k08       230    785   6.0000e+21   5.8840e+21     1.1744     0.1607     0.1356    71.05     43.52   5.8840e+21       1.1778     51.81
  i02j08k08       556    915   6.0000e+21   4.9920e+21     1.2055     0.1607     0.1356    71.05     43.52   4.9920e+21       1.1707     71.55
  i02j08k08       638    238   6.0000e+21   5.5361e+21     1.1853     0.1607     0.1356    71.05     43.52   5.5360e+21       1.1627     56.14
  i02j08k08        62    924   6.0000e+21   6.0800e+21     1.1688     0.1607     0.1356    71.05     43.52   6.0800e+21       1.1689     62.99
  i02j08k08       877    614   6.0000e+21   6.3790e+21     1.1608     0.1607     0.1356    71.05     43.52   6.3790e+21       1.1873     55.92
  i02j08k08       561    611   6.0000e+21   5.5361e+21     1.1853     0.1607     0.1356    71.05     43.52   5.5360e+21       1.1627     56.14
  i02j08k08       547    859   6.0000e+21   5.7980e+21     1.1770     0.1607     0.1356    71.05     43.52   5.7980e+21       1.1623     58.23
  i02j08k08       499    698   6.0000e+21   4.7750e+21     1.2149     0.1607     0.1356    71.05     43.52   4.7750e+21       1.2201     55.25
  i02j08k08       187    811   6.0000e+21   4.3060e+21     1.2383     0.1607     0.1356    71.05     43.52   4.3060e+21       1.1775     66.03
  i02j08k08       256    607   6.0000e+21   5.5930e+21     1.1834     0.1607     0.1356    71.05     43.52   5.5930e+21       1.1304     96.08
  i02j08k08       657    809   6.0000e+21   4.3460e+21     1.2361     0.1607     0.1356    71.05     43.52   4.3460e+21       1.2029     60.71
  i02j08k08       549    561   6.0000e+21   5.5362e+21     1.1853     0.1607     0.1356    71.05     43.52   5.5360e+21       1.1627     56.14
  i02j08k08       941    613   6.0000e+21   5.5510e+21     1.1848     0.1607     0.1356    71.05     43.52   5.5510e+21       1.1432     54.78
  i03j09k08       761    698   1.2000e+22   1.0220e+22     1.1390    0.24688     0.2008    70.91     44.77   1.0220e+22       1.1715     62.11
  i03j09k08       847    760   1.2000e+22   1.0220e+22     1.1390    0.24688     0.2008    70.91     44.77   1.0220e+22       1.1715     62.11
  i03j09k08       262    425   1.2000e+22   1.0220e+22     1.1390    0.24688     0.2008    70.91     44.77   1.0220e+22       1.1715     62.11
  i01j09k08       301    938   3.0000e+21   4.0930e+21     1.4190    0.24692     0.2217    70.61     44.00   4.0930e+21       1.4786     56.26
  i02j07k08       753    898   6.0000e+21   5.9690e+21     1.1048    0.10474    0.08131    70.32     42.76   5.9690e+21       1.1142     58.54
  i02j07k08       828    459   6.0000e+21   4.8610e+21     1.1287    0.10474    0.08131    70.32     42.76   4.8610e+21       1.1288     59.85
  i02j07k08       400    772   6.0000e+21   4.3040e+21     1.1454    0.10474    0.08131    70.32     42.76   4.3040e+21       1.1461     54.81
  i02j07k08       350    881   6.0000e+21   4.8549e+21     1.1289    0.10474    0.08131    70.32     42.76   4.8550e+21       1.1534     51.91
  i02j07k08       647    188   6.0000e+21   4.4660e+21     1.1401    0.10474    0.08131    70.32     42.76   4.4660e+21       1.1567     74.51
  i02j07k08       114    873   6.0000e+21   4.8549e+21     1.1289    0.10474    0.08131    70.32     42.76   4.8550e+21       1.1534     51.91
  i02j07k08        90    769   6.0000e+21   5.6880e+21     1.1100    0.10474    0.08131    70.32     42.76   5.6880e+21       1.0676     91.40
  i02j07k08       873    473   6.0000e+21   5.6880e+21     1.1100    0.10474    0.08131    70.32     42.76   5.6880e+21       1.0676     91.40
  i02j07k08       809    170   6.0000e+21   4.8611e+21     1.1287    0.10474    0.08131    70.32     42.76   4.8610e+21       1.1288     59.85
  i02j07k08       730    853   6.0000e+21   5.7869e+21     1.1081    0.10474    0.08131    70.32     42.76   5.7870e+21       1.1110    100.40
  i02j07k08       280    706   6.0000e+21   4.8551e+21     1.1289    0.10474    0.08131    70.32     42.76   4.8550e+21       1.1534     51.91
  i02j07k08       444    922   6.0000e+21   4.8851e+21     1.1281    0.10474    0.08131    70.32     42.76   4.8850e+21       1.1562     52.91
  i02j07k08       600    805   6.0000e+21   4.3740e+21     1.1430    0.10474    0.08131    70.32     42.76   4.3740e+21       1.0932     67.26
  i02j07k08       399    667   6.0000e+21   4.8851e+21     1.1281    0.10474    0.08131    70.32     42.76   4.8850e+21       1.1562     52.91
  i02j07k08       557    168   6.0000e+21   4.4380e+21     1.1410    0.10474    0.08131    70.32     42.76   4.4380e+21       1.1210     50.76
  i02j07k08       352    833   6.0000e+21   4.3040e+21     1.1454    0.10474    0.08131    70.32     42.76   4.3040e+21       1.1461     54.81
  i02j07k08       679    309   6.0000e+21   5.9691e+21     1.1048    0.10474    0.08131    70.32     42.76   5.9690e+21       1.1142     58.54
  i02j07k08       610    853   6.0000e+21   4.6070e+21     1.1358    0.10474    0.08131    70.32     42.76   4.6070e+21       1.1395     54.80
  i01j07k08       170    908   3.0000e+21   3.9630e+21     1.1786     0.1048    0.09047    70.24     42.80   3.9630e+21       1.1586     54.50
  i01j07k08       214    917   3.0000e+21   3.8380e+21     1.1844     0.1048    0.09047    70.24     42.80   3.8380e+21       1.1492     54.24
  i01j07k08       836    300   3.0000e+21   3.4970e+21     1.2024     0.1048    0.09047    70.24     42.80   3.4970e+21       1.1623     68.93
  i01j07k08       927    878   3.0000e+21   4.2240e+21     1.1676     0.1048    0.09047    70.24     42.80   4.2240e+21       1.1371     57.23
  i01j07k08       577     62   3.0000e+21   3.9630e+21     1.1786     0.1048    0.09047    70.24     42.80   3.9630e+21       1.1586     54.50
  i01j07k08       413    842   3.0000e+21   3.9630e+21     1.1786     0.1048    0.09047    70.24     42.80   3.9630e+21       1.1586     54.50
  i01j07k08       903    220   3.0000e+21   2.4812e+21     1.2853     0.1048    0.09047    70.24     42.80   2.3800e+21       1.2995     44.76
  i01j07k08       684    103   3.0000e+21   3.4970e+21     1.2024     0.1048    0.09047    70.24     42.80   3.4970e+21       1.1623     68.93
  i01j07k08       674    894   3.0000e+21   3.8411e+21     1.1843     0.1048    0.09047    70.24     42.80   3.8410e+21       1.1664    112.90
  i01j07k08       279    833   3.0000e+21   4.0050e+21     1.1767     0.1048    0.09047    70.24     42.80   4.0050e+21       1.1856     52.92
  i01j07k08       788    323   3.0000e+21   3.4170e+21     1.2071     0.1048    0.09047    70.24     42.80   3.4170e+21       1.1997    119.00
  i01j07k08       733    310   3.0000e+21   4.2030e+21     1.1684     0.1048    0.09047    70.24     42.80   4.2030e+21       1.1911     62.12
  i01j07k08       605    935   3.0000e+21   3.8409e+21     1.1843     0.1048    0.09047    70.24     42.80   3.8410e+21       1.1664    112.90
  i01j07k08       444    795   3.0000e+21   4.2130e+21     1.1680     0.1048    0.09047    70.24     42.80   4.2130e+21       1.1973     90.29
  i01j07k08       343    759   3.0000e+21   3.8380e+21     1.1844     0.1048    0.09047    70.24     42.80   3.8380e+21       1.1492     54.24
  i01j07k08       309    799   3.0000e+21   3.9630e+21     1.1786     0.1048    0.09047    70.24     42.80   3.9630e+21       1.1586     54.50
  i01j07k08       634     39   3.0000e+21   3.6861e+21     1.1920     0.1048    0.09047    70.24     42.80   3.6860e+21       1.2216     67.73
  i01j07k08       636     87   3.0000e+21   3.6862e+21     1.1920     0.1048    0.09047    70.24     42.80   3.6860e+21       1.2216     67.73
  i01j07k08       854    212   3.0000e+21   3.8412e+21     1.1843     0.1048    0.09047    70.24     42.80   3.8410e+21       1.1664    112.90
  i01j07k08       895     87   3.0000e+21   2.5127e+21     1.2817     0.1048    0.09047    70.24     42.80   2.3250e+21       1.2718     87.96
  i01j07k08       862    158   3.0000e+21   3.4968e+21     1.2024     0.1048    0.09047    70.24     42.80   3.4970e+21       1.1623     68.93
  i01j08k08       602    179   3.0000e+21   3.9620e+21     1.2789    0.16094     0.1415    70.20     43.23   3.9620e+21       1.3107     57.94
  i01j08k08       208    861   3.0000e+21   3.9619e+21     1.2789    0.16094     0.1415    70.20     43.23   3.9620e+21       1.3107     57.94
  i01j08k08       885    896   3.0000e+21   3.9891e+21     1.2770    0.16094     0.1415    70.20     43.23   3.9890e+21       1.2397     59.68
  i01j08k08       701    938   3.0000e+21   3.9614e+21     1.2789    0.16094     0.1415    70.20     43.23   3.9620e+21       1.3107     57.94
  i01j06k08       941    325   3.0000e+21   3.4521e+21     1.1291   0.068286     0.0554    69.13     41.90   3.4520e+21       1.1214     59.89
  i01j06k08       853    349   3.0000e+21   3.7230e+21     1.1197   0.068286     0.0554    69.13     41.90   3.7230e+21       1.1017     88.19
  i01j06k08       800     60   3.0000e+21   3.0930e+21     1.1441   0.068286     0.0554    69.13     41.90   3.0930e+21       1.1700     41.12
  i01j06k08       735     46   3.0000e+21   3.1021e+21     1.1437   0.068286     0.0554    69.13     41.90   3.1020e+21       1.1070     48.56
  i01j06k08       685    844   3.0000e+21   3.9960e+21     1.1116   0.068286     0.0554    69.13     41.90   3.9980e+21       1.1177     41.69
  i01j06k08       729    109   3.0000e+21   3.4527e+21     1.1291   0.068286     0.0554    69.13     41.90   3.4520e+21       1.1214     59.89
  i01j06k08       650    932   3.0000e+21   3.6537e+21     1.1220   0.068286     0.0554    69.13     41.90   3.6520e+21       1.1454     47.76
  i01j06k08       800    126   3.0000e+21   3.4274e+21     1.1301   0.068286     0.0554    69.13     41.90   3.4520e+21       1.1214     59.89
  i01j06k08       447    675   3.0000e+21   4.0861e+21     1.1091   0.068286     0.0554    69.13     41.90   4.0860e+21       1.0831     52.03
  i01j06k08       650    132   3.0000e+21   3.8375e+21     1.1162   0.068286     0.0554    69.13     41.90   3.8380e+21       1.1492     54.24
  i01j06k08       256    941   3.0000e+21   3.8355e+21     1.1162   0.068286     0.0554    69.13     41.90   3.7230e+21       1.1017     88.19
  i01j06k08       894    320   3.0000e+21   2.9020e+21     1.1536   0.068286     0.0554    69.13     41.90   2.9020e+21       1.1752    118.90
  i01j06k08       792    271   3.0000e+21   3.2971e+21     1.1352   0.068286     0.0554    69.13     41.90   3.2970e+21       1.1174     44.12
  i01j06k08       834    254   3.0000e+21   3.2441e+21     1.1374   0.068286     0.0554    69.13     41.90   3.5130e+21       1.0831     51.77
  i01j06k08       396    941   3.0000e+21   4.0292e+21     1.1106   0.068286     0.0554    69.13     41.90   3.9980e+21       1.1177     41.69
  i01j06k08       679     35   3.0000e+21   3.1843e+21     1.1400   0.068286     0.0554    69.13     41.90   3.4570e+21       1.1107     47.09
  i01j06k08       941    277   3.0000e+21   3.1010e+21     1.1438   0.068286     0.0554    69.13     41.90   3.1020e+21       1.1070     48.56
  i01j06k08       919    160   3.0000e+21   2.6510e+21     1.1682   0.068286     0.0554    69.13     41.90   2.6510e+21       1.1408     52.42
  i01j06k08       701    800   3.0000e+21   4.0615e+21     1.1098   0.068286     0.0554    69.13     41.90   3.8380e+21       1.1492     54.24
  i01j06k08       848     75   3.0000e+21   2.7800e+21     1.1604   0.068286     0.0554    69.13     41.90   2.7800e+21       1.1357     66.78
  i01j06k08       868     35   3.0000e+21   2.8788e+21     1.1549   0.068286     0.0554    69.13     41.90   3.1940e+21       1.1217     42.93
  i01j06k08       839    941   3.0000e+21   4.0833e+21     1.1092   0.068286     0.0554    69.13     41.90   3.5130e+21       1.0831     51.77
  i01j06k08       323    719   3.0000e+21   4.1153e+21     1.1083   0.068286     0.0554    69.13     41.90   3.7230e+21       1.1017     88.19
  i01j06k08       876    279   3.0000e+21   2.8617e+21     1.1558   0.068286     0.0554    69.13     41.90   3.1020e+21       1.1070     48.56
  i01j06k08       923     52   3.0000e+21   2.7479e+21     1.1622   0.068286     0.0554    69.13     41.90   2.7480e+21       1.0982     48.29
  i01j06k08       939     99   3.0000e+21   2.7481e+21     1.1622   0.068286     0.0554    69.13     41.90   2.7480e+21       1.0982     48.29
  i01j06k08       903    781   3.0000e+21   4.1214e+21     1.1082   0.068286     0.0554    69.13     41.90   3.5130e+21       1.0831     51.77
  i01j06k08       541     35   3.0000e+21   4.1373e+21     1.1078   0.068286     0.0554    69.13     41.90   3.7360e+21       1.1636     55.31
  i01j06k08       164    853   3.0000e+21   4.1552e+21     1.1073   0.068286     0.0554    69.13     41.90   3.6000e+21       1.1426     64.49
  i01j06k08       404    886   3.0000e+21   4.1989e+21     1.1062   0.068286     0.0554    69.13     41.90   3.3420e+21       1.1227     64.15
  i04j15k07       339    381   2.4000e+22   3.2518e+22     1.3918     3.2385      3.766    47.50    168.92   3.2520e+22       1.3964     59.82
  i04j15k07       364    324   2.4000e+22   2.7759e+22     1.4590     3.2385      3.766    47.50    168.92   2.7760e+22       1.5198     46.24
  i03j12k07       675    489   1.2000e+22   1.5040e+22     1.7015    0.89425     0.8925    47.34     42.58   1.5040e+22       1.5162     35.52
  i04j12k07       174    443   2.4000e+22   1.9050e+22     1.5068    0.89438      1.171    47.09     45.31   1.9050e+22       1.4036     48.19
  i04j11k07       412    397   2.4000e+22   2.4470e+22     1.3122    0.58233     0.7495    46.10     36.29   2.4470e+22       1.3072     56.59
  i04j11k07       142    261   2.4000e+22   1.9250e+22     1.3969    0.58233     0.7495    46.10     36.29   1.9250e+22       1.2899     32.98
  i03j11k07       218    321   1.2000e+22   1.4590e+22     1.5636    0.58238     0.5793    45.79     34.79   1.4590e+22       1.4557     38.23
  i03j11k07       197    521   1.2000e+22   1.4310e+22     1.5746    0.58238     0.5793    45.79     34.79   1.4310e+22       1.4873     42.61
  i02j11k07       845    817   6.0000e+21   7.9100e+21     2.0822    0.58231      0.538    45.52     33.76   7.9100e+21       1.9535     33.46
  i04j16k07       323    314   2.4000e+22   3.1000e+22     1.4419     4.9715      1.721    45.34    293.15   3.1000e+22       1.4723     76.76
  i04j10k07       171    213   2.4000e+22   1.7870e+22     1.3070    0.37949     0.4629    44.25     31.58   1.7870e+22       1.3054     43.00
  i04j10k07       761    546   2.4000e+22   1.7870e+22     1.3070    0.37949     0.4629    44.25     31.58   1.7870e+22       1.3054     43.00
  i03j10k07        89    611   1.2000e+22   1.4620e+22     1.4056    0.37926     0.3678    43.89     30.72   1.4620e+22       1.3365     42.34
  i03j10k07       671    573   1.2000e+22   1.1030e+22     1.5376    0.37926     0.3678    43.89     30.72   1.1030e+22       1.4940     26.42
  i03j10k07       166    122   1.2000e+22   1.3640e+22     1.4348    0.37926     0.3678    43.89     30.72   1.3640e+22       1.3690     39.43
  i03j10k07       101    337   1.2000e+22   1.1030e+22     1.5376    0.37926     0.3678    43.89     30.72   1.1030e+22       1.4940     26.42
  i03j10k07       294    396   1.2000e+22   9.6360e+21     1.6154    0.37926     0.3678    43.89     30.72   9.6360e+21       1.5348     34.88
  i03j10k07       132    201   1.2000e+22   1.3340e+22     1.4445    0.37926     0.3678    43.89     30.72   1.3340e+22       1.3801     43.70
  i03j10k07       439    548   1.2000e+22   1.0960e+22     1.5411    0.37926     0.3678    43.89     30.72   1.0960e+22       1.3786     50.68
  i03j10k07       647    414   1.2000e+22   1.3050e+22     1.4544    0.37926     0.3678    43.89     30.72   1.3050e+22       1.4624     47.88
  i03j10k07       626    446   1.2000e+22   1.1050e+22     1.5367    0.37926     0.3678    43.89     30.72   1.1050e+22       1.4539     30.43
  i03j10k07       452    240   1.2000e+22   1.1050e+22     1.5367    0.37926     0.3678    43.89     30.72   1.1050e+22       1.4539     30.43
  i03j09k07       563    537   1.2000e+22   9.5840e+21     1.4224    0.24714     0.2348    43.05     28.64   9.5840e+21       1.3879     32.99
  i03j09k07       409    510   1.2000e+22   1.0760e+22     1.3762    0.24714     0.2348    43.05     28.64   1.0760e+22       1.3095     35.22
  i03j09k07        58    711   1.2000e+22   9.4540e+21     1.4282    0.24714     0.2348    43.05     28.64   9.4540e+21       1.4183     40.24
  i03j09k07       147    388   1.2000e+22   1.0310e+22     1.3926    0.24714     0.2348    43.05     28.64   1.0310e+22       1.4165     33.57
  i03j09k07       417     92   1.2000e+22   1.0960e+22     1.3693    0.24714     0.2348    43.05     28.64   1.0960e+22       1.3786     50.68
  i03j09k07       533    729   1.2000e+22   1.1870e+22     1.3410    0.24714     0.2348    43.05     28.64   1.1870e+22       1.2857     38.26
  i03j09k07       353     83   1.2000e+22   1.0030e+22     1.4036    0.24714     0.2348    43.05     28.64   1.0030e+22       1.4458     32.65
  i03j09k07       862    515   1.2000e+22   1.0960e+22     1.3693    0.24714     0.2348    43.05     28.64   1.0960e+22       1.3786     50.68
  i03j09k07       448    149   1.2000e+22   9.8380e+21     1.4115    0.24714     0.2348    43.05     28.64   9.8380e+21       1.4877     43.76
  i02j09k07       915    688   6.0000e+21   7.1410e+21     1.5967    0.24688      0.227    42.68     28.19   7.1410e+21       1.6538     32.37
  i02j09k07       837    921   6.0000e+21   4.4660e+21     1.9541    0.24688      0.227    42.68     28.19   4.4660e+21       1.8397     31.43
  i02j09k07       862    742   6.0000e+21   7.5690e+21     1.5630    0.24688      0.227    42.68     28.19   7.5690e+21       1.4533     43.60
  i02j09k07        46    860   6.0000e+21   7.8550e+21     1.5425    0.24688      0.227    42.68     28.19   7.8550e+21       1.5711     38.28
  i02j09k07       376    255   6.0000e+21   7.5690e+21     1.5630    0.24688      0.227    42.68     28.19   7.5690e+21       1.4533     43.60
  i02j09k07       285    623   6.0000e+21   4.4660e+21     1.9541    0.24688      0.227    42.68     28.19   4.4660e+21       1.8397     31.43
  i02j09k07       141     29   6.0000e+21   7.3810e+21     1.5773    0.24688      0.227    42.68     28.19   7.3810e+21       1.6182     35.38
  i02j09k07       774    585   6.0000e+21   8.4640e+21     1.5034    0.24688      0.227    42.68     28.19   8.4640e+21       1.4220     44.70
  i02j09k07       179    672   6.0000e+21   6.3000e+21     1.6763    0.24688      0.227    42.68     28.19   6.3000e+21       1.7506     39.37
  i02j09k07       509     80   6.0000e+21   7.1410e+21     1.5967    0.24688      0.227    42.68     28.19   7.1410e+21       1.6538     32.37
  i02j09k07       608    660   6.0000e+21   7.2860e+21     1.5848    0.24688      0.227    42.68     28.19   7.2860e+21       1.5528     32.17
  i02j09k07       492    331   6.0000e+21   7.8550e+21     1.5425    0.24688      0.227    42.68     28.19   7.8550e+21       1.5711     38.28
  i02j09k07       138    679   6.0000e+21   8.1370e+21     1.5237    0.24688      0.227    42.68     28.19   8.1370e+21       1.4588     48.51
  i03j08k07       264    536   1.2000e+22   8.8080e+21     1.2972    0.16081     0.1461    42.50     27.53   8.8080e+21       1.3089     51.18
  i03j08k07       386    434   1.2000e+22   1.2040e+22     1.2174    0.16081     0.1461    42.50     27.53   1.2040e+22       1.2262     45.48
  i03j08k07       431    364   1.2000e+22   9.7320e+21     1.2690    0.16081     0.1461    42.50     27.53   9.7320e+21       1.2021     31.76
  i03j08k07       677    439   1.2000e+22   9.8230e+21     1.2665    0.16081     0.1461    42.50     27.53   9.8230e+21       1.2820     29.77
  i03j08k07       620    378   1.2000e+22   9.0520e+21     1.2892    0.16081     0.1461    42.50     27.53   9.0520e+21       1.2400     46.90
  i03j08k07       804    736   1.2000e+22   1.1790e+22     1.2221    0.16081     0.1461    42.50     27.53   1.1790e+22       1.2019     33.96
  i03j08k07       253     28   1.2000e+22   9.7149e+21     1.2695    0.16081     0.1461    42.50     27.53   9.7150e+21       1.2065     47.31
  i03j06k07        79    529   1.2000e+22   8.8440e+21     1.1044   0.068268    0.05106    42.46     26.74   8.8440e+21       1.1098     42.63
  i03j06k07        27    365   1.2000e+22   8.8440e+21     1.1044   0.068268    0.05106    42.46     26.74   8.8440e+21       1.1098     42.63
  i03j07k07       200    596   1.2000e+22   9.4780e+21     1.1762     0.1047     0.0917    42.40     26.84   9.4780e+21       1.2095     36.46
  i03j07k07       700    189   1.2000e+22   9.4780e+21     1.1762     0.1047     0.0917    42.40     26.84   9.4780e+21       1.2095     36.46
  i03j07k07       360    476   1.2000e+22   1.0490e+22     1.1592     0.1047     0.0917    42.40     26.84   1.0490e+22       1.1640     49.91
  i03j07k07       510    370   1.2000e+22   9.4780e+21     1.1762     0.1047     0.0917    42.40     26.84   9.4780e+21       1.2095     36.46
  i03j07k07       506    214   1.2000e+22   8.7960e+21     1.1899     0.1047     0.0917    42.40     26.84   8.7960e+21       1.2113     51.32
  i02j08k07       830    627   6.0000e+21   8.3980e+21     1.3327    0.16085     0.1448    42.24     27.25   8.3980e+21       1.3890     36.19
  i02j08k07       111    823   6.0000e+21   5.2820e+21     1.5290    0.16085     0.1448    42.24     27.25   5.2820e+21       1.4402     33.46
  i02j08k07       722    875   6.0000e+21   5.1060e+21     1.5472    0.16085     0.1448    42.24     27.25   5.1060e+21       1.4452     44.07
  i02j08k07       384    564   6.0000e+21   7.2960e+21     1.3829    0.16085     0.1448    42.24     27.25   7.2960e+21       1.3702     30.46
  i02j08k07       343    933   6.0000e+21   5.1060e+21     1.5472    0.16085     0.1448    42.24     27.25   5.1060e+21       1.4452     44.07
  i02j08k07       259    115   6.0000e+21   7.6510e+21     1.3652    0.16085     0.1448    42.24     27.25   7.6510e+21       1.4338     37.51
  i02j08k07       651    637   6.0000e+21   6.9360e+21     1.4028    0.16085     0.1448    42.24     27.25   6.9360e+21       1.3783     41.62
  i02j08k07       261    781   6.0000e+21   5.2820e+21     1.5290    0.16085     0.1448    42.24     27.25   5.2820e+21       1.4402     33.46
  i02j08k07        26     47   6.0000e+21   8.3750e+21     1.3336    0.16085     0.1448    42.24     27.25   8.3750e+21       1.2540     46.76
  i02j08k07       339    631   6.0000e+21   6.8510e+21     1.4078    0.16085     0.1448    42.24     27.25   6.8510e+21       1.2946     28.39
  i02j08k07       500    166   6.0000e+21   7.1120e+21     1.3929    0.16085     0.1448    42.24     27.25   7.1120e+21       1.3893     44.20
  i01j08k07       580    128   3.0000e+21   4.1830e+21     1.6916    0.16074     0.1465    42.24     27.11   4.1830e+21       1.5630     33.62
  i01j08k07       809     32   3.0000e+21   2.9740e+21     1.9728    0.16074     0.1465    42.24     27.11   2.9740e+21       1.8487     39.92
  i02j05k07       697    699   6.0000e+21   5.0390e+21     1.1433   0.044415     0.0365    42.02     25.98   5.0390e+21       1.1796     41.24
  i02j05k07       949    873   6.0000e+21   4.5250e+21     1.1596   0.044415     0.0365    42.02     25.98   4.5250e+21       1.1591     31.90
  i02j05k07       362    152   6.0000e+21   7.2020e+21     1.1003   0.044415     0.0365    42.02     25.98   7.2020e+21       1.1200     32.54
  i02j05k07       821    441   6.0000e+21   5.1760e+21     1.1395   0.044415     0.0365    42.02     25.98   5.1760e+21       1.1244     36.74
  i02j05k07       129    775   6.0000e+21   5.0390e+21     1.1433   0.044415     0.0365    42.02     25.98   5.0390e+21       1.1796     41.24
  i02j05k07       627    851   6.0000e+21   4.5100e+21     1.1601   0.044415     0.0365    42.02     25.98   4.5100e+21       1.1742     33.60
  i02j05k07       581    879   6.0000e+21   5.0350e+21     1.1434   0.044415     0.0365    42.02     25.98   5.0350e+21       1.1538     27.81
  i02j05k07       687    288   6.0000e+21   5.1760e+21     1.1395   0.044415     0.0365    42.02     25.98   5.1760e+21       1.1244     36.74
  i02j05k07       840    373   6.0000e+21   4.6170e+21     1.1564   0.044415     0.0365    42.02     25.98   4.6170e+21       1.1802     46.74
  i02j05k07       566    776   6.0000e+21   4.6020e+21     1.1569   0.044415     0.0365    42.02     25.98   4.6020e+21       1.1540     36.31
  i02j05k07       926    479   6.0000e+21   4.8450e+21     1.1491   0.044415     0.0365    42.02     25.98   4.8450e+21       1.1557     44.60
  i02j05k07       745    922   6.0000e+21   5.1880e+21     1.1392   0.044415     0.0365    42.02     25.98   5.1880e+21       1.1565     50.72
  i02j05k07       613    760   6.0000e+21   5.1880e+21     1.1392   0.044415     0.0365    42.02     25.98   5.1880e+21       1.1565     50.72
  i02j05k07       535    132   6.0000e+21   5.1800e+21     1.1394   0.044415     0.0365    42.02     25.98   5.1800e+21       1.1358     42.36
  i02j05k07       218    748   6.0000e+21   6.3380e+21     1.1139   0.044415     0.0365    42.02     25.98   6.3380e+21       1.1514     45.39
  i02j05k07       585    241   6.0000e+21   4.9300e+21     1.1465   0.044415     0.0365    42.02     25.98   4.9300e+21       1.1464     39.86
  i02j05k07       875    936   6.0000e+21   4.9740e+21     1.1452   0.044415     0.0365    42.02     25.98   4.9740e+21       1.1356     47.38
  i02j05k07        77    803   6.0000e+21   5.1760e+21     1.1395   0.044415     0.0365    42.02     25.98   5.1760e+21       1.1244     36.74
  i02j05k07       522    927   6.0000e+21   4.7200e+21     1.1530   0.044415     0.0365    42.02     25.98   4.7200e+21       1.1834     44.57
  i02j05k07       159    876   6.0000e+21   4.2950e+21     1.1681   0.044415     0.0365    42.02     25.98   4.2950e+21       1.1702     34.69
  i02j05k07       867    862   6.0000e+21   5.4480e+21     1.1326   0.044415     0.0365    42.02     25.98   5.4480e+21       1.1258     45.02
  i02j05k07       884    812   6.0000e+21   5.0390e+21     1.1433   0.044415     0.0365    42.02     25.98   5.0390e+21       1.1796     41.24
  i02j05k07       168    741   6.0000e+21   5.6550e+21     1.1277   0.044415     0.0365    42.02     25.98   5.6550e+21       1.1202     42.14
  i02j05k07       605    320   6.0000e+21   6.4990e+21     1.1111   0.044415     0.0365    42.02     25.98   6.4990e+21       1.1270     33.05
  i02j05k07       268    865   6.0000e+21   5.1800e+21     1.1394   0.044415     0.0365    42.02     25.98   5.1800e+21       1.1358     42.36
  i02j05k07       225    812   6.0000e+21   5.0390e+21     1.1433   0.044415     0.0365    42.02     25.98   5.0390e+21       1.1796     41.24
  i02j05k07       932    518   6.0000e+21   5.1800e+21     1.1394   0.044415     0.0365    42.02     25.98   5.1800e+21       1.1358     42.36
  i02j05k07       454    934   6.0000e+21   5.1800e+21     1.1394   0.044415     0.0365    42.02     25.98   5.1800e+21       1.1358     42.36
  i02j05k07       797    223   6.0000e+21   4.8850e+21     1.1478   0.044415     0.0365    42.02     25.98   4.8850e+21       1.1562     52.91
  i02j05k07       746    411   6.0000e+21   5.1800e+21     1.1394   0.044415     0.0365    42.02     25.98   5.1800e+21       1.1358     42.36
  i02j05k07       941    802   6.0000e+21   5.6550e+21     1.1277   0.044415     0.0365    42.02     25.98   5.6550e+21       1.1202     42.14
  i02j05k07       542    857   6.0000e+21   5.2790e+21     1.1368   0.044415     0.0365    42.02     25.98   5.2790e+21       1.1676     32.15
  i02j05k07       473    744   6.0000e+21   4.2950e+21     1.1681   0.044415     0.0365    42.02     25.98   4.2950e+21       1.1702     34.69
  i02j05k07       727    822   6.0000e+21   5.1760e+21     1.1395   0.044415     0.0365    42.02     25.98   5.1760e+21       1.1244     36.74
  i02j05k07       624    804   6.0000e+21   4.4550e+21     1.1621   0.044415     0.0365    42.02     25.98   4.4550e+21       1.1712     37.99
  i02j05k07        93    882   6.0000e+21   5.3290e+21     1.1355   0.044415     0.0365    42.02     25.98   5.3290e+21       1.1495     45.67
  i02j05k07       269    580   6.0000e+21   5.2590e+21     1.1373   0.044415     0.0365    42.02     25.98   5.2590e+21       1.1724     39.53
  i02j05k07       400    650   6.0000e+21   4.6460e+21     1.1554   0.044415     0.0365    42.02     25.98   4.6460e+21       1.1470     36.02
  i02j05k07       537    577   6.0000e+21   5.1339e+21     1.1407   0.044415     0.0365    42.02     25.98   5.1340e+21       1.1696     48.23
  i02j05k07       237    648   6.0000e+21   5.8660e+21     1.1231   0.044415     0.0365    42.02     25.98   5.8660e+21       1.1073     36.99
  i02j05k07       874    683   6.0000e+21   5.6550e+21     1.1277   0.044415     0.0365    42.02     25.98   5.6550e+21       1.1202     42.14
  i02j05k07       911    738   6.0000e+21   5.3290e+21     1.1355   0.044415     0.0365    42.02     25.98   5.3290e+21       1.1495     45.67
  i02j05k07       401    759   6.0000e+21   4.6020e+21     1.1569   0.044415     0.0365    42.02     25.98   4.6020e+21       1.1540     36.31
  i02j05k07       513    693   6.0000e+21   4.9300e+21     1.1465   0.044415     0.0365    42.02     25.98   4.9300e+21       1.1464     39.86
  i02j05k07       567    648   6.0000e+21   4.6020e+21     1.1569   0.044415     0.0365    42.02     25.98   4.6020e+21       1.1540     36.31
  i02j05k07       342    867   6.0000e+21   4.3120e+21     1.1675   0.044415     0.0365    42.02     25.98   4.3120e+21       1.1658     31.40
  i02j05k07       924    561   6.0000e+21   5.2790e+21     1.1368   0.044415     0.0365    42.02     25.98   5.2790e+21       1.1676     32.15
  i02j07k07       803    170   6.0000e+21   5.3410e+21     1.3430    0.10483    0.09308    41.97     26.62   5.3410e+21       1.2771     33.24
  i02j07k07       876    609   6.0000e+21   6.5030e+21     1.2817    0.10483    0.09308    41.97     26.62   6.5030e+21       1.2208     51.81
  i02j07k07       557    395   6.0000e+21   6.7080e+21     1.2731    0.10483    0.09308    41.97     26.62   6.7080e+21       1.2294     31.12
  i02j07k07       418    690   6.0000e+21   4.7590e+21     1.3850    0.10483    0.09308    41.97     26.62   4.7590e+21       1.3486     32.80
  i02j07k07       386    713   6.0000e+21   5.3919e+21     1.3398    0.10483    0.09308    41.97     26.62   5.3920e+21       1.3713     48.28
  i02j07k07        53    929   6.0000e+21   6.0930e+21     1.3007    0.10483    0.09308    41.97     26.62   6.0930e+21       1.2718     39.87
  i02j07k07        49    443   6.0000e+21   6.5029e+21     1.2817    0.10483    0.09308    41.97     26.62   6.5030e+21       1.2208     51.81
  i02j07k07       674    735   6.0000e+21   4.9330e+21     1.3714    0.10483    0.09308    41.97     26.62   4.9330e+21       1.3087     38.29
  i02j07k07       325    126   6.0000e+21   6.7720e+21     1.2705    0.10483    0.09308    41.97     26.62   6.7720e+21       1.2725     43.05
  i02j07k07       724    568   6.0000e+21   6.5520e+21     1.2796    0.10483    0.09308    41.97     26.62   6.5520e+21       1.3251     36.52
  i02j07k07        46    547   6.0000e+21   7.8420e+21     1.2336    0.10483    0.09308    41.97     26.62   7.8420e+21       1.2541     29.20
  i02j07k07       416    197   6.0000e+21   7.6870e+21     1.2383    0.10483    0.09308    41.97     26.62   7.6870e+21       1.2179     46.92
  i02j07k07       249    699   6.0000e+21   5.0810e+21     1.3606    0.10483    0.09308    41.97     26.62   5.0810e+21       1.2716     36.85
  i02j07k07        88    749   6.0000e+21   6.2940e+21     1.2911    0.10483    0.09308    41.97     26.62   6.2940e+21       1.2210     30.36
  i02j07k07       756    751   6.0000e+21   5.6010e+21     1.3271    0.10483    0.09308    41.97     26.62   5.6010e+21       1.3699     35.69
  i02j07k07       634    602   6.0000e+21   7.6871e+21     1.2383    0.10483    0.09308    41.97     26.62   7.6870e+21       1.2179     46.92
  i02j07k07       284    909   6.0000e+21   4.3390e+21     1.4222    0.10483    0.09308    41.97     26.62   4.3390e+21       1.2975     30.08
  i02j07k07       813    578   6.0000e+21   6.1270e+21     1.2990    0.10483    0.09308    41.97     26.62   6.1270e+21       1.2841     41.70
  i02j07k07       417    280   6.0000e+21   7.6710e+21     1.2388    0.10483    0.09308    41.97     26.62   7.6710e+21       1.2964     38.58
  i02j07k07       900    439   6.0000e+21   6.9630e+21     1.2631    0.10483    0.09308    41.97     26.62   6.9630e+21       1.2387     40.16
  i02j07k07       470    600   6.0000e+21   6.5520e+21     1.2796    0.10483    0.09308    41.97     26.62   6.5520e+21       1.3251     36.52
  i02j07k07       263    735   6.0000e+21   5.0720e+21     1.3612    0.10483    0.09308    41.97     26.62   5.0720e+21       1.2995     45.61
  i02j07k07        53    394   6.0000e+21   5.8870e+21     1.3112    0.10483    0.09308    41.97     26.62   5.8870e+21       1.3109     37.56
  i02j07k07       413    894   6.0000e+21   4.3390e+21     1.4222    0.10483    0.09308    41.97     26.62   4.3390e+21       1.2975     30.08
  i02j07k07       484    790   6.0000e+21   6.7720e+21     1.2705    0.10483    0.09308    41.97     26.62   6.7720e+21       1.2725     43.05
  i02j07k07       759    867   6.0000e+21   6.4429e+21     1.2843    0.10483    0.09308    41.97     26.62   6.4430e+21       1.3099     34.07
  i02j07k07       918    931   6.0000e+21   6.2420e+21     1.2935    0.10483    0.09308    41.97     26.62   6.2420e+21       1.3110     33.89
  i02j07k07       655    244   6.0000e+21   6.5029e+21     1.2817    0.10483    0.09308    41.97     26.62   6.5030e+21       1.2208     51.81
  i02j07k07       323    667   6.0000e+21   4.7500e+21     1.3857    0.10483    0.09308    41.97     26.62   4.7500e+21       1.3114     28.45
  i02j07k07       858    448   6.0000e+21   6.2421e+21     1.2935    0.10483    0.09308    41.97     26.62   6.2420e+21       1.3110     33.89
  i02j07k07       349    704   6.0000e+21   4.5000e+21     1.4071    0.10483    0.09308    41.97     26.62   4.5000e+21       1.3256     29.86
  i02j07k07       756    165   6.0000e+21   7.0949e+21     1.2582    0.10483    0.09308    41.97     26.62   7.0950e+21       1.2826     43.78
  i01j06k07       746    258   3.0000e+21   3.6720e+21     1.3331   0.068215    0.06097    41.95     26.35   3.6720e+21       1.2720     33.97
  i01j06k07       514    642   3.0000e+21   4.2350e+21     1.2888   0.068215    0.06097    41.95     26.35   4.2350e+21       1.2855     34.62
  i01j06k07       741    126   3.0000e+21   3.8440e+21     1.3182   0.068215    0.06097    41.95     26.35   3.8440e+21       1.2833     31.89
  i01j06k07       613    148   3.0000e+21   3.6310e+21     1.3368   0.068215    0.06097    41.95     26.35   3.6310e+21       1.3415     33.83
  i01j06k07       682    107   3.0000e+21   3.6310e+21     1.3368   0.068215    0.06097    41.95     26.35   3.6310e+21       1.3415     33.83
  i01j06k07       363    804   3.0000e+21   4.1220e+21     1.2967   0.068215    0.06097    41.95     26.35   4.1220e+21       1.2547     48.74
  i01j06k07       798     96   3.0000e+21   3.3370e+21     1.3665   0.068215    0.06097    41.95     26.35   3.3370e+21       1.2533     29.83
  i01j06k07       696    933   3.0000e+21   3.8930e+21     1.3142   0.068215    0.06097    41.95     26.35   3.8930e+21       1.2908     36.07
  i01j06k07       667    834   3.0000e+21   4.2060e+21     1.2908   0.068215    0.06097    41.95     26.35   4.2060e+21       1.2312     37.27
  i01j06k07       789    312   3.0000e+21   3.2290e+21     1.3788   0.068215    0.06097    41.95     26.35   3.2290e+21       1.2893     30.58
  i01j06k07       594    181   3.0000e+21   4.0300e+21     1.3035   0.068215    0.06097    41.95     26.35   4.0300e+21       1.2690     28.26
  i01j06k07       944    344   3.0000e+21   3.4380e+21     1.3557   0.068215    0.06097    41.95     26.35   3.4380e+21       1.3662     32.93
  i01j06k07       206    916   3.0000e+21   3.7100e+21     1.3296   0.068215    0.06097    41.95     26.35   3.7100e+21       1.2717     36.60
  i01j06k07       154    936   3.0000e+21   4.1790e+21     1.2927   0.068215    0.06097    41.95     26.35   4.1790e+21       1.2211     30.38
  i01j06k07       323    797   3.0000e+21   3.9970e+21     1.3060   0.068215    0.06097    41.95     26.35   3.9970e+21       1.2792     46.32
  i01j06k07       942     97   3.0000e+21   2.7690e+21     1.4417   0.068215    0.06097    41.95     26.35   2.7690e+21       1.3640     31.84
  i01j06k07       591     75   3.0000e+21   3.7850e+21     1.3231   0.068215    0.06097    41.95     26.35   3.7850e+21       1.2666     54.50
  i01j06k07       380    925   3.0000e+21   4.1790e+21     1.2927   0.068215    0.06097    41.95     26.35   4.1790e+21       1.2211     30.38
  i01j06k07       656     62   3.0000e+21   3.2430e+21     1.3771   0.068215    0.06097    41.95     26.35   3.2430e+21       1.4036     28.94
  i01j06k07       934     31   3.0000e+21   2.8050e+21     1.4360   0.068215    0.06097    41.95     26.35   2.8050e+21       1.2965     31.03
  i01j06k07       423    815   3.0000e+21   3.8440e+21     1.3182   0.068215    0.06097    41.95     26.35   3.8440e+21       1.2833     31.89
  i01j06k07       781    946   3.0000e+21   4.0960e+21     1.2986   0.068215    0.06097    41.95     26.35   4.0960e+21       1.2329     40.20
  i01j06k07       207    865   3.0000e+21   3.8440e+21     1.3182   0.068215    0.06097    41.95     26.35   3.8440e+21       1.2833     31.89
  i01j06k07       875    188   3.0000e+21   3.4360e+21     1.3559   0.068215    0.06097    41.95     26.35   3.4360e+21       1.3289     40.35
  i01j06k07       636    915   3.0000e+21   3.5290e+21     1.3466   0.068215    0.06097    41.95     26.35   3.5290e+21       1.2565     36.88
  i01j06k07       611     28   3.0000e+21   4.0970e+21     1.2985   0.068215    0.06097    41.95     26.35   4.0970e+21       1.2729     39.84
  i01j06k07       568     36   3.0000e+21   4.1790e+21     1.2927   0.068215    0.06097    41.95     26.35   4.1790e+21       1.2211     30.38
  i01j06k07       434    861   3.0000e+21   4.1740e+21     1.2930   0.068215    0.06097    41.95     26.35   4.1740e+21       1.2335     25.83
  i01j06k07       759     84   3.0000e+21   3.1371e+21     1.3899   0.068215    0.06097    41.95     26.35   3.1370e+21       1.4431     32.47
  i01j06k07       813    132   3.0000e+21   3.1369e+21     1.3899   0.068215    0.06097    41.95     26.35   3.1370e+21       1.4431     32.47
  i01j07k07       931    142   3.0000e+21   2.8610e+21     1.6659    0.10474    0.09448    41.74     26.48   2.8610e+21       1.7553     33.95
  i01j07k07       946    236   3.0000e+21   2.9170e+21     1.6531    0.10474    0.09448    41.74     26.48   2.9170e+21       1.5489     30.15
  i01j07k07       624    106   3.0000e+21   3.6880e+21     1.5165    0.10474    0.09448    41.74     26.48   3.6880e+21       1.5206     30.66
  i01j07k07       681    772   3.0000e+21   4.1420e+21     1.4599    0.10474    0.09448    41.74     26.48   4.1420e+21       1.3354     38.97
  i01j07k07       870     40   3.0000e+21   2.8610e+21     1.6658    0.10474    0.09448    41.74     26.48   2.8610e+21       1.7553     33.95
  i01j07k07       742    309   3.0000e+21   3.4979e+21     1.5446    0.10474    0.09448    41.74     26.48   3.4980e+21       1.4603     32.44
  i01j07k07       851    329   3.0000e+21   3.6880e+21     1.5165    0.10474    0.09448    41.74     26.48   3.6880e+21       1.5206     30.66
  i01j05k07       811    274   3.0000e+21   3.5690e+21     1.2170   0.044452    0.03816    41.64     26.04   3.5690e+21       1.1584     40.15
  i01j05k07       837    224   3.0000e+21   3.5110e+21     1.2206   0.044452    0.03816    41.64     26.04   3.5110e+21       1.2134     36.38
  i01j05k07       485    668   3.0000e+21   3.9980e+21     1.1937   0.044452    0.03816    41.64     26.04   3.9980e+21       1.1450     39.00
  i01j05k07       837     73   3.0000e+21   2.8670e+21     1.2701   0.044452    0.03816    41.64     26.04   2.8670e+21       1.2964     38.64
  i01j05k07       940    284   3.0000e+21   3.2140e+21     1.2409   0.044452    0.03816    41.64     26.04   3.2140e+21       1.1853     32.36
  i01j05k07       297    840   3.0000e+21   3.9970e+21     1.1937   0.044452    0.03816    41.64     26.04   3.9970e+21       1.2172     28.48
  i01j05k07       901     85   3.0000e+21   2.5030e+21     1.3094   0.044452    0.03816    41.64     26.04   2.5030e+21       1.2268     30.06
  i01j05k07       675    152   3.0000e+21   3.9980e+21     1.1937   0.044452    0.03816    41.64     26.04   3.9980e+21       1.1450     39.00
  i01j05k07       739     27   3.0000e+21   3.3721e+21     1.2297   0.044452    0.03816    41.64     26.04   3.3720e+21       1.2357     34.54
  i01j05k07       597    938   3.0000e+21   3.8609e+21     1.2006   0.044452    0.03816    41.64     26.04   3.8610e+21       1.1907     34.39
  i01j05k07       893    899   3.0000e+21   4.0220e+21     1.1925   0.044452    0.03816    41.64     26.04   4.0220e+21       1.1582     30.98
  i01j05k07       903    374   3.0000e+21   3.5072e+21     1.2208   0.044452    0.03816    41.64     26.04   3.5070e+21       1.2499     45.92
  i01j05k07       666     25   3.0000e+21   3.3724e+21     1.2296   0.044452    0.03816    41.64     26.04   3.3720e+21       1.2357     34.54
  i01j05k07       916    849   3.0000e+21   3.8830e+21     1.1994   0.044452    0.03816    41.64     26.04   3.8830e+21       1.1815     45.76
  i01j05k07       847    156   3.0000e+21   3.4541e+21     1.2242   0.044452    0.03816    41.64     26.04   3.4540e+21       1.1574     40.13
  i01j05k07       808    345   3.0000e+21   3.5220e+21     1.2199   0.044452    0.03816    41.64     26.04   3.5220e+21       1.1730     46.96
  i01j05k07       185    833   3.0000e+21   4.0220e+21     1.1925   0.044452    0.03816    41.64     26.04   4.0220e+21       1.1582     30.98
  i01j05k07       357    750   3.0000e+21   3.8140e+21     1.2030   0.044452    0.03816    41.64     26.04   3.8140e+21       1.1644     37.98
  i01j05k07       314    726   3.0000e+21   3.9590e+21     1.1956   0.044452    0.03816    41.64     26.04   3.9590e+21       1.2269     38.06
  i01j05k07       219    951   3.0000e+21   3.6230e+21     1.2137   0.044452    0.03816    41.64     26.04   3.6000e+21       1.1547     38.65
  i01j05k07       633    195   3.0000e+21   4.1330e+21     1.1874   0.044452    0.03816    41.64     26.04   4.1330e+21       1.2219     27.66
  i01j05k07       657    884   3.0000e+21   3.6313e+21     1.2133   0.044452    0.03816    41.64     26.04   3.5730e+21       1.1932     37.00
  i01j05k07       844    292   3.0000e+21   3.2868e+21     1.2356   0.044452    0.03816    41.64     26.04   3.3720e+21       1.2357     34.54
  i01j05k07       909    781   3.0000e+21   4.0120e+21     1.1930   0.044452    0.03816    41.64     26.04   4.0120e+21       1.1405     37.89
  i01j05k07       411    951   3.0000e+21   4.0229e+21     1.1925   0.044452    0.03816    41.64     26.04   4.0230e+21       1.1612     40.78
  i01j05k07       292    948   3.0000e+21   3.8815e+21     1.1995   0.044452    0.03816    41.64     26.04   3.8830e+21       1.1815     45.76
  i01j05k07       562    951   3.0000e+21   3.8578e+21     1.2007   0.044452    0.03816    41.64     26.04   3.5730e+21       1.1932     37.00
  i01j05k07       718     96   3.0000e+21   3.1276e+21     1.2476   0.044452    0.03816    41.64     26.04   3.2250e+21       1.1253     32.28
  i01j05k07       306    763   3.0000e+21   3.9955e+21     1.1938   0.044452    0.03816    41.64     26.04   3.9970e+21       1.2172     28.48
  i01j05k07       770    345   3.0000e+21   4.1070e+21     1.1886   0.044452    0.03816    41.64     26.04   4.1070e+21       1.2002     30.21
  i01j05k07       660    944   3.0000e+21   3.8761e+21     1.1998   0.044452    0.03816    41.64     26.04   3.6480e+21       1.2014     41.44
  i01j05k07       950    381   3.0000e+21   3.9355e+21     1.1968   0.044452    0.03816    41.64     26.04   3.9340e+21       1.1445     46.81
  i01j05k07       935    191   3.0000e+21   2.8230e+21     1.2743   0.044452    0.03816    41.64     26.04   2.8230e+21       1.1751     39.54
  i01j05k07       255    941   3.0000e+21   3.9454e+21     1.1963   0.044452    0.03816    41.64     26.04   3.8440e+21       1.1534     41.42
  i01j05k07       899    305   3.0000e+21   2.8051e+21     1.2761   0.044452    0.03816    41.64     26.04   2.8050e+21       1.2965     31.03
  i01j05k07       702     35   3.0000e+21   3.1211e+21     1.2481   0.044452    0.03816    41.64     26.04   3.3720e+21       1.2357     34.54
  i01j05k07       397    856   3.0000e+21   3.9996e+21     1.1936   0.044452    0.03816    41.64     26.04   3.9980e+21       1.1177     41.69
  i01j05k07       770     48   3.0000e+21   3.0247e+21     1.2560   0.044452    0.03816    41.64     26.04   3.3630e+21       1.2176     30.60
  i01j05k07       902    214   3.0000e+21   2.4170e+21     1.3204   0.044452    0.03816    41.64     26.04   2.3910e+21       1.2662     40.62
  i01j05k07       450    713   3.0000e+21   4.0041e+21     1.1934   0.044452    0.03816    41.64     26.04   4.0040e+21       1.1762     36.18
  i01j05k07       266    819   3.0000e+21   3.9476e+21     1.1962   0.044452    0.03816    41.64     26.04   3.5290e+21       1.2565     36.88
  i01j05k07       947    597   3.0000e+21   4.1920e+21     1.1847   0.044452    0.03816    41.64     26.04   4.1920e+21       1.1980     42.22
  i01j05k07       562    161   3.0000e+21   3.9676e+21     1.1952   0.044452    0.03816    41.64     26.04   3.8140e+21       1.1644     37.98
  i01j05k07       532     25   3.0000e+21   4.0102e+21     1.1931   0.044452    0.03816    41.64     26.04   3.5110e+21       1.1749     43.57
  i01j05k07       857    257   3.0000e+21   2.8919e+21     1.2678   0.044452    0.03816    41.64     26.04   2.9600e+21       1.2263     28.02
  i01j05k07       436    780   3.0000e+21   4.0155e+21     1.1929   0.044452    0.03816    41.64     26.04   3.5690e+21       1.1584     40.15
  i01j05k07       447    666   3.0000e+21   4.0364e+21     1.1919   0.044452    0.03816    41.64     26.04   3.5910e+21       1.2361     30.59
  i01j05k07       457    831   3.0000e+21   4.1107e+21     1.1884   0.044452    0.03816    41.64     26.04   4.0120e+21       1.1405     37.89
  i01j05k07       745    373   3.0000e+21   4.1366e+21     1.1872   0.044452    0.03816    41.64     26.04   3.9590e+21       1.2269     38.06
  i01j05k07       884    151   3.0000e+21   2.7519e+21     1.2814   0.044452    0.03816    41.64     26.04   3.0930e+21       1.1700     41.12
  i01j05k07       844    110   3.0000e+21   2.6891e+21     1.2880   0.044452    0.03816    41.64     26.04   3.3420e+21       1.1861     46.51
  i01j05k07       122    916   3.0000e+21   4.1604e+21     1.1861   0.044452    0.03816    41.64     26.04   3.4630e+21       1.2347     41.94
  i01j05k07       893    268   3.0000e+21   2.6740e+21     1.2896   0.044452    0.03816    41.64     26.04   2.9600e+21       1.2263     28.02
  i01j05k07       234    891   3.0000e+21   4.1610e+21     1.1861   0.044452    0.03816    41.64     26.04   3.4630e+21       1.2347     41.94
  i01j05k07       951    451   3.0000e+21   4.2213e+21     1.1834   0.044452    0.03816    41.64     26.04   3.3720e+21       1.1619     45.19
  i02j06k07       784    393   6.0000e+21   5.2908e+21     1.2177   0.068282    0.05758    41.56     26.18   5.2910e+21       1.2035     47.95
  i02j06k07       553    905   6.0000e+21   5.2912e+21     1.2177   0.068282    0.05758    41.56     26.18   5.2910e+21       1.2035     47.95
  i02j06k07       788    817   6.0000e+21   7.2020e+21     1.1600   0.068282    0.05758    41.56     26.18   7.2020e+21       1.1200     32.54
  i02j06k07       109    951   6.0000e+21   5.0809e+21     1.2267   0.068282    0.05758    41.56     26.18   5.0810e+21       1.2716     36.85
  i02j06k07       547     84   6.0000e+21   5.0908e+21     1.2263   0.068282    0.05758    41.56     26.18   5.0910e+21       1.1869     44.88
  i02j06k07       184    791   6.0000e+21   4.4709e+21     1.2577   0.068282    0.05758    41.56     26.18   4.4710e+21       1.2290     28.44
  i02j06k07       578    820   6.0000e+21   4.5750e+21     1.2518   0.068282    0.05758    41.56     26.18   4.5750e+21       1.2108     39.61
  i02j06k07       275    663   6.0000e+21   4.8665e+21     1.2367   0.068282    0.05758    41.56     26.18   4.8680e+21       1.2921     33.88
  i02j06k07       436    622   6.0000e+21   4.9112e+21     1.2346   0.068282    0.05758    41.56     26.18   4.9110e+21       1.2348     39.69
  i02j06k07        91    417   6.0000e+21   5.9681e+21     1.1930   0.068282    0.05758    41.56     26.18   5.9680e+21       1.2309     53.28
  i02j06k07       150    815   6.0000e+21   4.4751e+21     1.2574   0.068282    0.05758    41.56     26.18   4.4760e+21       1.2813     42.20
  i02j06k07       650    695   6.0000e+21   6.0001e+21     1.1920   0.068282    0.05758    41.56     26.18   6.0000e+21       1.1978     54.23
  i02j06k07       320    898   6.0000e+21   4.3914e+21     1.2623   0.068282    0.05758    41.56     26.18   4.4580e+21       1.2072     33.52
  i02j06k07       358    192   6.0000e+21   7.5549e+21     1.1525   0.068282    0.05758    41.56     26.18   7.5550e+21       1.1760     33.68
  i02j06k07       716    786   6.0000e+21   4.5571e+21     1.2528   0.068282    0.05758    41.56     26.18   4.4580e+21       1.2072     33.52
  i02j06k07       592    620   6.0000e+21   5.1305e+21     1.2245   0.068282    0.05758    41.56     26.18   5.1310e+21       1.2543     41.54
  i02j06k07       839    481   6.0000e+21   5.4169e+21     1.2127   0.068282    0.05758    41.56     26.18   5.4170e+21       1.1852     45.10
  i02j06k07       376    887   6.0000e+21   4.5789e+21     1.2516   0.068282    0.05758    41.56     26.18   4.5470e+21       1.2296     30.21
  i02j06k07       289    698   6.0000e+21   4.6659e+21     1.2469   0.068282    0.05758    41.56     26.18   4.5470e+21       1.2296     30.21
  i02j06k07       567    207   6.0000e+21   4.7812e+21     1.2409   0.068282    0.05758    41.56     26.18   4.5810e+21       1.2037     44.61
  i02j06k07       799    902   6.0000e+21   6.2229e+21     1.1851   0.068282    0.05758    41.56     26.18   6.2230e+21       1.2136     36.38
  i02j06k07       723    727   6.0000e+21   5.0164e+21     1.2296   0.068282    0.05758    41.56     26.18   5.0170e+21       1.1597     40.58
  i02j06k07        46    780   6.0000e+21   7.1999e+21     1.1600   0.068282    0.05758    41.56     26.18   7.2000e+21       1.1410     43.00
  i02j06k07       616    266   6.0000e+21   5.4811e+21     1.2102   0.068282    0.05758    41.56     26.18   5.4810e+21       1.2146     33.93
  i02j06k07       879    403   6.0000e+21   6.2691e+21     1.1838   0.068282    0.05758    41.56     26.18   6.2690e+21       1.1739     46.87
  i02j06k07       493     34   6.0000e+21   5.3368e+21     1.2159   0.068282    0.05758    41.56     26.18   5.3370e+21       1.1831     43.73
  i02j06k07       124    861   6.0000e+21   4.8381e+21     1.2381   0.068282    0.05758    41.56     26.18   4.7220e+21       1.1968     38.02
  i02j06k07       386    612   6.0000e+21   5.9508e+21     1.1936   0.068282    0.05758    41.56     26.18   5.9510e+21       1.2348     35.96
  i02j06k07       872    571   6.0000e+21   7.7210e+21     1.1492   0.068282    0.05758    41.56     26.18   7.7210e+21       1.1261     49.09
  i02j06k07       451    896   6.0000e+21   4.9597e+21     1.2323   0.068282    0.05758    41.56     26.18   4.5470e+21       1.2296     30.21
  i02j06k07       890    489   6.0000e+21   4.9630e+21     1.2321   0.068282    0.05758    41.56     26.18   4.7220e+21       1.1968     38.02
  i02j06k07       543    618   6.0000e+21   5.0020e+21     1.2303   0.068282    0.05758    41.56     26.18   4.9090e+21       1.2078     43.27
  i02j06k07       492    892   6.0000e+21   6.2228e+21     1.1851   0.068282    0.05758    41.56     26.18   6.2230e+21       1.2136     36.38
  i02j06k07        91    148   6.0000e+21   7.3310e+21     1.1571   0.068282    0.05758    41.56     26.18   7.3310e+21       1.1571     30.41
  i02j06k07       360    662   6.0000e+21   5.1268e+21     1.2247   0.068282    0.05758    41.56     26.18   4.5940e+21       1.2323     38.78
  i02j06k07       951    949   6.0000e+21   5.1291e+21     1.2246   0.068282    0.05758    41.56     26.18   4.8680e+21       1.2921     33.88
  i02j06k07       951    911   6.0000e+21   5.1295e+21     1.2246   0.068282    0.05758    41.56     26.18   4.7220e+21       1.1968     38.02
  i02j06k07       249    612   6.0000e+21   5.3376e+21     1.2158   0.068282    0.05758    41.56     26.18   4.9110e+21       1.2348     39.69
  i02j06k07       577    584   6.0000e+21   5.9509e+21     1.1936   0.068282    0.05758    41.56     26.18   5.9510e+21       1.2348     35.96
  i02j06k07       200    641   6.0000e+21   5.3516e+21     1.2153   0.068282    0.05758    41.56     26.18   5.0360e+21       1.2413     37.37
  i02j06k07       676    667   6.0000e+21   5.5422e+21     1.2079   0.068282    0.05758    41.56     26.18   5.5390e+21       1.2219     34.35
  i02j06k07       836    883   6.0000e+21   5.4246e+21     1.2124   0.068282    0.05758    41.56     26.18   4.9450e+21       1.1900     48.10
  i02j06k07       378     43   6.0000e+21   7.1998e+21     1.1600   0.068282    0.05758    41.56     26.18   7.2000e+21       1.1410     43.00
  i02j06k07       759    223   6.0000e+21   5.5263e+21     1.2085   0.068282    0.05758    41.56     26.18   5.0980e+21       1.2375     51.16
  i02j06k07       643    292   6.0000e+21   5.5913e+21     1.2060   0.068282    0.05758    41.56     26.18   5.2910e+21       1.2035     47.95
  i02j06k07       753    791   6.0000e+21   5.6279e+21     1.2047   0.068282    0.05758    41.56     26.18   5.3410e+21       1.2771     33.24
  i02j06k07       127    715   6.0000e+21   6.1315e+21     1.1879   0.068282    0.05758    41.56     26.18   6.1310e+21       1.2138     42.97
  i02j06k07       322    597   6.0000e+21   6.6740e+21     1.1726   0.068282    0.05758    41.56     26.18   6.6740e+21       1.1410     37.07
  i02j06k07       861    648   6.0000e+21   5.6642e+21     1.2034   0.068282    0.05758    41.56     26.18   4.7680e+21       1.1906     46.72
  i02j06k07       216    679   6.0000e+21   5.7199e+21     1.2014   0.068282    0.05758    41.56     26.18   4.6470e+21       1.2464     33.59
  i02j06k07       943    764   6.0000e+21   5.8067e+21     1.1984   0.068282    0.05758    41.56     26.18   4.3800e+21       1.2259     37.65
  i02j06k07       419     25   6.0000e+21   5.9127e+21     1.1948   0.068282    0.05758    41.56     26.18   5.5050e+21       1.1831     50.06
  i02j06k07       416    589   6.0000e+21   5.9462e+21     1.1937   0.068282    0.05758    41.56     26.18   4.9020e+21       1.2399     39.77
  i02j06k07       708    257   6.0000e+21   6.0084e+21     1.1917   0.068282    0.05758    41.56     26.18   5.9680e+21       1.2309     53.28
  i02j06k07       535    187   6.0000e+21   6.0356e+21     1.1909   0.068282    0.05758    41.56     26.18   5.7900e+21       1.2152     44.44
  i02j06k07       452    306   6.0000e+21   6.3381e+21     1.1818   0.068282    0.05758    41.56     26.18   6.3380e+21       1.1514     45.39
  i02j06k07       951    635   6.0000e+21   6.1205e+21     1.1882   0.068282    0.05758    41.56     26.18   4.9450e+21       1.1900     48.10
  i02j06k07        80    844   6.0000e+21   6.1925e+21     1.1860   0.068282    0.05758    41.56     26.18   5.1800e+21       1.2508     35.90
  i02j06k07       944    720   6.0000e+21   6.2119e+21     1.1855   0.068282    0.05758    41.56     26.18   5.1120e+21       1.2166     42.94
  i02j06k07       802    474   6.0000e+21   6.2367e+21     1.1847   0.068282    0.05758    41.56     26.18   5.0390e+21       1.1796     41.24
  i02j06k07       490    849   6.0000e+21   6.3923e+21     1.1802   0.068282    0.05758    41.56     26.18   4.6470e+21       1.2464     33.59
  i02j06k07       511    550   6.0000e+21   6.4068e+21     1.1798   0.068282    0.05758    41.56     26.18   4.4760e+21       1.2813     42.20
  i02j06k07       540    819   6.0000e+21   6.4473e+21     1.1787   0.068282    0.05758    41.56     26.18   4.5470e+21       1.2296     30.21
  i02j06k07       687    326   6.0000e+21   6.4765e+21     1.1779   0.068282    0.05758    41.56     26.18   5.4170e+21       1.1852     45.10
  i02j06k07       635    343   6.0000e+21   6.5190e+21     1.1767   0.068282    0.05758    41.56     26.18   5.0810e+21       1.2716     36.85
  i02j06k07       549    681   6.0000e+21   6.5349e+21     1.1763   0.068282    0.05758    41.56     26.18   6.3380e+21       1.1514     45.39
  i02j06k07       397    470   6.0000e+21   6.5717e+21     1.1753   0.068282    0.05758    41.56     26.18   4.9450e+21       1.1900     48.10
  i02j06k07       898    654   6.0000e+21   6.6831e+21     1.1724   0.068282    0.05758    41.56     26.18   5.2910e+21       1.2035     47.95
  i02j06k07        25    509   6.0000e+21   6.6868e+21     1.1723   0.068282    0.05758    41.56     26.18   5.1140e+21       1.2347     40.51
  i02j06k07       590    435   6.0000e+21   6.7092e+21     1.1717   0.068282    0.05758    41.56     26.18   6.6740e+21       1.1410     37.07
  i02j06k07       345     25   6.0000e+21   6.7427e+21     1.1709   0.068282    0.05758    41.56     26.18   5.0360e+21       1.2413     37.37
  i02j12k06        70     33   6.0000e+21   8.2530e+21     3.2368    0.89454     0.7963    33.08     37.06   8.2530e+21       3.0841     22.97
  i04j11k06       179    165   2.4000e+22   2.2940e+22     1.6212    0.58261     0.8576    31.80     29.27   2.2940e+22       1.5196     28.26
  i04j11k06       510    432   2.4000e+22   2.2740e+22     1.6266    0.58261     0.8576    31.80     29.27   2.2740e+22       1.6676     31.04
  i04j10k06       190    259   2.4000e+22   2.6915e+22     1.4276    0.37923      0.547    29.80     22.98   2.6920e+22       1.3552     31.40
  i04j10k06       267    273   2.4000e+22   2.6928e+22     1.4274    0.37923      0.547    29.80     22.98   2.6920e+22       1.3552     31.40
  i03j10k06       604    511   1.2000e+22   1.1420e+22     2.0683    0.37945     0.3936    29.42     22.10   1.1420e+22       2.0228     23.12
  i03j10k06       698    523   1.2000e+22   1.1420e+22     2.0683    0.37945     0.3936    29.42     22.10   1.1420e+22       2.0228     23.12
  i03j10k06       167    310   1.2000e+22   1.6350e+22     1.7462    0.37945     0.3936    29.42     22.10   1.6350e+22       1.7939     25.60
  i04j09k06       266    485   2.4000e+22   2.1140e+22     1.4055    0.24717     0.3383    27.84     19.72   2.1140e+22       1.4117     24.51
  i03j09k06       500    514   1.2000e+22   1.1970e+22     1.7545    0.24693      0.252    27.56     19.24   1.1970e+22       1.6857     32.30
  i03j09k06       752    507   1.2000e+22   1.3610e+22     1.6636    0.24693      0.252    27.56     19.24   1.3610e+22       1.7120     27.82
  i03j09k06       141    461   1.2000e+22   1.5760e+22     1.5731    0.24693      0.252    27.56     19.24   1.5760e+22       1.5272     22.00
  i03j09k06       324    445   1.2000e+22   8.9530e+21     2.0088    0.24693      0.252    27.56     19.24   8.9530e+21       1.7860     24.82
  i03j09k06        78    280   1.2000e+22   9.8930e+21     1.9130    0.24693      0.252    27.56     19.24   9.8930e+21       1.7605     28.59
  i02j09k06       122     74   6.0000e+21   8.1600e+21     2.1505    0.24695     0.2298    27.24     18.81   8.1600e+21       1.8677     24.68
  i02j09k06       439    475   6.0000e+21   7.0440e+21     2.3328    0.24695     0.2298    27.24     18.81   7.0440e+21       2.2442     22.64
  i03j08k06       235    230   1.2000e+22   1.6230e+22     1.3862    0.16075     0.1597    26.68     17.78   1.6230e+22       1.3341     23.37
  i03j08k06        59    169   1.2000e+22   1.1340e+22     1.5527    0.16075     0.1597    26.68     17.78   1.1340e+22       1.6254     23.45
  i03j08k06        43    649   1.2000e+22   1.2120e+22     1.5172    0.16075     0.1597    26.68     17.78   1.2120e+22       1.5649     23.30
  i03j08k06       304     48   1.2000e+22   8.7270e+21     1.7182    0.16075     0.1597    26.68     17.78   8.7270e+21       1.5980     25.26
  i03j08k06       737    649   1.2000e+22   8.9530e+21     1.7001    0.16075     0.1597    26.68     17.78   8.9530e+21       1.7860     24.82
  i03j08k06       130    632   1.2000e+22   1.1340e+22     1.5527    0.16075     0.1597    26.68     17.78   1.1340e+22       1.6254     23.45
  i03j08k06       240    406   1.2000e+22   1.3670e+22     1.4585    0.16075     0.1597    26.68     17.78   1.3670e+22       1.4323     25.48
  i01j08k06       692    895   3.0000e+21   4.1109e+21     2.6210    0.16083     0.1441    26.23     17.29   4.1550e+21       2.5728     24.04
  i03j07k06       301    181   1.2000e+22   8.9000e+21     1.4738     0.1047     0.1015    26.06     16.93   8.9000e+21       1.4189     31.25
  i03j07k06       473    387   1.2000e+22   1.6730e+22     1.2521     0.1047     0.1015    26.06     16.93   1.6730e+22       1.2277     35.77
  i03j07k06       302    529   1.2000e+22   1.1220e+22     1.3758     0.1047     0.1015    26.06     16.93   1.1220e+22       1.3578     24.99
  i03j07k06        38    249   1.2000e+22   1.0470e+22     1.4028     0.1047     0.1015    26.06     16.93   1.0470e+22       1.4085     25.72
  i03j07k06       545    430   1.2000e+22   1.2000e+22     1.3514     0.1047     0.1015    26.06     16.93   1.2000e+22       1.3295     25.11
  i03j07k06       179    364   1.2000e+22   1.1220e+22     1.3758     0.1047     0.1015    26.06     16.93   1.1220e+22       1.3578     24.99
  i03j07k06       241    148   1.2000e+22   1.1220e+22     1.3758     0.1047     0.1015    26.06     16.93   1.1220e+22       1.3578     24.99
  i03j07k06        51    304   1.2000e+22   1.0470e+22     1.4028     0.1047     0.1015    26.06     16.93   1.0470e+22       1.4085     25.72
  i02j07k06        65    482   6.0000e+21   6.8164e+21     1.6377    0.10484    0.09719    26.03     16.86   6.8170e+21       1.4553     25.89
  i02j07k06       912    606   6.0000e+21   6.3040e+21     1.6896    0.10484    0.09719    26.03     16.86   6.3130e+21       1.6350     27.76
  i03j05k06       403    317   1.2000e+22   1.1230e+22     1.1547   0.044458    0.03981    25.62     16.19   1.1230e+22       1.1266     22.03
  i03j05k06        30    101   1.2000e+22   9.4171e+21     1.1845   0.044458    0.03981    25.62     16.19   9.4170e+21       1.1989     27.83
  i01j06k06       777    133   3.0000e+21   3.9943e+21     1.7378   0.068181    0.06214    25.53     16.31   3.9880e+21       1.5549     27.82
  i01j06k06       884    343   3.0000e+21   3.1006e+21     1.9505   0.068181    0.06214    25.53     16.31   3.2650e+21       1.7335     28.56
  i01j04k06       337    830   3.0000e+21   4.0700e+21     1.3010   0.028947     0.0259    25.52     16.10   4.1330e+21       1.2219     27.66
  i01j04k06       817    951   3.0000e+21   3.7244e+21     1.3289   0.028947     0.0259    25.52     16.10   4.1330e+21       1.2219     27.66
  i01j04k06       691     70   3.0000e+21   2.9451e+21     1.4160   0.028947     0.0259    25.52     16.10   4.1330e+21       1.2219     27.66
  i01j04k06       727     61   3.0000e+21   2.9380e+21     1.4169   0.028947     0.0259    25.52     16.10   3.2430e+21       1.4036     28.94
  i01j04k06       952     62   3.0000e+21   2.8587e+21     1.4285   0.028947     0.0259    25.52     16.10   3.9730e+21       1.2575     27.55
  i01j04k06       881    115   3.0000e+21   2.5844e+21     1.4740   0.028947     0.0259    25.52     16.10   3.2430e+21       1.4036     28.94
  i02j05k06       342    563   6.0000e+21   7.2139e+21     1.2571   0.044456    0.03985    25.50     16.16   7.2140e+21       1.2539     32.76
  i02j05k06       620    229   6.0000e+21   4.5769e+21     1.4053   0.044456    0.03985    25.50     16.16   4.5770e+21       1.3478     29.43
  i02j05k06       814    845   6.0000e+21   7.5730e+21     1.2450   0.044456    0.03985    25.50     16.16   7.5730e+21       1.2011     28.68
  i02j05k06       734    687   6.0000e+21   7.2137e+21     1.2571   0.044456    0.03985    25.50     16.16   7.2140e+21       1.2539     32.76
  i02j05k06        59    588   6.0000e+21   7.5729e+21     1.2450   0.044456    0.03985    25.50     16.16   7.5730e+21       1.2011     28.68
  i02j05k06       818    405   6.0000e+21   4.5766e+21     1.4053   0.044456    0.03985    25.50     16.16   4.5770e+21       1.3478     29.43
  i02j05k06        99    691   6.0000e+21   7.5729e+21     1.2450   0.044456    0.03985    25.50     16.16   7.5730e+21       1.2011     28.68
  i02j05k06       774    651   6.0000e+21   7.5729e+21     1.2450   0.044456    0.03985    25.50     16.16   7.5730e+21       1.2011     28.68
  i02j05k06       952    837   6.0000e+21   5.2082e+21     1.3562   0.044456    0.03985    25.50     16.16   5.2130e+21       1.3395     26.70
  i02j05k06        87    453   6.0000e+21   7.2134e+21     1.2572   0.044456    0.03985    25.50     16.16   7.2140e+21       1.2539     32.76
  i02j05k06       710    144   6.0000e+21   4.7166e+21     1.3933   0.044456    0.03985    25.50     16.16   4.5840e+21       1.3898     28.67
  i02j05k06       403    163   6.0000e+21   6.7112e+21     1.2764   0.044456    0.03985    25.50     16.16   6.7080e+21       1.2294     31.12
  i02j05k06        24    952   6.0000e+21   5.0480e+21     1.3675   0.044456    0.03985    25.50     16.16   4.5000e+21       1.3256     29.86
  i02j05k06       496    952   6.0000e+21   5.3657e+21     1.3457   0.044456    0.03985    25.50     16.16   4.5770e+21       1.3478     29.43
  i02j05k06       873    777   6.0000e+21   5.4320e+21     1.3415   0.044456    0.03985    25.50     16.16   4.5770e+21       1.3478     29.43
  i02j05k06        24    417   6.0000e+21   5.7162e+21     1.3245   0.044456    0.03985    25.50     16.16   5.1680e+21       1.2525     26.17
  i02j05k06        34    897   6.0000e+21   6.7114e+21     1.2764   0.044456    0.03985    25.50     16.16   6.7080e+21       1.2294     31.12
  i02j06k06       486    125   6.0000e+21   7.8230e+21     1.3698   0.068216     0.0623    25.50     16.32   7.8230e+21       1.3555     25.77
  i02j06k06       182     25   6.0000e+21   6.8421e+21     1.4228   0.068216     0.0623    25.50     16.32   6.8420e+21       1.4268     29.39
  i02j06k06       458     24   6.0000e+21   6.3369e+21     1.4565   0.068216     0.0623    25.50     16.32   5.8900e+21       1.5170     28.99
  i02j06k06        45    821   6.0000e+21   6.7157e+21     1.4308   0.068216     0.0623    25.50     16.32   6.7030e+21       1.3595     22.84
  i02j06k06       757    715   6.0000e+21   6.5349e+21     1.4427   0.068216     0.0623    25.50     16.32   6.5560e+21       1.4172     28.65
  i02j06k06       262     75   6.0000e+21   7.2961e+21     1.3965   0.068216     0.0623    25.50     16.32   7.2960e+21       1.3702     30.46
  i02j06k06       581    277   6.0000e+21   6.6377e+21     1.4358   0.068216     0.0623    25.50     16.32   5.2590e+21       1.5106     24.71
  i02j06k06        24    470   6.0000e+21   6.7525e+21     1.4284   0.068216     0.0623    25.50     16.32   6.7520e+21       1.4636     25.86
  i02j06k06       520    789   6.0000e+21   6.8092e+21     1.4249   0.068216     0.0623    25.50     16.32   5.8900e+21       1.5170     28.99
  i02j06k06       171     66   6.0000e+21   8.2059e+21     1.3526   0.068216     0.0623    25.50     16.32   8.2060e+21       1.2958     21.16
  i04j14k05       110    238   2.4000e+22   2.4329e+22     1.9631      2.109      3.093    25.18    136.05   2.4330e+22       3.9745     28.28
  i04j14k05       173    554   2.4000e+22   2.0460e+22     2.1452      2.109      3.093    25.18    136.05   2.0460e+22       2.1442     26.46
  i02j04k06       294    107   6.0000e+21   6.8114e+21     1.1771   0.028906    0.02522    25.15     15.80   5.1680e+21       1.2525     26.17
  i04j11k05       233    462   2.4000e+22   2.0455e+22     2.0046    0.58255     0.9679    24.60     28.09   2.0460e+22       2.1442     26.46
  i03j13k04       125    589   1.2000e+22   1.6110e+22     2.6257     1.3736      1.192    22.12     88.39   1.6110e+22       2.3644     23.62
  i04j11k04       209    134   2.4000e+22   1.7220e+22     2.3868    0.58256     0.9909    21.06     32.41   1.7220e+22       2.4704     21.77
  i04j11k04       239    508   2.4000e+22   1.7222e+22     2.3866    0.58256     0.9909    21.06     32.41   1.7220e+22       2.4704     21.77
  i03j09k05       517    270   1.2000e+22   8.5410e+21     2.7750    0.24698     0.2687    20.53     14.19   8.5410e+21       2.9319     18.88
  i03j09k05       320    218   1.2000e+22   9.2968e+21     2.6307    0.24698     0.2687    20.53     14.19   9.2970e+21       2.3155     26.49
  i04j12k03       221    187   2.4000e+22   2.0848e+22     2.1660    0.89433      1.262    19.73     62.91   2.0850e+22       6.8561     14.62
  i04j08k05       378    376   2.4000e+22   2.7663e+22     1.3915    0.16085     0.2607    19.37     12.33   2.7650e+22       1.3526     21.51
  i04j11k03       541    494   2.4000e+22   1.8492e+22     2.2854     0.5826     0.9442    19.33     38.45   1.8490e+22       2.6479     15.13
  i03j08k05        68    228   1.2000e+22   1.2560e+22     1.8917    0.16092     0.1729    19.28     12.07   1.2560e+22       1.9244     18.90
  i03j08k05       286    240   1.2000e+22   1.2560e+22     1.8917    0.16092     0.1729    19.28     12.07   1.2560e+22       1.9244     18.90
  i03j08k05       839    708   1.2000e+22   1.3650e+22     1.8205    0.16092     0.1729    19.28     12.07   1.3650e+22       1.7670     24.63
  i03j08k05       357    512   1.2000e+22   1.2560e+22     1.8917    0.16092     0.1729    19.28     12.07   1.2560e+22       1.9244     18.90
  i04j10k03       433    431   2.4000e+22   2.2282e+22     2.0237    0.37935     0.7831    18.57     22.50   2.2290e+22       2.6155     15.37
  i03j07k05       796    513   1.2000e+22   1.5760e+22     1.4905    0.10474     0.1091    18.55     11.00   1.5760e+22       1.5272     22.00
  i03j06k05       303    284   1.2000e+22   1.5210e+22     1.3406    0.06826    0.06922    18.26     10.43   1.5210e+22       1.3786     19.69
  i03j06k05       524    313   1.2000e+22   1.5211e+22     1.3405    0.06826    0.06922    18.26     10.43   1.5210e+22       1.3786     19.69
  i03j06k05       246    353   1.2000e+22   1.5208e+22     1.3406    0.06826    0.06922    18.26     10.43   1.5210e+22       1.3786     19.69
  i03j06k05       206    396   1.2000e+22   1.5212e+22     1.3405    0.06826    0.06922    18.26     10.43   1.5210e+22       1.3786     19.69
  i02j05k05       742    611   6.0000e+21   7.9950e+21     1.4328   0.044448    0.04129    18.12     10.10   7.9950e+21       1.3661     20.00
  i03j09k04       581    480   1.2000e+22   1.1700e+22     2.6709    0.24718     0.2829    17.78     12.21   1.1700e+22       2.7487     17.34
  i03j09k03       575    339   1.2000e+22   1.1700e+22     2.8043    0.24707      0.275    16.90     12.75   1.1700e+22       2.7487     17.34
  i02j07k04       238    845   6.0000e+21   4.8696e+21     3.1788    0.10483    0.09785    15.75      7.52   5.0120e+21       3.4561     13.75
  i04j08k01       281    359   2.4000e+22   2.1925e+22     1.7261    0.16098     0.1475    15.52     10.90   2.1920e+22       1.6414     18.04
  i05j08k01       281    316   4.8000e+22   4.3392e+22     1.3577    0.16094      0.158    15.47     10.89   4.3040e+22       1.4322     14.66
  i05j08k01       223    271   4.8000e+22   4.7978e+22     1.3235    0.16094      0.158    15.47     10.89   4.3040e+22       1.4322     14.66
  i02j04k04       637    527   6.0000e+21   7.9948e+21     1.3878   0.028956    0.02712    15.22      6.18   7.9950e+21       1.3661     20.00
