  ID   i   j   k    SD_emb    T_BE       M_BE  FWHM_pc   xi_max contr_rho   peak_exc  contrast detect hole       rho_c    rho_edge     rho_emb      r0_AU   R_out_AU  R_cloud_AU      N_tot    a_BE  stab
   1   1   1   1  4.24e+21   8.249     0.0080   0.0030   1.5364     1.423  1.051e+21     1.248      1    0  2.5685e-17  1.8047e-17  5.7920e-20     247.10     379.64    11389.16 3.2145e+22    5.11   sub
   2   1   1   2  4.24e+21   9.607     0.0080   0.0049   1.0820     1.203  1.032e+21     1.243      1    0  6.0809e-18  5.0564e-18  3.7079e-20     548.07     593.03    17790.82 1.5154e+22   12.14   sub
   3   1   1   3  4.24e+21  10.971     0.0080   0.0080   0.7758     1.102  9.831e+20     1.232      1    0  1.3674e-18  1.2405e-18  2.2947e-20    1235.08     958.23    28746.92 8.3235e+21   29.91   sub
   4   1   1   4  4.24e+21  11.888     0.0080   0.0131   0.5852     1.058  8.781e+20     1.207      1    0  3.3666e-19  3.1828e-19  1.4501e-20    2591.11    1516.34    45490.07 5.8544e+21   66.62   sub
   5   1   2   1  4.24e+21   7.374     0.0189   0.0030   2.7971     2.608  2.468e+21     1.582      1    0  5.6402e-17  2.1628e-17  4.9862e-20     157.66     440.99    13229.70 6.2549e+22    1.67   sub
   6   1   2   2  4.24e+21   8.449     0.0189   0.0049   1.8787     1.654  2.422e+21     1.571      1    0  1.3802e-17  8.3454e-18  3.4307e-20     341.16     640.93    19227.99 2.8332e+22    3.31   sub
   7   1   2   3  4.24e+21   9.831     0.0189   0.0080   1.2991     1.297  2.309e+21     1.544      1    0  3.2045e-18  2.4713e-18  2.2162e-20     763.73     992.17    29765.19 1.3625e+22    7.63   sub
   8   1   2   4  4.24e+21  11.118     0.0189   0.0131   0.9351     1.150  2.045e+21     1.482      1    0  7.4581e-19  6.4858e-19  1.3968e-20    1683.55    1574.25    47227.46 7.8483e+21   17.90   sub
   9   1   2   5  4.24e+21  11.994     0.0189   0.0214   0.6995     1.083  1.542e+21     1.363      1    0  1.7643e-19  1.6292e-19  8.7437e-21    3595.23    2514.81    75444.27 5.6326e+21   40.02   sub
  10   1   2   6  4.24e+21  12.461     0.0189   0.0350   0.5348     1.048  8.710e+20     1.205      1    0  4.1068e-20  3.9183e-20  5.4134e-21    7595.42    4061.91   121857.40 4.7709e+21   86.43   sub
  11   1   3   1  4.24e+21   6.950     0.0445   0.0030   5.7222    10.534  5.738e+21     2.352      1    0  9.5060e-17  9.0239e-18  3.2593e-20     117.90     674.65    20239.54 9.8970e+22    1.01   sub
  12   1   3   2  4.24e+21   7.609     0.0445   0.0049   3.5478     3.839  5.634e+21     2.328      1    0  2.8164e-17  7.3367e-18  2.7346e-20     226.64     804.09    24122.84 5.0999e+22    1.28   sub
  13   1   3   3  4.24e+21   8.693     0.0445   0.0080   2.3096     2.035  5.368e+21     2.265      1    0  7.2100e-18  3.5428e-18  1.9885e-20     478.77    1105.77    33173.14 2.4519e+22    2.25   sub
  14   1   3   4  4.24e+21  10.034     0.0445   0.0131   1.5802     1.450  4.750e+21     2.119      1    0  1.7325e-18  1.1952e-18  1.3261e-20    1049.33    1658.15    49744.59 1.2414e+22    4.80   sub
  15   1   3   5  4.24e+21  11.275     0.0445   0.0214   1.1270     1.220  3.542e+21     1.835      1    0  3.9904e-19  3.2695e-19  8.4181e-21    2317.75    2612.07    78362.14 7.3810e+21   10.92   sub
  16   1   3   6  4.24e+21  12.087     0.0445   0.0350   0.8395     1.120  1.990e+21     1.469      1    0  9.3218e-20  8.3215e-20  5.2750e-21    4965.19    4168.46   125053.80 5.4464e+21   24.03   sub
  17   1   3   7  4.24e+21  12.516     0.0445   0.0572   0.6335     1.068  8.273e+20     1.195      1    0  2.0253e-20  1.8967e-20  3.2019e-21   10839.77    6867.45   206023.57 4.6804e+21   53.04   sub
  18   1   4   1  4.24e+21   6.813     0.1048   0.0030  15.3967   121.079  1.244e+22     3.933      1    0  1.1887e-16  9.8175e-19  1.3681e-20     104.39    1607.27    48218.13 1.2046e+23    1.26  deep
  19   1   4   2  4.24e+21   7.237     0.1048   0.0049   7.8807    23.051  1.243e+22     3.930      1    0  4.1352e-17  1.7939e-18  1.5296e-20     182.41    1437.50    43125.04 7.1386e+22    1.02 super
  20   1   4   3  4.24e+21   7.911     0.1048   0.0080   4.6025     6.437  1.194e+22     3.814      1    0  1.3586e-17  2.1105e-18  1.4358e-20     332.73    1531.41    45942.28 4.0464e+22    1.07   sub
  21   1   4   4  4.24e+21   8.961     0.1048   0.0131   2.8900     2.736  1.061e+22     3.501      1    0  3.7499e-18  1.3706e-18  1.1288e-20     674.04    1947.98    58439.45 2.1099e+22    1.60   sub
  22   1   4   5  4.24e+21  10.272     0.1048   0.0214   1.9252     1.690  7.931e+21     2.869      1    0  9.0532e-19  5.3571e-19  7.7763e-21    1468.72    2827.64    84829.30 1.1164e+22    3.15   sub
  23   1   4   6  4.24e+21  11.421     0.1048   0.0350   1.3676     1.331  4.496e+21     2.060      1    0  2.1456e-19  1.6125e-19  5.0540e-21    3181.28    4350.76   130522.69 6.9741e+21    6.73   sub
  24   1   4   7  4.24e+21  12.174     0.1048   0.0572   1.0102     1.176  1.952e+21     1.460      1    0  4.9053e-20  4.1720e-20  3.1688e-21    6869.08    6939.19   208175.71 5.2803e+21   14.55   sub
  25   1   4   8  4.24e+21  12.546     0.1048   0.0936   0.7670     1.100  7.634e+20     1.180      1    0  1.1147e-20  1.0134e-20  1.9598e-21   14628.53   11219.64   336589.24 4.6324e+21   30.89   sub
  26   1   4   9  4.24e+21  12.699     0.1048   0.1529   0.5982     1.060  3.035e+20     1.072      0    0  2.7190e-21  2.5643e-21  1.2335e-21   29798.78   17825.51   534765.16 4.3955e+21   62.54   sub
  27   1   5   1  4.24e+21   6.785     0.2471   0.0030  45.9385  1260.036  1.890e+22     5.454      1    0  1.2482e-16  9.9060e-20  4.7084e-21     101.66    4670.08   140102.38 1.2620e+23    1.67  deep
  28   1   5   2  4.24e+21   7.118     0.2471   0.0049  23.5532   319.806  2.067e+22     5.872      1    0  4.8196e-17  1.5070e-19  5.5714e-21     167.56    3946.67   118399.95 8.0957e+22    1.45  deep
  29   1   5   3  4.24e+21   7.606     0.2471   0.0080  11.4414    58.737  2.151e+22     6.070      1    0  1.7905e-17  3.0484e-19  6.7625e-21     284.19    3251.56    97546.69 5.1133e+22    1.13 super
  30   1   5   4  4.24e+21   8.321     0.2471   0.0131   6.0336    11.948  2.004e+22     5.724      1    0  6.0591e-18  5.0711e-19  7.1320e-21     510.98    3083.09    92492.64 3.0688e+22    1.00   sub
  31   1   5   5  4.24e+21   9.300     0.2471   0.0214   3.6538     4.051  1.580e+22     4.724      1    0  1.8505e-18  4.5682e-19  6.1566e-21     977.50    3571.55   107146.60 1.7649e+22    1.25   sub
  32   1   5   6  4.24e+21  10.491     0.2471   0.0350   2.3966     2.126  9.557e+21     3.253      1    0  4.8504e-19  2.2818e-19  4.5244e-21    2027.90    4860.03   145800.92 1.0153e+22    2.11   sub
  33   1   5   7  4.24e+21  11.566     0.2471   0.0572   1.6715     1.507  4.395e+21     2.036      1    0  1.1473e-19  7.6119e-20  3.0047e-21    4378.06    7318.05   219541.55 6.6001e+21    4.23   sub
  34   1   5   8  4.24e+21  12.241     0.2471   0.0936   1.2296     1.264  1.782e+21     1.420      1    0  2.6715e-20  2.1129e-20  1.9160e-21    9333.71   11476.56   344296.90 5.1550e+21    8.75   sub
  35   1   5   9  4.24e+21  12.574     0.2471   0.1529   0.9311     1.149  6.872e+20     1.162      1    0  6.1331e-21  5.3396e-21  1.1962e-21   19742.81   18382.46   551473.83 4.5890e+21   18.11   sub
  36   1   5  10  4.24e+21  12.712     0.2471   0.2500   0.7196     1.088  2.651e+20     1.062      0    0  1.4430e-21  1.3265e-21  7.4659e-22   40926.30   29452.16   883564.71 4.3756e+21   36.94   sub
  37   1   6   3  4.24e+21   7.473     0.5825   0.0080  37.7390   855.825  2.520e+22     6.939      1    0  2.1501e-17  2.5124e-20  2.2666e-21     257.06    9701.12   291033.63 5.7225e+22    1.62  deep
  38   1   6   4  4.24e+21   8.048     0.5825   0.0131  17.4716   163.022  2.595e+22     7.117      1    0  7.7917e-18  4.7795e-20  2.8400e-21     443.15    7742.59   232277.65 3.6747e+22    1.32  deep
  39   1   6   5  4.24e+21   8.800     0.5825   0.0214   8.2354    25.744  2.280e+22     6.374      1    0  2.6434e-18  1.0268e-19  3.3561e-21     795.58    6551.90   196557.07 2.3062e+22    1.03 super
  40   1   6   6  4.24e+21   9.701     0.5825   0.0350   4.7181     6.793  1.620e+22     4.818      1    0  8.7430e-19  1.2871e-19  3.2088e-21    1452.43    6852.67   205580.10 1.4489e+22    1.06   sub
  41   1   6   7  4.24e+21  10.756     0.5825   0.0572   3.0103     2.912  8.872e+21     3.091      1    0  2.4762e-19  8.5048e-20  2.5417e-21    2873.80    8651.08   259532.49 9.0859e+21    1.52   sub
  42   1   6   8  4.24e+21  11.710     0.5825   0.0936   2.0644     1.805  3.907e+21     1.921      1    0  6.0832e-20  3.3703e-20  1.7606e-21    6049.75   12489.02   374670.51 6.2527e+21    2.75   sub
  43   1   6   9  4.24e+21  12.310     0.5825   0.1529   1.5012     1.403  1.563e+21     1.368      1    0  1.4262e-20  1.0166e-20  1.1434e-21   12810.12   19230.86   576925.91 5.0312e+21    5.39   sub
  44   1   6  10  4.24e+21  12.602     0.5825   0.2500   1.1293     1.221  6.011e+20     1.142      1    0  3.2830e-21  2.6879e-21  7.2075e-22   27015.07   30508.03   915240.82 4.5441e+21   10.87   sub
  45   1   7   4  4.24e+21   7.884     1.3733   0.0131  58.9296  2027.559  2.730e+22     7.435      1    0  9.8558e-18  4.8609e-21  9.5681e-22     389.98   22981.22   689436.61 4.1284e+22    1.70  deep
  46   1   7   5  4.24e+21   8.607     1.3733   0.0214  25.4736   379.091  2.561e+22     7.036      1    0  3.1255e-18  8.2448e-21  1.1929e-21     723.60   18432.64   552979.06 2.5766e+22    1.49  deep
  47   1   7   6  4.24e+21   9.320     1.3733   0.0350  11.9741    65.748  2.052e+22     5.837      1    0  1.1564e-18  1.7588e-20  1.4835e-21    1237.88   14822.43   444672.90 1.7473e+22    1.15 super
  48   1   7   7  4.24e+21  10.165     1.3733   0.0572   6.2455    12.982  1.346e+22     4.173      1    0  3.8997e-19  3.0038e-20  1.5816e-21    2226.12   13903.11   417093.21 1.1705e+22    1.00   sub
  49   1   7   8  4.24e+21  11.061     1.3733   0.0936   3.8357     4.439  7.296e+21     2.720      1    0  1.1954e-19  2.6927e-20  1.3667e-21    4194.45   16088.50   482654.88 8.0278e+21    1.20   sub
  50   1   7   9  4.24e+21  11.861     1.3733   0.1529   2.5813     2.334  3.304e+21     1.779      1    0  3.1474e-20  1.3483e-20  1.0064e-21    8464.48   21848.95   655468.45 5.9144e+21    1.88   sub
  51   1   7  10  4.24e+21  12.372     1.3733   0.2500   1.8529     1.634  1.353e+21     1.319      1    0  7.6347e-21  4.6713e-21  6.7606e-22   17553.04   32524.79   975743.57 4.9215e+21    3.40   sub
  52   1   8   6  4.24e+21   9.225     3.2375   0.0350  36.4194   796.904  2.178e+22     6.133      1    0  1.2345e-18  1.5491e-21  5.0652e-22    1191.98   43411.05  1302331.39 1.8341e+22    1.61  deep
  53   1   8   7  4.24e+21   9.863     3.2375   0.0572  18.4154   184.114  1.628e+22     4.838      1    0  5.0527e-19  2.7443e-21  6.1979e-22    1926.51   35477.49  1064324.63 1.3423e+22    1.34  deep
  54   1   8   8  4.24e+21  10.638     3.2375   0.0936   8.7433    29.926  1.014e+22     3.391      1    0  1.7107e-19  5.7164e-21  7.3138e-22    3438.57   30064.50   901935.08 9.5409e+21    1.04 super
  55   1   8   9  4.24e+21  11.374     3.2375   0.1529   5.0593     7.929  5.633e+21     2.328      1    0  5.6006e-20  7.0633e-21  6.9945e-22    6213.79   31437.22   943116.63 7.1027e+21    1.03   sub
  56   1   8  10  4.24e+21  12.011     3.2375   0.2500   3.2985     3.379  2.697e+21     1.636      1    0  1.5941e-20  4.7183e-21  5.5696e-22   11969.10   39479.91  1184397.31 5.5977e+21    1.37   sub
  57   1   9   7  4.24e+21   9.858     7.6324   0.0572  51.4530  1567.325  1.643e+22     4.873      1    0  4.8916e-19  3.1210e-22  2.1833e-22    1957.42  100714.90  3021447.14 1.3457e+22    1.68  deep
  58   1   9   8  4.24e+21  10.468     7.6324   0.0936  27.0133   429.809  1.145e+22     3.698      1    0  1.9987e-19  4.6502e-22  2.5795e-22    3155.62   85243.60  2557308.02 1.0253e+22    1.51  deep
  59   1   9   9  4.24e+21  11.109     7.6324   0.1529  12.9339    79.481  7.139e+21     2.683      1    0  7.2520e-20  9.1241e-22  3.1502e-22    5396.79   69801.57  2094047.05 7.8767e+21    1.18  deep
  60   1   9  10  4.24e+21  11.684     7.6324   0.2500   6.9996    17.157  4.118e+21     1.971      1    0  2.5199e-20  1.4687e-21  3.3459e-22    9388.95   65718.59  1971557.69 6.3149e+21    1.00 super
  61   1  10   9  4.24e+21  10.957    17.9932   0.1529  43.0324  1109.414  8.068e+21     2.902      1    1  8.8640e-20  7.9898e-23  1.0540e-22    4847.99  208620.31  6258609.44 8.3695e+21    1.65  deep
  62   1  10  10  4.24e+21  11.529    17.9932   0.2500  20.3313   230.671  4.860e+21     2.146      1    0  3.0594e-20  1.3263e-22  1.2777e-22    8464.63  172096.56  5162896.72 6.6927e+21    1.39  deep
  63   2   1   1  8.49e+21   8.058     0.0080   0.0030   1.5594     1.437  1.051e+21     1.124      1    0  2.5874e-17  1.8007e-17  1.1590e-19     243.34     379.45    11383.50 3.6491e+22    4.94   sub
  64   2   1   2  8.49e+21   9.124     0.0080   0.0049   1.1111     1.214  1.031e+21     1.122      1    0  6.0384e-18  4.9736e-18  7.3842e-20     536.00     595.56    17866.73 1.9332e+22   11.33   sub
  65   2   1   3  8.49e+21   9.995     0.0080   0.0080   0.8181     1.114  9.843e+20     1.116      1    0  1.4033e-18  1.2597e-18  4.6194e-20    1163.72     952.02    28560.52 1.2631e+22   25.82   sub
  66   2   1   4  8.49e+21  10.521     0.0080   0.0131   0.6160     1.064  8.707e+20     1.103      1    0  3.1533e-19  2.9635e-19  2.8344e-20    2518.58    1551.57    46546.95 1.0027e+22   57.47   sub
  67   2   2   1  8.49e+21   7.308     0.0189   0.0030   2.8122     2.628  2.466e+21     1.291      1    0  5.6143e-17  2.1362e-17  9.9406e-20     157.31     442.40    13271.97 6.6561e+22    1.66   sub
  68   2   2   2  8.49e+21   8.237     0.0189   0.0049   1.9044     1.674  2.422e+21     1.285      1    0  1.3671e-17  8.1684e-18  6.8229e-20     338.46     644.56    19336.68 3.2386e+22    3.22   sub
  69   2   2   3  8.49e+21   9.273     0.0189   0.0080   1.3438     1.319  2.309e+21     1.272      1    0  3.2281e-18  2.4482e-18  4.4282e-20     739.03     993.12    29793.58 1.7894e+22    7.02   sub
  70   2   2   4  8.49e+21  10.092     0.0189   0.0131   0.9848     1.167  2.044e+21     1.241      1    0  7.4781e-19  6.4091e-19  2.7878e-20    1601.83    1577.48    47324.35 1.2091e+22   15.58   sub
  71   2   2   5  8.49e+21  10.565     0.0189   0.0214   0.7425     1.094  1.525e+21     1.180      1    0  1.7040e-19  1.5582e-19  1.7252e-20    3433.29    2549.16    76474.76 9.8417e+21   33.83   sub
  72   2   2   6  8.49e+21  10.774     0.0189   0.0350   0.5779     1.056  8.784e+20     1.104      1    0  4.1886e-20  3.9654e-20  1.0882e-20    6993.09    4041.44   121243.26 9.0200e+21   69.07   sub
  73   2   3   1  8.49e+21   6.920     0.0445   0.0030   5.7439    10.628  5.737e+21     1.676      1    0  9.4788e-17  8.9183e-18  6.4985e-20     117.82     676.73    20301.80 1.0295e+23    1.01   sub
  74   2   3   2  8.49e+21   7.521     0.0445   0.0049   3.5743     3.891  5.632e+21     1.664      1    0  2.7933e-17  7.1790e-18  5.4381e-20     226.25     808.69    24260.68 5.4916e+22    1.27   sub
  75   2   3   3  8.49e+21   8.423     0.0445   0.0080   2.3621     2.089  5.366e+21     1.632      1    0  7.2629e-18  3.4764e-18  3.9650e-20     469.57    1109.15    33274.44 2.8797e+22    2.16   sub
  76   2   3   4  8.49e+21   9.420     0.0445   0.0131   1.6385     1.486  4.741e+21     1.559      1    0  1.7280e-18  1.1630e-18  2.6365e-20    1018.05    1668.03    50040.75 1.6617e+22    4.42   sub
  77   2   3   5  8.49e+21  10.180     0.0445   0.0214   1.1922     1.248  3.537e+21     1.417      1    0  4.0077e-19  3.2116e-19  1.6785e-20    2197.61    2620.06    78601.69 1.1624e+22    9.46   sub
  78   2   3   6  8.49e+21  10.612     0.0445   0.0350   0.8910     1.136  1.935e+21     1.228      1    0  8.8651e-20  7.8054e-20  1.0346e-20    4770.65    4250.64   127519.28 9.6473e+21   20.41   sub
  79   2   3   7  8.49e+21  10.794     0.0445   0.0572   0.6923     1.081  8.639e+20     1.102      1    0  2.1781e-20  2.0147e-20  6.5447e-21    9706.80    6719.54   201586.22 8.9441e+21   41.22   sub
  80   2   3   8  8.49e+21  10.873     0.0445   0.0936   0.5383     1.049  3.427e+20     1.040      0    0  5.1014e-21  4.8642e-21  4.0584e-21   20130.45   10836.05   325081.35 8.6603e+21   84.81   sub
  81   2   4   1  8.49e+21   6.792     0.1048   0.0030  15.4866   122.769  1.243e+22     2.465      1    0  1.1892e-16  9.6867e-19  2.7250e-20     104.21    1613.84    48415.33 1.2459e+23    1.26  deep
  82   2   4   2  8.49e+21   7.188     0.1048   0.0049   7.9157    23.309  1.242e+22     2.463      1    0  4.0904e-17  1.7549e-18  3.0395e-20     182.78    1446.84    43405.08 7.5074e+22    1.02 super
  83   2   4   3  8.49e+21   7.787     0.1048   0.0080   4.6580     6.606  1.191e+22     2.404      1    0  1.3439e-17  2.0343e-18  2.8444e-20     331.92    1546.08    46382.51 4.4348e+22    1.07   sub
  84   2   4   4  8.49e+21   8.642     0.1048   0.0131   2.9673     2.847  1.058e+22     2.246      1    0  3.7441e-18  1.3149e-18  2.2373e-20     662.46    1965.68    58970.39 2.5247e+22    1.55   sub
  85   2   4   5  8.49e+21   9.572     0.1048   0.0214   2.0147     1.763  7.912e+21     1.932      1    0  9.1341e-19  5.1820e-19  1.5464e-20    1411.56    2843.93    85317.95 1.5412e+22    2.88   sub
  86   2   4   6  8.49e+21  10.264     0.1048   0.0350   1.4522     1.375  4.467e+21     1.526      1    0  2.1431e-19  1.5582e-19  1.0036e-20    3017.50    4381.88   131456.37 1.1203e+22    5.83   sub
  87   2   4   7  8.49e+21  10.640     0.1048   0.0572   1.0898     1.206  1.969e+21     1.232      1    0  5.0079e-20  4.1537e-20  6.3491e-21    6355.79    6926.48   207794.32 9.5339e+21   11.92   sub
  88   2   4   8  8.49e+21  10.811     0.1048   0.0936   0.8339     1.119  7.791e+20     1.092      0    0  1.1544e-20  1.0321e-20  3.9523e-21   13343.58   11126.94   333808.25 8.8834e+21   24.49   sub
  89   2   4   9  8.49e+21  10.881     0.1048   0.1529   0.6398     1.069  2.894e+20     1.034      0    1  2.5355e-21  2.3716e-21  2.4064e-21   28564.64   18275.01   548250.41 8.6311e+21   51.58   sub
  90   2   5   1  8.49e+21   6.764     0.2471   0.0030  46.3998  1284.671  1.884e+22     3.220      1    0  1.2583e-16  9.7951e-20  9.3754e-21     101.09    4690.73   140721.81 1.3077e+23    1.67  deep
  91   2   5   2  8.49e+21   7.075     0.2471   0.0049  23.7966   327.071  2.058e+22     3.425      1    0  4.8117e-17  1.4711e-19  1.1053e-20     167.20    3978.81   119364.27 8.4927e+22    1.46  deep
  92   2   5   3  8.49e+21   7.535     0.2471   0.0080  11.3767    57.915  2.136e+22     3.518      1    0  1.7231e-17  2.9752e-19  1.3406e-20     288.34    3280.37    98411.15 5.4251e+22    1.13 super
  93   2   5   4  8.49e+21   8.141     0.2471   0.0131   6.1468    12.494  1.983e+22     3.337      1    0  5.9481e-18  4.7609e-19  1.4025e-20     510.13    3135.69    94070.65 3.4493e+22    1.00   sub
  94   2   5   5  8.49e+21   8.910     0.2471   0.0214   3.7758     4.308  1.559e+22     2.837      1    0  1.8273e-18  4.2416e-19  1.2097e-20     962.86    3635.53   109065.82 2.1690e+22    1.21   sub
  95   2   5   6  8.49e+21   9.728     0.2471   0.0350   2.5145     2.256  9.393e+21     2.107      1    0  4.7851e-19  2.1209e-19  8.8959e-21    1966.04    4943.53   148305.84 1.4301e+22    1.96   sub
  96   2   5   7  8.49e+21  10.341     0.2471   0.0572   1.7871     1.586  4.365e+21     1.514      1    0  1.1500e-19  7.2496e-20  5.9514e-21    4134.78    7389.45   221683.54 1.0831e+22    3.67   sub
  97   2   5   8  8.49e+21  10.677     0.2471   0.0936   1.3248     1.309  1.768e+21     1.208      1    0  2.6577e-20  2.0301e-20  3.7984e-21    8739.44   11577.91   347337.29 9.3905e+21    7.27   sub
  98   2   5   9  8.49e+21  10.826     0.2471   0.1529   1.0065     1.174  6.812e+20     1.080      0    0  6.0807e-21  5.1775e-21  2.3748e-21   18398.24   18518.07   555542.06 8.8287e+21   14.69   sub
  99   2   5  10  8.49e+21  10.886     0.2471   0.2500   0.7750     1.102  2.583e+20     1.030      0    1  1.3911e-21  1.2622e-21  1.4712e-21   38572.95   29892.75   896782.54 8.6148e+21   30.01   sub
 100   2   6   3  8.49e+21   7.394     0.5825   0.0080  38.6101   895.671  2.495e+22     3.940      1    0  2.1640e-17  2.4160e-20  4.4687e-21     254.89    9841.16   295234.65 6.1376e+22    1.63  deep
 101   2   6   4  8.49e+21   7.909     0.5825   0.0131  17.9190   172.865  2.557e+22     4.013      1    0  7.7002e-18  4.4545e-20  5.5539e-21     441.89    7918.29   237548.82 4.0546e+22    1.33  deep
 102   2   6   5  8.49e+21   8.520     0.5825   0.0214   8.6505    29.132  2.242e+22     3.642      1    0  2.6556e-18  9.1157e-20  6.5093e-21     781.00    6756.05   202681.56 2.7146e+22    1.04 super
 103   2   6   6  8.49e+21   9.215     0.5825   0.0350   4.9196     7.448  1.572e+22     2.853      1    0  8.4847e-19  1.1392e-19  6.2207e-21    1437.01    7069.48   212084.45 1.8434e+22    1.04   sub
 104   2   6   7  8.49e+21   9.895     0.5825   0.0572   3.1959     3.205  8.670e+21     2.022      1    0  2.4390e-19  7.6109e-20  4.9546e-21    2777.28    8875.99   266279.77 1.3228e+22    1.42   sub
 105   2   6   8  8.49e+21  10.418     0.5825   0.0936   2.2241     1.951  3.865e+21     1.456      1    0  6.0804e-20  3.1170e-20  3.4643e-21    5707.53   12694.29   380828.68 1.0476e+22    2.40   sub
 106   2   6   9  8.49e+21  10.708     0.5825   0.1529   1.6272     1.479  1.552e+21     1.183      1    0  1.4270e-20  9.6507e-21  2.2628e-21   11944.15   19435.15   583054.61 9.2690e+21    4.49   sub
 107   2   6  10  8.49e+21  10.838     0.5825   0.2500   1.2273     1.263  6.008e+20     1.071      0    0  3.3026e-21  2.6141e-21  1.4345e-21   24977.95   30656.41   919692.45 8.7867e+21    8.79   sub
 108   2   7   4  8.49e+21   7.832     1.3733   0.0131  55.1086  1786.167  2.693e+22     4.173      1    0  8.5630e-18  4.7940e-21  1.9136e-21     417.02   22981.18   689435.29 4.2876e+22    1.69  deep
 109   2   7   5  8.49e+21   8.421     1.3733   0.0214  25.0928   366.981  2.474e+22     3.915      1    0  2.8573e-18  7.7859e-21  2.3413e-21     748.55   18783.21   563496.44 2.8833e+22    1.48  deep
 110   2   7   6  8.49e+21   8.949     1.3733   0.0350  12.5538    73.875  1.979e+22     3.332      1    0  1.1121e-18  1.5054e-20  2.8321e-21    1236.92   15528.09   465842.56 2.1236e+22    1.17  deep
 111   2   7   7  8.49e+21   9.534     1.3733   0.0572   6.6881    15.339  1.299e+22     2.531      1    0  3.8012e-19  2.4782e-20  3.0111e-21    2183.73   14605.07   438152.10 1.5704e+22    1.00 super
 112   2   7   8  8.49e+21  10.078     1.3733   0.0936   4.1453     5.174  7.083e+21     1.835      1    0  1.1744e-19  2.2698e-20  2.6264e-21    4039.40   16744.53   502336.01 1.2165e+22    1.13   sub
 113   2   7   9  8.49e+21  10.500     1.3733   0.1529   2.8024     2.615  3.223e+21     1.380      1    0  3.0951e-20  1.1836e-20  1.9540e-21    8031.06   22505.95   675178.51 1.0117e+22    1.67   sub
 114   2   7  10  8.49e+21  10.739     1.3733   0.2500   2.0156     1.763  1.327e+21     1.156      1    0  7.5270e-21  4.2686e-21  1.3248e-21   16469.71   33195.81   995874.28 9.1515e+21    2.88   sub
 115   2   8   6  8.49e+21   8.821     3.2375   0.0350  41.1805  1017.607  2.161e+22     3.546      1    0  1.3255e-18  1.3025e-21  9.4939e-22    1124.84   46321.45  1389643.43 2.2795e+22    1.64  deep
 116   2   8   7  8.49e+21   9.352     3.2375   0.0572  19.6496   213.539  1.546e+22     2.822      1    0  4.7763e-19  2.2367e-21  1.1600e-21    1929.38   37911.49  1137344.71 1.7195e+22    1.37  deep
 117   2   8   8  8.49e+21   9.846     3.2375   0.0936   9.6384    38.245  9.647e+21     2.137      1    0  1.6448e-19  4.3007e-21  1.3525e-21    3373.61   32516.23   975486.90 1.3531e+22    1.07 super
 118   2   8   9  8.49e+21  10.265     3.2375   0.1529   5.5535     9.820  5.335e+21     1.629      1    0  5.3343e-20  5.4322e-21  1.3092e-21    6048.76   33591.92  1007757.64 1.1195e+22    1.01   sub
 119   2   8  10  8.49e+21  10.580     3.2375   0.2500   3.6113     3.965  2.569e+21     1.303      1    0  1.5223e-20  3.8397e-21  1.0594e-21   11495.34   41513.09  1245392.72 9.7762e+21    1.26   sub
 120   2   9   7  8.49e+21   9.343     7.6324   0.0572  54.9869  1778.688  1.565e+22     2.845      1    1  4.6867e-19  2.6349e-22  4.1081e-22    1946.81  107049.02  3211470.45 1.7272e+22    1.69  deep
 121   2   9   8  8.49e+21   9.734     7.6324   0.0936  30.7200   563.042  1.097e+22     2.293      1    1  1.9755e-19  3.5086e-22  4.6771e-22    3060.76   94026.54  2820796.29 1.4262e+22    1.56  deep
 122   2   9   9  8.49e+21  10.148     7.6324   0.1529  14.2375   100.373  6.498e+21     1.766      1    0  6.5056e-20  6.4814e-22  5.6719e-22    5445.88   77535.88  2326076.47 1.1792e+22    1.22  deep
 123   2   9  10  8.49e+21  10.438     7.6324   0.2500   7.8306    22.686  3.782e+21     1.446      1    0  2.3080e-20  1.0174e-21  6.0566e-22    9272.62   72610.10  2178302.91 1.0389e+22    1.02 super
 124   2  10   9  8.49e+21  10.040    17.9932   0.1529  49.1284  1434.405  7.596e+21     1.895      1    1  8.5732e-20  5.9768e-23  1.8970e-22    4718.68  231821.31  6954639.34 1.2377e+22    1.68  deep
 125   2  10  10  8.49e+21  10.378    17.9932   0.2500  22.7041   295.034  4.311e+21     1.508      1    1  2.6584e-20  9.0104e-23  2.2483e-22    8615.28  195602.02  5868060.66 1.0659e+22    1.44  deep
 126   3   1   1  1.70e+22   7.767     0.0080   0.0030   1.5945     1.458  1.051e+21     1.062      0    0  2.6010e-17  1.7836e-17  2.3150e-19     238.28     379.93    11397.94 4.5022e+22    4.70   sub
 127   3   1   2  1.70e+22   8.490     0.0080   0.0049   1.1507     1.230  1.030e+21     1.061      0    0  5.9053e-18  4.8002e-18  1.4620e-19     522.82     601.61    18048.18 2.7639e+22   10.35   sub
 128   3   1   3  1.70e+22   8.965     0.0080   0.0080   0.8627     1.127  9.830e+20     1.058      0    0  1.3728e-18  1.2180e-18  9.1498e-20    1114.30     961.27    28838.20 2.1050e+22   22.30   sub
 129   3   1   4  1.70e+22   9.206     0.0080   0.0131   0.6609     1.074  8.714e+20     1.051      0    0  3.1864e-19  2.9673e-19  5.6782e-20    2343.75    1548.98    46469.35 1.8521e+22   47.02   sub
 130   3   2   1  1.70e+22   7.191     0.0189   0.0030   2.8438     2.671  2.468e+21     1.145      1    0  5.6016e-17  2.0968e-17  1.9797e-19     156.22     444.27    13328.19 7.4849e+22    1.64   sub
 131   3   2   2  1.70e+22   7.900     0.0189   0.0049   1.9533     1.712  2.422e+21     1.143      1    0  1.3654e-17  7.9744e-18  1.3576e-19     331.67     647.86    19435.86 4.0785e+22    3.06   sub
 132   3   2   3  1.70e+22   8.576     0.0189   0.0080   1.3997     1.347  2.305e+21     1.136      1    0  3.1760e-18  2.3575e-18  8.7701e-20     716.50    1002.89    30086.77 2.6252e+22    6.36   sub
 133   3   2   4  1.70e+22   9.009     0.0189   0.0131   1.0456     1.189  2.041e+21     1.120      1    0  7.4517e-19  6.2685e-19  5.5481e-20    1516.10    1585.30    47558.92 2.0559e+22   13.28   sub
 134   3   2   5  1.70e+22   9.226     0.0189   0.0214   0.7981     1.108  1.527e+21     1.090      0    0  1.7222e-19  1.5538e-19  3.4532e-20    3191.44    2547.07    76411.98 1.8334e+22   27.65   sub
 135   3   2   6  1.70e+22   9.319     0.0189   0.0350   0.6151     1.064  8.469e+20     1.050      0    0  3.9080e-20  3.6734e-20  2.1236e-20    6733.34    4141.68   124250.40 1.7481e+22   57.73   sub
 136   3   3   1  1.70e+22   6.867     0.0445   0.0030   5.7827    10.799  5.735e+21     1.338      1    0  9.4274e-17  8.7297e-18  1.2924e-19     117.68     680.53    20415.98 1.1094e+23    1.00   sub
 137   3   3   2  1.70e+22   7.366     0.0445   0.0049   3.6294     4.001  5.628e+21     1.332      1    0  2.7724e-17  6.9287e-18  1.0783e-19     224.75     815.70    24471.12 6.3028e+22    1.25   sub
 138   3   3   3  1.70e+22   8.031     0.0445   0.0080   2.4383     2.171  5.360e+21     1.316      1    0  7.2585e-18  3.3437e-18  7.8649e-20     458.65    1118.32    33549.62 3.7181e+22    2.05   sub
 139   3   3   4  1.70e+22   8.653     0.0445   0.0131   1.7240     1.542  4.734e+21     1.279      1    0  1.7364e-18  1.1259e-18  5.2413e-20     973.36    1678.10    50342.88 2.5090e+22    3.96   sub
 140   3   3   5  1.70e+22   9.054     0.0445   0.0214   1.2674     1.282  3.508e+21     1.207      1    0  3.9387e-19  3.0731e-19  3.3195e-20    2090.62    2649.59    79487.82 2.0062e+22    8.11   sub
 141   3   3   6  1.70e+22   9.244     0.0445   0.0350   0.9661     1.160  1.973e+21     1.116      1    0  9.2802e-20  7.9978e-20  2.0920e-20    4351.82    4204.40   126131.98 1.8165e+22   16.40   sub
 142   3   3   7  1.70e+22   9.326     0.0445   0.0572   0.7423     1.094  8.444e+20     1.050      0    0  2.1062e-20  1.9261e-20  1.2914e-20    9175.25    6810.82   204324.53 1.7419e+22   33.86   sub
 143   3   3   8  1.70e+22   9.357     0.0445   0.0936   0.5822     1.057  3.447e+20     1.020      0    1  5.1568e-21  4.8781e-21  8.1335e-21   18573.88   10813.90   324417.02 1.7147e+22   67.61   sub
 144   3   4   1  1.70e+22   6.755     0.1048   0.0030  15.6486   125.841  1.242e+22     1.732      1    0  1.1899e-16  9.4554e-19  5.4100e-20     103.89    1625.79    48773.64 1.3284e+23    1.26  deep
 145   3   4   2  1.70e+22   7.100     0.1048   0.0049   7.9783    23.774  1.239e+22     1.730      1    0  4.0095e-17  1.6865e-18  6.0082e-20     183.49    1463.90    43917.03 8.2557e+22    1.02 super
 146   3   4   3  1.70e+22   7.586     0.1048   0.0080   4.7321     6.837  1.186e+22     1.699      1    0  1.3030e-17  1.9059e-18  5.5866e-20     332.70    1574.38    47231.32 5.1978e+22    1.06   sub
 147   3   4   4  1.70e+22   8.192     0.1048   0.0131   3.0701     3.003  1.049e+22     1.618      1    0  3.6532e-18  1.2166e-18  4.3877e-20     652.94    2004.57    60137.00 3.3360e+22    1.49   sub
 148   3   4   5  1.70e+22   8.739     0.1048   0.0214   2.1362     1.869  7.867e+21     1.464      1    0  9.1829e-19  4.9143e-19  3.0609e-20    1345.14    2873.48    86204.25 2.3873e+22    2.58   sub
 149   3   4   6  1.70e+22   9.092     0.1048   0.0350   1.5544     1.434  4.419e+21     1.260      1    0  2.1294e-19  1.4850e-19  1.9860e-20    2849.21    4428.78   132863.46 1.9663e+22    4.98   sub
 150   3   4   7  1.70e+22   9.261     0.1048   0.0572   1.1711     1.239  1.938e+21     1.114      1    0  4.9197e-20  3.9714e-20  1.2554e-20    5982.55    7005.97   210178.97 1.8003e+22    9.90   sub
 151   3   4   8  1.70e+22   9.333     0.1048   0.0936   0.8928     1.136  7.523e+20     1.044      0    0  1.0979e-20  9.6618e-21  7.7489e-21   12713.18   11350.63   340518.90 1.7355e+22   20.30   sub
 152   3   4   9  1.70e+22   9.360     0.1048   0.1529   0.6986     1.083  3.007e+20     1.018      0    1  2.6938e-21  2.4881e-21  4.8986e-21   25702.67   17955.00   538650.06 1.7122e+22   40.17   sub
 153   3   4  10  1.70e+22   9.371     0.1048   0.2500   0.5456     1.050  1.159e+20     1.007      0    1  6.3602e-22  6.0568e-22  3.0459e-21   52926.61   28875.96   866278.81 1.7029e+22   81.57   sub
 154   3   5   1  1.70e+22   6.728     0.2471   0.0030  47.2137  1328.619  1.873e+22     2.104      1    0  1.2760e-16  9.6036e-20  1.8606e-20     100.12    4727.14   141814.32 1.3980e+23    1.67  deep
 155   3   5   2  1.70e+22   7.000     0.2471   0.0049  24.2157   339.750  2.042e+22     2.203      1    0  4.7910e-17  1.4101e-19  2.1792e-20     166.67    4036.02   121080.55 9.2874e+22    1.46  deep
 156   3   5   3  1.70e+22   7.374     0.2471   0.0080  11.8529    64.115  2.112e+22     2.245      1    0  1.7374e-17  2.7098e-19  2.6123e-20     284.06    3366.98   101009.42 6.2555e+22    1.14 super
 157   3   5   4  1.70e+22   7.836     0.2471   0.0131   6.4511    14.044  1.958e+22     2.154      1    0  5.9762e-18  4.2553e-19  2.7307e-20     499.29    3220.96    96628.91 4.2766e+22    1.00  crit
 158   3   5   5  1.70e+22   8.367     0.2471   0.0214   3.9580     4.718  1.522e+22     1.897      1    0  1.7789e-18  3.7704e-19  2.3500e-20     945.63    3742.79   112283.78 2.9815e+22    1.17   sub
 159   3   5   6  1.70e+22   8.829     0.2471   0.0350   2.6845     2.461  9.215e+21     1.543      1    0  4.7444e-19  1.9279e-19  1.7419e-20    1880.96    5049.37   151481.14 2.2694e+22    1.77   sub
 160   3   5   7  1.70e+22   9.132     0.2471   0.0572   1.9168     1.683  4.254e+21     1.251      1    0  1.1201e-19  6.6543e-20  1.1655e-20    3936.98    7546.30   226388.96 1.9259e+22    3.18   sub
 161   3   5   8  1.70e+22   9.276     0.2471   0.0936   1.4313     1.364  1.748e+21     1.103      1    0  2.6367e-20  1.9330e-20  7.5136e-21    8178.60   11705.97   351179.11 1.7866e+22    6.03   sub
 162   3   5   9  1.70e+22   9.338     0.2471   0.1529   1.0928     1.207  6.864e+20     1.040      0    0  6.1850e-21  5.1250e-21  4.7505e-21   16942.16   18514.81   555444.22 1.7317e+22   11.83   sub
 163   3   5  10  1.70e+22   9.362     0.2471   0.2500   0.8416     1.121  2.615e+20     1.015      0    1  1.4219e-21  1.2687e-21  2.9539e-21   35381.74   29775.78   893273.33 1.7102e+22   23.87   sub
 164   3   6   3  1.70e+22   7.316     0.5825   0.0080  36.2431   789.166  2.474e+22     2.458      1    0  1.8865e-17  2.3905e-20  8.9372e-21     271.54    9841.38   295241.42 6.6044e+22    1.61  deep
 165   3   6   4  1.70e+22   7.679     0.5825   0.0131  18.6406   189.328  2.492e+22     2.468      1    0  7.5101e-18  3.9667e-20  1.0701e-20     440.92    8218.98   246569.39 4.8213e+22    1.35  deep
 166   3   6   5  1.70e+22   8.121     0.5825   0.0214   9.1281    33.353  2.162e+22     2.274      1    0  2.5627e-18  7.6836e-20  1.2414e-20     776.21    7085.32   212559.67 3.4966e+22    1.05 super
 167   3   6   6  1.70e+22   8.555     0.5825   0.0350   5.2664     8.686  1.514e+22     1.892      1    0  8.2459e-19  9.4937e-20  1.1891e-20    1404.46    7396.48   221894.39 2.6581e+22    1.02   sub
 168   3   6   7  1.70e+22   8.922     0.5825   0.0572   3.4424     3.638  8.363e+21     1.493      1    0  2.3677e-19  6.5090e-20  9.5459e-21    2676.61    9213.86   276415.68 2.1555e+22    1.32   sub
 169   3   6   8  1.70e+22   9.165     0.5825   0.0936   2.4123     2.143  3.780e+21     1.223      1    0  5.9918e-20  2.7966e-20  6.7610e-21    5392.84   13009.11   390273.15 1.8920e+22    2.09   sub
 170   3   6   9  1.70e+22   9.289     0.5825   0.1529   1.7694     1.574  1.540e+21     1.091      0    0  1.4267e-20  9.0659e-21  4.4677e-21   11126.02   19686.52   590595.75 1.7748e+22    3.74   sub
 171   3   6  10  1.70e+22   9.343     0.5825   0.2500   1.3310     1.312  5.959e+20     1.035      0    1  3.2862e-21  2.5043e-21  2.8423e-21   23249.61   30944.75   928342.62 1.7269e+22    7.19   sub
 172   3   7   4  1.70e+22   7.675     1.3733   0.0131  52.0814  1604.091  2.614e+22     2.540      1    0  7.2869e-18  4.5427e-21  3.7738e-21     447.51   23306.78   699203.48 4.8358e+22    1.69  deep
 173   3   7   5  1.70e+22   8.021     1.3733   0.0214  28.4651   480.149  2.411e+22     2.421      1    0  3.0197e-18  6.2891e-21  4.3480e-21     710.64   20228.58   606857.29 3.7442e+22    1.53  deep
 174   3   7   6  1.70e+22   8.411     1.3733   0.0350  13.4892    88.067  1.870e+22     2.102      1    0  1.0447e-18  1.1863e-20  5.2701e-21    1237.25   16689.45   500683.45 2.9000e+22    1.20  deep
 175   3   7   7  1.70e+22   8.740     1.3733   0.0572   7.3781    19.553  1.237e+22     1.729      1    0  3.6723e-19  1.8782e-20  5.6041e-21    2127.18   15694.56   470836.70 2.3865e+22    1.01 super
 176   3   7   8  1.70e+22   9.017     1.3733   0.0936   4.5387     6.248  6.731e+21     1.397      1    0  1.1225e-19  1.7966e-20  4.9587e-21    3908.00   17737.23   532116.86 2.0471e+22    1.08   sub
 177   3   7   9  1.70e+22   9.204     1.3733   0.1529   3.0685     3.000  3.114e+21     1.183      1    0  3.0120e-20  1.0039e-20  3.7606e-21    7622.03   23388.15   701644.46 1.8548e+22    1.49   sub
 178   3   7  10  1.70e+22   9.302     1.3733   0.2500   2.2079     1.935  1.312e+21     1.077      0    0  7.5282e-21  3.8901e-21  2.5990e-21   15327.51   33841.41  1015242.26 1.7629e+22    2.43   sub
 179   3   8   6  1.70e+22   8.357     3.2375   0.0350  41.8652  1051.166  2.000e+22     2.178      1    1  1.1591e-18  1.1027e-21  1.7944e-21    1170.80   49015.53  1470465.99 2.9999e+22    1.65  deep
 180   3   8   7  1.70e+22   8.660     3.2375   0.0572  21.3966   258.670  1.425e+22     1.840      1    1  4.3432e-19  1.6790e-21  2.1112e-21    1947.07   41660.68  1249820.54 2.4983e+22    1.41  deep
 181   3   8   8  1.70e+22   8.920     3.2375   0.0936  10.7028    49.737  8.818e+21     1.520      1    0  1.4899e-19  2.9957e-21  2.4358e-21    3373.72   36108.38  1083251.51 2.1581e+22    1.10 super
 182   3   8   9  1.70e+22   9.111     3.2375   0.1529   6.1627    12.572  4.912e+21     1.289      1    0  4.8882e-20  3.8883e-21  2.3975e-21    5952.97   36686.58  1100597.27 1.9466e+22    1.00   sub
 183   3   8  10  1.70e+22   9.240     3.2375   0.2500   4.0158     4.855  2.449e+21     1.144      1    0  1.4657e-20  3.0187e-21  2.0005e-21   10948.13   43965.95  1318978.54 1.8202e+22    1.16   sub
 184   3   9   7  1.70e+22   8.652     7.6324   0.0572  59.7228  2079.272  1.448e+22     1.853      1    1  4.3221e-19  2.0787e-22  7.5488e-22    1950.93  116514.71  3495441.36 2.5098e+22    1.70  deep
 185   3   9   8  1.70e+22   8.880     7.6324   0.0936  32.9121   648.947  9.700e+21     1.572      1    1  1.6772e-19  2.5846e-22  8.4232e-22    3172.66  104418.92  3132567.75 2.2060e+22    1.58  deep
 186   3   9   9  1.70e+22   9.051     7.6324   0.1529  17.4255   162.022  6.141e+21     1.362      1    1  6.4281e-20  3.9674e-22  9.7555e-22    5173.96   90158.68  2704760.52 2.0101e+22    1.31  deep
 187   3   9  10  1.70e+22   9.187     7.6324   0.2500   9.0544    32.679  3.461e+21     1.204      1    1  2.1263e-20  6.5068e-22  1.0718e-21    9063.25   82061.87  2461856.12 1.8713e+22    1.05 super
 188   3  10   9  1.70e+22   9.012    17.9932   0.1529  56.5295  1874.434  6.933e+21     1.409      1    1  7.9538e-20  4.2433e-23  3.3523e-22    4641.28  262369.25  7871077.49 2.0527e+22    1.69  deep
 189   3  10  10  1.70e+22   9.161    17.9932   0.2500  27.7130   453.769  3.951e+21     1.233      1    1  2.5107e-20  5.5330e-23  3.8105e-22    8329.00  230821.53  6924645.91 1.8964e+22    1.52  deep
 190   4   1   1  3.39e+22   7.386     0.0080   0.0030   1.6405     1.487  1.049e+21     1.031      0    0  2.5898e-17  1.7414e-17  4.6048e-19     232.86     382.01    11460.35 6.1843e+22    4.41   sub
 191   4   1   2  3.39e+22   7.776     0.0080   0.0049   1.2113     1.256  1.031e+21     1.030      0    0  6.0195e-18  4.7917e-18  2.9303e-19     495.59     600.31    18009.38 4.4718e+22    9.08   sub
 192   4   1   3  3.39e+22   8.000     0.0080   0.0080   0.9148     1.143  9.823e+20     1.029      0    0  1.3630e-18  1.1921e-18  1.8203e-19    1056.39     966.35    28990.51 3.7994e+22   19.00   sub
 193   4   1   4  3.39e+22   8.098     0.0080   0.0131   0.7090     1.085  8.735e+20     1.026      0    0  3.2633e-19  3.0072e-19  1.1423e-19    2172.12    1539.97    46199.09 3.5514e+22   38.53   sub
 194   4   2   1  3.39e+22   7.010     0.0189   0.0030   2.9003     2.751  2.467e+21     1.073      0    0  5.6252e-17  2.0451e-17  3.9404e-19     153.92     446.42    13392.57 9.1787e+22    1.60   sub
 195   4   2   2  3.39e+22   7.464     0.0189   0.0049   2.0245     1.771  2.421e+21     1.071      0    0  1.3686e-17  7.7284e-18  2.6985e-19     322.00     651.89    19556.59 5.7694e+22    2.85   sub
 196   4   2   3  3.39e+22   7.820     0.0189   0.0080   1.4783     1.390  2.306e+21     1.068      0    0  3.2169e-18  2.3145e-18  1.7503e-19     679.85    1004.99    30149.79 4.3265e+22    5.59   sub
 197   4   2   4  3.39e+22   8.018     0.0189   0.0131   1.1133     1.215  2.039e+21     1.060      0    0  7.4537e-19  6.1350e-19  1.1048e-19    1430.11    1592.16    47764.71 3.7520e+22   11.27   sub
 198   4   2   5  3.39e+22   8.107     0.0189   0.0214   0.8530     1.124  1.522e+21     1.045      0    0  1.7122e-19  1.5231e-19  6.8734e-20    3000.39    2559.28    76778.51 3.5297e+22   23.00   sub
 199   4   2   6  3.39e+22   8.143     0.0189   0.0350   0.6599     1.074  8.482e+20     1.025      0    1  3.9320e-20  3.6624e-20  4.2483e-20    6274.94    4140.68   124220.43 3.4453e+22   47.22   sub
 200   4   3   1  3.39e+22   6.780     0.0445   0.0030   5.8479    11.090  5.733e+21     1.169      1    0  9.3437e-17  8.4255e-18  2.5609e-19     117.46     686.90    20606.85 1.2711e+23    1.00   sub
 201   4   3   2  3.39e+22   7.131     0.0445   0.0049   3.7307     4.212  5.624e+21     1.166      1    0  2.7741e-17  6.5868e-18  2.1328e-19     221.07     824.77    24743.09 7.9760e+22    1.22   sub
 202   4   3   3  3.39e+22   7.545     0.0445   0.0080   2.5345     2.279  5.347e+21     1.158      1    0  7.1373e-18  3.1314e-18  1.5482e-19     448.30    1136.20    34086.07 5.3811e+22    1.93   sub
 203   4   3   4  3.39e+22   7.861     0.0445   0.0131   1.8229     1.612  4.716e+21     1.139      1    0  1.7228e-18  1.0686e-18  1.0360e-19     931.42    1697.91    50937.44 4.1974e+22    3.52   sub
 204   4   3   5  3.39e+22   8.036     0.0445   0.0214   1.3570     1.325  3.506e+21     1.103      1    0  3.9840e-19  3.0063e-19  6.6194e-20    1958.37    2657.48    79724.51 3.7043e+22    6.85   sub
 205   4   3   6  3.39e+22   8.115     0.0445   0.0350   1.0328     1.184  1.951e+21     1.057      0    0  9.1405e-20  7.7201e-20  4.1459e-20    4108.35    4242.95   127288.62 3.5121e+22   13.72   sub
 206   4   3   7  3.39e+22   8.146     0.0445   0.0572   0.7978     1.108  8.478e+20     1.025      0    1  2.1276e-20  1.9197e-20  2.5845e-20    8531.82    6806.29   204188.76 3.4391e+22   27.68   sub
 207   4   3   8  3.39e+22   8.158     0.0445   0.0936   0.6169     1.064  3.287e+20     1.010      0    1  4.8011e-21  4.5113e-21  1.5863e-20   17974.12   11089.00   332670.11 3.4109e+22   57.23   sub
 208   4   4   1  3.39e+22   6.694     0.1048   0.0030  15.9131   130.939  1.239e+22     1.365      1    0  1.1902e-16  9.0897e-19  1.0690e-19     103.41    1645.57    49367.19 1.4938e+23    1.27  deep
 209   4   4   2  3.39e+22   6.950     0.1048   0.0049   8.2108    25.551  1.235e+22     1.364      1    0  3.9970e-17  1.5643e-18  1.1783e-19     181.82    1492.93    44787.84 9.8951e+22    1.03 super
 210   4   4   3  3.39e+22   7.283     0.1048   0.0080   4.8938     7.361  1.179e+22     1.347      1    0  1.2740e-17  1.7306e-18  1.0903e-19     329.68    1613.41    48402.44 6.8167e+22    1.05   sub
 211   4   4   4  3.39e+22   7.631     0.1048   0.0131   3.2389     3.277  1.041e+22     1.307      1    0  3.6376e-18  1.1102e-18  8.5998e-20     631.53    2045.50    61365.10 5.0124e+22    1.40   sub
 212   4   4   5  3.39e+22   7.903     0.1048   0.0214   2.2710     1.996  7.757e+21     1.229      1    0  9.0255e-19  4.5208e-19  6.0033e-20    1290.27    2930.19    87905.78 4.0710e+22    2.31   sub
 213   4   4   6  3.39e+22   8.053     0.1048   0.0350   1.6670     1.504  4.375e+21     1.129      1    0  2.1226e-19  1.4111e-19  3.9290e-20    2685.84    4477.18   134315.48 3.6611e+22    4.26   sub
 214   4   4   7  3.39e+22   8.121     0.1048   0.0572   1.2573     1.277  1.923e+21     1.057      0    0  4.8969e-20  3.8346e-20  2.4915e-20    5615.23    7060.22   211806.67 3.4967e+22    8.27   sub
 215   4   4   8  3.39e+22   8.148     0.1048   0.0936   0.9666     1.160  7.715e+20     1.023      0    1  1.1467e-20  9.8810e-21  1.5657e-20   11623.36   11234.88   337046.26 3.4336e+22   16.37   sub
 216   4   4   9  3.39e+22   8.159     0.1048   0.1529   0.7450     1.094  2.927e+20     1.009      0    1  2.5909e-21  2.3678e-21  9.6501e-21   24469.14   18228.67   546860.03 3.4089e+22   33.52   sub
 217   4   4  10  3.39e+22   8.163     0.1048   0.2500   0.5852     1.058  1.157e+20     1.003      0    1  6.3514e-22  6.0048e-22  6.0805e-21   49432.39   28929.97   867899.22 3.3999e+22   66.60   sub
 218   4   5   1  3.39e+22   6.670     0.2471   0.0030  48.4995  1399.290  1.857e+22     1.547      1    0  1.3029e-16  9.3114e-20  3.6765e-20      98.65    4784.66   143539.87 1.5756e+23    1.68  deep
 219   4   5   2  3.39e+22   6.880     0.2471   0.0049  24.8553   359.518  2.016e+22     1.594      1    0  4.7419e-17  1.3190e-19  4.2611e-20     166.09    4128.28   123848.36 1.0885e+23    1.48  deep
 220   4   5   3  3.39e+22   7.150     0.2471   0.0080  12.2488    69.535  2.073e+22     1.611      1    0  1.6782e-17  2.4135e-19  5.0461e-20     284.60    3486.07   104581.96 7.8149e+22    1.16  deep
 221   4   5   4  3.39e+22   7.446     0.2471   0.0131   6.7212    15.525  1.904e+22     1.561      1    0  5.6596e-18  3.6454e-19  5.2329e-20     500.15    3361.58   100847.47 5.8579e+22    1.00 super
 222   4   5   5  3.39e+22   7.730     0.2471   0.0214   4.2099     5.339  1.476e+22     1.435      1    0  1.7213e-18  3.2239e-19  4.5220e-20     924.02    3890.03   116700.80 4.6342e+22    1.12   sub
 223   4   5   6  3.39e+22   7.945     0.2471   0.0350   2.8792     2.721  8.945e+21     1.264      1    0  4.6308e-19  1.7020e-19  3.3828e-20    1806.06    5200.04   156001.35 3.9508e+22    1.61   sub
 224   4   5   7  3.39e+22   8.069     0.2471   0.0572   2.0733     1.813  4.225e+21     1.124      1    0  1.1290e-19  6.2284e-20  2.3017e-20    3686.29    7642.67   229279.96 3.6221e+22    2.73   sub
 225   4   5   8  3.39e+22   8.127     0.2471   0.0936   1.5416     1.426  1.730e+21     1.051      0    0  2.6205e-20  1.8373e-20  1.4861e-20    7678.76   11837.29   355118.85 3.4828e+22    5.07   sub
 226   4   5   9  3.39e+22   8.151     0.2471   0.1529   1.1728     1.240  6.765e+20     1.020      0    1  6.0836e-21  4.9079e-21  9.3977e-21   15960.15   18718.21   561546.27 3.4282e+22    9.86   sub
 227   4   5  10  3.39e+22   8.160     0.2471   0.2500   0.8981     1.138  2.540e+20     1.007      0    1  1.3651e-21  1.1995e-21  5.8102e-21   33712.33   30276.09   908282.59 3.4068e+22   19.98   sub
 228   4   6   3  3.39e+22   7.098     0.5825   0.0080  38.7078   900.189  2.404e+22     1.708      1    0  1.9218e-17  2.1349e-20  1.7150e-20     264.98   10256.91   307707.44 8.2776e+22    1.63  deep
 229   4   6   4  3.39e+22   7.352     0.5825   0.0131  19.6434   213.388  2.396e+22     1.706      1    0  7.1641e-18  3.3573e-20  2.0274e-20     441.71    8676.62   260298.58 6.3848e+22    1.37  deep
 230   4   6   5  3.39e+22   7.615     0.5825   0.0214   9.6731    38.593  2.041e+22     1.601      1    0  2.3664e-18  6.1317e-20  2.3250e-20     782.18    7566.11   226983.18 5.0776e+22    1.07 super
 231   4   6   6  3.39e+22   7.826     0.5825   0.0350   5.7064    10.466  1.435e+22     1.423      1    0  7.8497e-19  7.5003e-20  2.2390e-20    1376.80    7856.61   235698.18 4.3070e+22    1.01   sub
 232   4   6   7  3.39e+22   7.987     0.5825   0.0572   3.7364     4.224  8.011e+21     1.236      1    0  2.2827e-19  5.4046e-20  1.8254e-20    2579.19    9636.99   289109.61 3.8342e+22    1.22   sub
 233   4   6   8  3.39e+22   8.085     0.5825   0.0936   2.6143     2.374  3.673e+21     1.108      1    0  5.8533e-20  2.4655e-20  1.3130e-20    5124.54   13397.19   401915.81 3.5837e+22    1.84   sub
 234   4   6   9  3.39e+22   8.133     0.5825   0.1529   1.9075     1.676  1.501e+21     1.044      0    1  1.3902e-20  8.2944e-21  8.7443e-21   10546.32   20116.89   603506.72 3.4699e+22    3.21   sub
 235   4   6  10  3.39e+22   8.153     0.5825   0.2500   1.4347     1.366  5.898e+20     1.017      0    1  3.2610e-21  2.3875e-21  5.6240e-21   21801.80   31278.19   938345.67 3.4237e+22    6.00   sub
 236   4   7   4  3.39e+22   7.347     1.3733   0.0131  54.9480  1776.304  2.507e+22     1.739      1    1  7.0312e-18  3.9583e-21  7.1825e-21     445.72   24491.46   734743.72 6.4123e+22    1.69  deep
 237   4   7   5  3.39e+22   7.549     1.3733   0.0214  31.4500   591.075  2.292e+22     1.675      1    1  2.9560e-18  5.0010e-21  8.0272e-21     696.79   21914.18   657425.51 5.3627e+22    1.57  deep
 238   4   7   6  3.39e+22   7.763     1.3733   0.0350  14.9422   112.724  1.743e+22     1.513      1    1  9.7500e-19  8.6495e-21  9.5682e-21    1230.39   18384.69   551540.71 4.5162e+22    1.24  deep
 239   4   7   7  3.39e+22   7.917     1.3733   0.0572   8.1368    24.977  1.143e+22     1.337      1    0  3.3761e-19  1.3517e-20  1.0239e-20    2111.47   17180.70   515420.86 4.0311e+22    1.02 super
 240   4   7   8  3.39e+22   8.030     1.3733   0.0936   4.9763     7.641  6.280e+21     1.185      1    0  1.0444e-19  1.3668e-20  9.2454e-21    3823.43   19026.71   570801.45 3.7209e+22    1.04   sub
 241   4   7   9  3.39e+22   8.100     1.3733   0.1529   3.3611     3.489  2.995e+21     1.088      0    0  2.9171e-20  8.3607e-21  7.2029e-21    7265.97   24421.84   732655.31 3.5459e+22    1.35   sub
 242   4   7  10  3.39e+22   8.137     1.3733   0.2500   2.4023     2.132  1.283e+21     1.038      0    1  7.4057e-21  3.4740e-21  5.0663e-21   14453.77   34721.70  1041650.90 3.4585e+22    2.10   sub
 243   4   8   6  3.39e+22   7.736     3.2375   0.0350  46.3486  1281.928  1.865e+22     1.549      1    1  1.0943e-18  8.5366e-22  3.2738e-21    1159.29   53731.59  1611947.61 4.6136e+22    1.67  deep
 244   4   8   7  3.39e+22   7.885     3.2375   0.0572  24.0895   335.910  1.302e+22     1.384      1    1  3.9553e-19  1.1775e-21  3.7510e-21    1946.78   46897.04  1406911.29 4.1260e+22    1.46  deep
 245   4   8   8  3.39e+22   7.993     3.2375   0.0936  12.3446    70.883  8.115e+21     1.239      1    1  1.3845e-19  1.9532e-21  4.3011e-21    3313.04   40898.15  1226944.38 3.8188e+22    1.16  deep
 246   4   8   9  3.39e+22   8.067     3.2375   0.1529   7.0224    17.296  4.600e+21     1.136      1    1  4.6440e-20  2.6850e-21  4.3589e-21    5746.74   40355.92  1210677.49 3.6280e+22    1.00 super
 247   4   8  10  3.39e+22   8.115     3.2375   0.2500   4.4567     6.010  2.313e+21     1.068      0    1  1.3913e-20  2.3149e-21  3.7482e-21   10530.72   46931.91  1407957.29 3.5104e+22    1.09   sub
 248   4   9   8  3.39e+22   7.976     7.6324   0.0936  38.5946   894.955  8.928e+21     1.263      1    1  1.5811e-19  1.7666e-22  1.4717e-21    3097.00  119527.43  3585822.86 3.8636e+22    1.63  deep
 249   4   9   9  3.39e+22   8.048     7.6324   0.1529  20.1908   227.091  5.490e+21     1.162      1    1  5.7206e-20  2.5191e-22  1.6845e-21    5171.93  104425.49  3132764.81 3.6740e+22    1.38  deep
 250   4   9  10  3.39e+22   8.099     7.6324   0.2500  10.3054    45.242  3.083e+21     1.091      0    1  1.8706e-20  4.1347e-22  1.8814e-21    9072.76   93498.75  2804962.52 3.5493e+22    1.09 super
 251   4  10   9  3.39e+22   8.047    17.9932   0.1529  56.5090  1873.146  5.548e+21     1.163      1    1  5.6593e-20  3.0213e-23  5.9871e-22    5199.44  293815.35  8814460.40 3.6776e+22    1.69  deep
 252   4  10  10  3.39e+22   8.089    17.9932   0.2500  32.9489   650.430  3.550e+21     1.105      1    1  2.2854e-20  3.5137e-23  6.5083e-22    8203.18  270285.43  8108562.88 3.5734e+22    1.58  deep
 253   5   1   1  6.79e+22   6.976     0.0080   0.0030   1.6973     1.524  1.050e+21     1.015      0    0  2.5957e-17  1.7029e-17  9.1702e-19     226.04     383.65    11509.64 9.5740e+22    4.09   sub
 254   5   1   2  6.79e+22   7.146     0.0080   0.0049   1.2649     1.281  1.030e+21     1.015      0    0  5.9155e-18  4.6196e-18  5.8040e-19     479.23     606.16    18184.82 7.8508e+22    8.15   sub
 255   5   1   3  6.79e+22   7.229     0.0080   0.0080   0.9687     1.161  9.829e+20     1.014      0    0  1.3912e-18  1.1981e-18  3.6542e-19     993.91     962.78    28883.36 7.1982e+22   16.28   sub
 256   5   1   4  6.79e+22   7.265     0.0080   0.0131   0.7451     1.094  8.690e+20     1.013      0    0  3.1431e-19  2.8724e-19  2.2524e-19    2096.29    1561.98    46859.26 6.9415e+22   33.50   sub
 257   5   2   1  6.79e+22   6.789     0.0189   0.0030   2.9683     2.849  2.467e+21     1.036      0    0  5.6131e-17  1.9702e-17  7.8163e-19     151.64     450.11    13503.19 1.2541e+23    1.55   sub
 258   5   2   2  6.79e+22   7.011     0.0189   0.0049   2.1081     1.843  2.419e+21     1.036      0    0  1.3759e-17  7.4640e-18  5.3617e-19     311.26     656.17    19685.07 9.1603e+22    2.64   sub
 259   5   2   3  6.79e+22   7.162     0.0189   0.0080   1.5521     1.433  2.302e+21     1.034      0    0  3.1909e-18  2.2273e-18  3.4697e-19     653.26    1013.96    30418.89 7.7121e+22    5.00   sub
 260   5   2   4  6.79e+22   7.236     0.0189   0.0131   1.1752     1.241  2.034e+21     1.030      0    0  7.3890e-19  5.9563e-19  2.1940e-19    1364.52    1603.54    48106.18 7.1431e+22    9.81   sub
 261   5   2   5  6.79e+22   7.268     0.0189   0.0214   0.8982     1.138  1.505e+21     1.022      0    0  1.6566e-19  1.4557e-19  1.3563e-19    2888.08    2593.97    77819.13 6.9207e+22   19.97   sub
 262   5   2   6  6.79e+22   7.280     0.0189   0.0350   0.7023     1.084  8.584e+20     1.013      0    1  4.0385e-20  3.7271e-20  8.5567e-20    5854.21    4111.58   123347.49 6.8402e+22   39.57   sub
 263   5   3   1  6.79e+22   6.663     0.0445   0.0030   5.9369    11.496  5.728e+21     1.084      0    0  9.2209e-17  8.0211e-18  5.0556e-19     117.21     695.89    20876.75 1.5991e+23    1.00   sub
 264   5   3   2  6.79e+22   6.857     0.0445   0.0049   3.8270     4.420  5.616e+21     1.083      0    0  2.6956e-17  6.0986e-18  4.1802e-19     219.92     841.62    25248.58 1.1260e+23    1.20   sub
 265   5   3   3  6.79e+22   7.049     0.0445   0.0080   2.6552     2.424  5.337e+21     1.079      0    0  7.1167e-18  2.9356e-18  3.0535e-19     433.95    1152.20    34565.88 8.7571e+22    1.80   sub
 266   5   3   4  6.79e+22   7.179     0.0445   0.0131   1.9164     1.683  4.687e+21     1.069      0    0  1.6798e-18  9.9811e-19  2.0366e-19     901.43    1727.51    51825.37 7.5739e+22    3.18   sub
 267   5   3   5  6.79e+22   7.243     0.0445   0.0214   1.4370     1.367  3.486e+21     1.051      0    0  3.9595e-19  2.8962e-19  1.3128e-19    1864.89    2679.89    80396.71 7.0959e+22    5.98   sub
 268   5   3   6  6.79e+22   7.270     0.0445   0.0350   1.0982     1.209  1.957e+21     1.029      0    1  9.2629e-20  7.6621e-20  8.2937e-20    3862.86    4242.01   127260.35 6.9069e+22   11.68   sub
 269   5   3   7  6.79e+22   7.281     0.0445   0.0572   0.8459     1.122  8.458e+20     1.012      0    1  2.1267e-20  1.8954e-20  5.1555e-20    8067.71    6824.14   204724.26 6.8332e+22   23.54   sub
 270   5   3   8  6.79e+22   7.285     0.0445   0.0936   0.6543     1.072  3.291e+20     1.005      0    1  4.8197e-21  4.4945e-21  3.1720e-20   16952.20   11091.38   332741.40 6.8050e+22   48.39   sub
 271   5   4   1  6.79e+22   6.612     0.1048   0.0030  16.2696   137.972  1.236e+22     1.182      1    0  1.1892e-16  8.6188e-19  2.1031e-19     102.82    1672.83    50184.78 1.8266e+23    1.28  deep
 272   5   4   2  6.79e+22   6.760     0.1048   0.0049   8.4759    27.675  1.229e+22     1.181      1    0  3.9295e-17  1.4199e-18  2.2951e-19     180.85    1532.89    45986.72 1.3168e+23    1.03 super
 273   5   4   3  6.79e+22   6.932     0.1048   0.0080   5.1218     8.152  1.171e+22     1.172      1    0  1.2527e-17  1.5367e-18  2.1178e-19     324.35    1661.27    49837.99 1.0138e+23    1.03   sub
 274   5   4   4  6.79e+22   7.088     0.1048   0.0131   3.4119     3.581  1.030e+22     1.152      1    0  3.5487e-18  9.9094e-19  1.6733e-19     616.25    2102.57    63077.20 8.3643e+22    1.33   sub
 275   5   4   5  6.79e+22   7.194     0.1048   0.0214   2.4143     2.145  7.674e+21     1.113      1    0  8.9836e-19  4.1887e-19  1.1810e-19    1233.91    2979.06    89371.77 7.4572e+22    2.09   sub
 276   5   4   6  6.79e+22   7.248     0.1048   0.0350   1.7765     1.579  4.353e+21     1.064      0    0  2.1363e-19  1.3531e-19  7.7971e-20    2539.90    4512.16   135364.74 7.0548e+22    3.71   sub
 277   5   4   7  6.79e+22   7.272     0.1048   0.0572   1.3383     1.316  1.921e+21     1.028      0    1  4.9292e-20  3.7461e-20  4.9638e-20    5296.21    7087.70   212631.07 6.8908e+22    7.09   sub
 278   5   4   8  6.79e+22   7.282     0.1048   0.0936   1.0220     1.180  7.582e+20     1.011      0    1  1.1206e-20  9.4965e-21  3.0971e-20   11114.83   11359.52   340785.70 6.8270e+22   14.11   sub
 279   5   4   9  6.79e+22   7.285     0.1048   0.1529   0.7915     1.107  2.942e+20     1.004      0    1  2.6181e-21  2.3659e-21  1.9324e-20   23001.26   18206.57   546196.96 6.8031e+22   28.29   sub
 280   5   4  10  6.79e+22   7.287     0.1048   0.2500   0.6140     1.064  1.112e+20     1.002      0    1  5.9865e-22  5.6284e-22  1.1911e-20   48105.87   29538.07   886142.04 6.7938e+22   58.02   sub
 281   5   5   1  6.79e+22   6.595     0.2471   0.0030  50.1533  1492.405  1.836e+22     1.270      1    0  1.3361e-16  8.9529e-20  7.2410e-20      96.88    4858.69   145760.79 1.9242e+23    1.68  deep
 282   5   5   2  6.79e+22   6.722     0.2471   0.0049  25.7044   386.517  1.981e+22     1.292      1    0  4.6639e-17  1.2066e-19  8.2684e-20     165.53    4254.95   127648.62 1.4137e+23    1.49  deep
 283   5   5   3  6.79e+22   6.868     0.2471   0.0080  12.9194    79.263  2.022e+22     1.298      1    0  1.6320e-17  2.0589e-19  9.6268e-20     282.88    3654.57   109637.24 1.1074e+23    1.18  deep
 284   5   5   4  6.79e+22   7.011     0.2471   0.0131   7.1526    18.101  1.846e+22     1.272      1    0  5.4598e-18  3.0162e-19  9.9545e-20     494.12    3534.26   106027.77 9.1587e+22    1.00 super
 285   5   5   5  6.79e+22   7.129     0.2471   0.0214   4.5131     6.173  1.431e+22     1.211      1    0  1.6840e-18  2.7281e-19  8.6891e-20     897.16    4048.97   121469.11 7.9919e+22    1.08   sub
 286   5   5   6  6.79e+22   7.211     0.2471   0.0350   3.0743     3.009  8.672e+21     1.128      1    0  4.5080e-19  1.4980e-19  6.5622e-20    1743.91    5361.30   160838.92 7.3287e+22    1.49   sub
 287   5   5   7  6.79e+22   7.254     0.2471   0.0572   2.2185     1.945  4.176e+21     1.062      0    0  1.1275e-19  5.7957e-20  4.5342e-20    3497.58    7759.23   232776.87 7.0140e+22    2.41   sub
 288   5   5   8  6.79e+22   7.274     0.2471   0.0936   1.6455     1.490  1.725e+21     1.025      0    1  2.6339e-20  1.7673e-20  2.9505e-20    7246.32   11923.93   357717.84 6.8767e+22    4.38   sub
 289   5   5   9  6.79e+22   7.282     0.2471   0.1529   1.2473     1.272  6.739e+20     1.010      0    1  6.0809e-21  4.7791e-21  1.8693e-20   15089.46   18820.51   564615.29 6.8222e+22    8.44   sub
 290   5   5  10  6.79e+22   7.286     0.2471   0.2500   0.9598     1.158  2.598e+20     1.004      0    1  1.4169e-21  1.2234e-21  1.1724e-20   31266.23   30008.15   900244.37 6.8013e+22   16.69   sub
 291   5   6   3  6.79e+22   6.831     0.5825   0.0080  42.6970  1092.545  2.317e+22     1.341      1    1  2.0221e-17  1.8508e-20  3.2512e-20     253.44   10821.18   324635.26 1.1709e+23    1.65  deep
 292   5   6   4  6.79e+22   6.973     0.5825   0.0131  20.7641   241.867  2.281e+22     1.336      1    1  6.6774e-18  2.7608e-20  3.8025e-20     445.59    9252.17   277565.23 9.6050e+22    1.40  deep
 293   5   6   5  6.79e+22   7.083     0.5825   0.0214  10.7543    50.336  1.945e+22     1.287      1    0  2.3253e-18  4.6195e-20  4.2987e-20     761.03    8184.37   245530.98 8.4117e+22    1.10 super
 294   5   6   6  6.79e+22   7.170     0.5825   0.0350   6.1558    12.538  1.349e+22     1.199      1    0  7.3384e-19  5.8530e-20  4.1931e-20    1362.98    8390.30   251708.97 7.6458e+22    1.00   sub
 295   5   6   7  6.79e+22   7.227     0.5825   0.0572   4.0336     4.898  7.673e+21     1.113      1    0  2.1981e-19  4.4879e-20  3.4887e-20    2500.18   10084.63   302539.02 7.2106e+22    1.15   sub
 296   5   6   8  6.79e+22   7.260     0.5825   0.0936   2.8070     2.621  3.575e+21     1.053      0    1  5.7264e-20  2.1846e-20  2.5528e-20    4909.70   13781.63   413448.98 6.9729e+22    1.67   sub
 297   5   6   9  6.79e+22   7.276     0.5825   0.1529   2.0435     1.787  1.489e+21     1.022      0    1  1.3902e-20  7.7794e-21  1.7258e-20    9975.67   20385.34   611560.08 6.8635e+22    2.80   sub
 298   5   6  10  6.79e+22   7.283     0.5825   0.2500   1.5277     1.418  5.841e+20     1.009      0    1  3.2372e-21  2.2827e-21  1.1135e-20   20682.03   31596.08   947882.52 6.8175e+22    5.18   sub
 299   5   7   4  6.79e+22   6.969     1.3733   0.0131  58.2455  1983.399  2.381e+22     1.351      1    1  6.6662e-18  3.3610e-21  1.3548e-20     445.84   25968.15   779044.53 9.6522e+22    1.70  deep
 300   5   7   5  6.79e+22   7.059     1.3733   0.0214  34.6157   719.223  2.157e+22     1.318      1    1  2.8266e-18  3.9301e-21  1.4750e-20     689.06   23852.16   715564.92 8.6528e+22    1.60  deep
 301   5   7   6  6.79e+22   7.144     1.3733   0.0350  17.3145   159.631  1.653e+22     1.244      1    1  9.6631e-19  6.0534e-21  1.7139e-20    1185.57   20527.50   615825.01 7.8663e+22    1.31  deep
 302   5   7   7  6.79e+22   7.203     1.3733   0.0572   9.0764    32.879  1.069e+22     1.157      1    1  3.1819e-19  9.6775e-21  1.8683e-20    2074.67   18830.59   564917.70 7.3851e+22    1.05 super
 303   5   7   8  6.79e+22   7.242     1.3733   0.0936   5.4680     9.471  5.957e+21     1.088      0    1  9.9828e-20  1.0540e-20  1.7324e-20    3713.92   20307.62   609228.56 7.0986e+22    1.01   sub
 304   5   7   9  6.79e+22   7.266     1.3733   0.1529   3.6421     4.027  2.884e+21     1.042      0    1  2.8245e-20  7.0137e-21  1.3813e-20    6993.39   25470.91   764127.20 6.9344e+22    1.25   sub
 305   5   7  10  6.79e+22   7.278     1.3733   0.2500   2.5752     2.327  1.246e+21     1.018      0    1  7.1993e-21  3.0936e-21  9.8541e-21   13863.92   35702.75  1071082.51 6.8508e+22    1.89   sub
 306   5   8   6  6.79e+22   7.128     3.2375   0.0350  55.6368  1818.769  1.804e+22     1.266      1    1  1.1812e-18  6.4944e-22  5.9037e-21    1071.10   59592.80  1787784.06 8.0068e+22    1.69  deep
 307   5   8   7  6.79e+22   7.192     3.2375   0.0572  27.8049   456.959  1.213e+22     1.179      1    1  3.7725e-19  8.2556e-22  6.6460e-21    1903.86   52936.78  1588103.45 7.4730e+22    1.52  deep
 308   5   8   8  6.79e+22   7.232     3.2375   0.0936  13.8577    94.021  7.386e+21     1.109      1    1  1.2504e-19  1.3299e-21  7.6560e-21    3316.09   45953.28  1378598.30 7.1746e+22    1.21  deep
 309   5   8   9  6.79e+22   7.256     3.2375   0.1529   7.8175    22.592  4.256e+21     1.063      0    1  4.2933e-20  1.9004e-21  7.9393e-21    5668.44   44313.18  1329395.25 7.0046e+22    1.02 super
 310   5   8  10  6.79e+22   7.271     3.2375   0.2500   4.8587     7.245  2.169e+21     1.032      0    1  1.3009e-20  1.7956e-21  7.0243e-21   10308.47   50086.11  1502583.30 6.8973e+22    1.05   sub
 311   5   9   8  6.79e+22   7.225     7.6324   0.0936  44.4803  1183.470  8.260e+21     1.122      1    1  1.4945e-19  1.2628e-22  2.6089e-21    3031.71  134851.65  4045549.36 7.2235e+22    1.66  deep
 312   5   9   9  6.79e+22   7.251     7.6324   0.1529  22.3846   285.949  4.854e+21     1.072      0    1  4.9277e-20  1.7233e-22  2.9714e-21    5289.37  118400.61  3552018.23 7.0355e+22    1.43  deep
 313   5   9  10  6.79e+22   7.266     7.6324   0.2500  11.9694    65.685  2.872e+21     1.042      0    1  1.7728e-20  2.6990e-22  3.3297e-21    8827.41  105659.21  3169776.33 6.9329e+22    1.15 super
 314   5  10  10  6.79e+22   7.264    17.9932   0.2500  36.7737   812.552  3.138e+21     1.046      0    1  1.9827e-20  2.4401e-23  1.1463e-21    8346.05  306915.57  9207466.95 6.9468e+22    1.62  deep
