! Date: 14/08/2026  Time: 14:15:53  Created by RADMC3D compiled on Aug 14 2026 12:46    
! Alexander Men’shchikov, DAp IRFU CEA Saclay, France                         
!
! PROFILES OF DENSITIES & TEMPERATURES
!
! Note: radii in this table are cell-centered
!
! Distance (pc): 2.60000000E+02  Mass-averaged Tdust (K): 1.23189124E+01
!
!   N    RADIUS(cm)    RELZONESIZE     RADIUS(au)     RADIUS(pc)     RADIUS(as)    DENS(g/cm^3)  NUMDEN(1/cm^3)   DENSDUST       NUMDENDUST     MASSFRAC      TEMPERATURE
!
    1  3.4889395E+14  1.0739402E+00  2.3322120E+01  1.1306728E-04  8.9700462E-02  2.9747142E-18  6.3979063E+05  2.9747142E-20  6.3979063E+03       Infinity  6.2631954E+00
    2  7.4851320E+14  5.6718739E-01  5.0035017E+01  2.4257327E-04  1.9244237E-01  2.9729428E-18  6.3940965E+05  2.9729428E-20  6.3940965E+03       Infinity  5.9094395E+00
    3  1.2013053E+15  4.0042861E-01  8.0302302E+01  3.8931119E-04  3.0885501E-01  2.9694396E-18  6.3865619E+05  2.9694396E-20  6.3865619E+03       Infinity  6.1172676E+00
    4  1.7143455E+15  3.1793083E-01  1.1459692E+02  5.5557390E-04  4.4075738E-01  2.9635460E-18  6.3738861E+05  2.9635460E-20  6.3738861E+03       Infinity  8.6987281E+00
    5  2.2956502E+15  2.6901578E-01  1.5345474E+02  7.4395934E-04  5.9021053E-01  2.9544056E-18  6.3542272E+05  2.9544056E-20  6.3542272E+03       Infinity  8.1364548E+00
    6  2.9543027E+15  2.3685413E-01  1.9748294E+02  9.5741113E-04  7.5954975E-01  2.9409053E-18  6.3251913E+05  2.9409053E-20  6.3251913E+03       Infinity  8.1558604E+00
    7  3.7005947E+15  2.1424807E-01  2.4736948E+02  1.1992646E-03  9.5142106E-01  2.9221066E-18  6.2847598E+05  2.9221066E-20  6.2847598E+03       Infinity  7.9037664E+00
    8  4.5461875E+15  1.9760302E-01  3.0389387E+02  1.4732988E-03  1.1688226E+00  2.8957637E-18  6.2281023E+05  2.8957637E-20  6.2281023E+03       Infinity  7.8500732E+00
    9  5.5042940E+15  1.8492336E-01  3.6793933E+02  1.7837957E-03  1.4151513E+00  2.8600442E-18  6.1512783E+05  2.8600442E-20  6.1512783E+03       Infinity  8.1209488E+00
   10  6.5898850E+15  1.7501209E-01  4.4050660E+02  2.1356069E-03  1.6942562E+00  2.8125043E-18  6.0490313E+05  2.8125043E-20  6.0490313E+03       Infinity  8.0831932E+00
   11  7.8199236E+15  1.6710747E-01  5.2272960E+02  2.5342298E-03  2.0104985E+00  2.7503444E-18  5.9153399E+05  2.7503444E-20  5.9153399E+03       Infinity  8.1111809E+00
   12  9.2136297E+15  1.6070156E-01  6.1589311E+02  2.9858930E-03  2.3688196E+00  2.6705214E-18  5.7436595E+05  2.6705214E-20  5.7436595E+03       Infinity  8.1826577E+00
   13  1.0792781E+16  1.5544257E-01  7.2145284E+02  3.4976540E-03  2.7748186E+00  2.5699790E-18  5.5274167E+05  2.5699790E-20  5.5274167E+03       Infinity  8.1236115E+00
   14  1.2582052E+16  1.5107908E-01  8.4105823E+02  4.0775093E-03  3.2348394E+00  2.4460021E-18  5.2607717E+05  2.4460021E-20  5.2607717E+03       Infinity  8.2074535E+00
   15  1.4609402E+16  1.4742660E-01  9.7657819E+02  4.7345196E-03  3.7560699E+00  2.2967881E-18  4.9398477E+05  2.2967881E-20  4.9398477E+03       Infinity  8.2268158E+00
   16  1.6906508E+16  1.4434670E-01  1.1301303E+03  5.4789509E-03  4.3466549E+00  2.1220966E-18  4.5641277E+05  2.1220966E-20  4.5641277E+03       Infinity  8.2907281E+00
   17  1.9509265E+16  1.4173344E-01  1.3041138E+03  6.3224354E-03  5.0158224E+00  1.9239463E-18  4.1379532E+05  1.9239463E-20  4.1379532E+03       Infinity  8.3709501E+00
   18  2.2458342E+16  1.3950444E-01  1.5012474E+03  7.2781530E-03  5.7740286E+00  1.7070475E-18  3.6714553E+05  1.7070475E-20  3.6714553E+03       Infinity  8.4531359E+00
   19  2.5799820E+16  1.3759465E-01  1.7246114E+03  8.3610373E-03  6.6331209E+00  1.4788450E-18  3.1806457E+05  1.4788450E-20  3.1806457E+03       Infinity  8.5832184E+00
   20  2.9585911E+16  1.3595205E-01  1.9776960E+03  9.5880090E-03  7.6065231E+00  1.2488147E-18  2.6859049E+05  1.2488147E-20  2.6859049E+03       Infinity  8.7529065E+00
   21  3.3875775E+16  1.3453458E-01  2.2644557E+03  1.0978240E-02  8.7094451E+00  1.0271667E-18  2.2091924E+05  1.0271667E-20  2.2091924E+03       Infinity  8.9679669E+00
   22  3.8736444E+16  1.3330791E-01  2.5893714E+03  1.2553454E-02  9.9591206E+00  8.2317922E-19  1.7704637E+05  8.2317922E-21  1.7704637E+03       Infinity  9.2442957E+00
   23  4.4243868E+16  1.3224372E-01  2.9575199E+03  1.4338264E-02  1.1375077E+01  6.4372176E-19  1.3844932E+05  6.4372176E-21  1.3844932E+03       Infinity  9.5908820E+00
   24  5.0484104E+16  1.3131852E-01  3.3746539E+03  1.6360559E-02  1.2979438E+01  4.9243072E-19  1.0591020E+05  4.9243072E-21  1.0591020E+03       Infinity  1.0035237E+01
   25  5.7554658E+16  1.3051266E-01  3.8472913E+03  1.8651938E-02  1.4797274E+01  3.6973705E-19  7.9521689E+04  3.6973705E-21  7.9521689E+02       Infinity  1.0556920E+01
   26  6.5566013E+16  1.2980960E-01  4.3828173E+03  2.1248206E-02  1.6856989E+01  2.7353547E-19  5.8831006E+04  2.7353547E-21  5.8831006E+02       Infinity  1.1164003E+01
   27  7.4643349E+16  1.2919537E-01  4.9895997E+03  2.4189930E-02  1.9190768E+01  2.0019855E-19  4.3057970E+04  2.0019855E-21  4.3057970E+02       Infinity  1.1847677E+01
   28  8.4928506E+16  1.2865808E-01  5.6771200E+03  2.7523076E-02  2.1835077E+01  1.4552442E-19  3.1298858E+04  1.4552442E-21  3.1298858E+02       Infinity  1.2621521E+01
   29  9.6582195E+16  1.2818758E-01  6.4561209E+03  3.1299727E-02  2.4831234E+01  1.0543848E-19  2.2677321E+04  1.0543848E-21  2.2677321E+02       Infinity  1.3550714E+01
   30  1.0978651E+17  1.2777519E-01  7.3387749E+03  3.5578896E-02  2.8226057E+01  7.6382834E-20  1.6428140E+04  7.6382834E-22  1.6428140E+02       Infinity  1.4676341E+01
   31  1.2474778E+17  1.2741342E-01  8.3388738E+03  4.0427445E-02  3.2072592E+01  5.5467617E-20  1.1929772E+04  5.5467617E-22  1.1929772E+02       Infinity  1.6058971E+01
   32  1.4105183E+17  1.1849241E-01  9.4287327E+03  4.5711157E-02  3.6264356E+01  4.0919710E-20  8.8008613E+03  4.0919710E-22  8.8008613E+01       Infinity  1.7887038E+01
   33  1.5005656E+17  8.6359400E-03  1.0030661E+04  4.8629350E-02  3.8579467E+01  1.9449648E-22  4.1831589E+01  1.9449648E-24  4.1831589E-01       Infinity  1.9230540E+01
   34  1.6090738E+17  1.2681686E-01  1.0755994E+04  5.2145814E-02  4.1369208E+01  1.9449648E-22  4.1831589E+01  1.9449648E-24  4.1831589E-01       Infinity  1.9676691E+01
   35  1.8267074E+17  1.2657166E-01  1.2210784E+04  5.9198740E-02  4.6964556E+01  1.9449648E-22  4.1831589E+01  1.9449648E-24  4.1831589E-01       Infinity  2.0025889E+01
   36  2.0735376E+17  1.2657166E-01  1.3860743E+04  6.7197853E-02  5.3310549E+01  1.9449648E-22  4.1831589E+01  1.9449648E-24  4.1831589E-01       Infinity  2.0221115E+01
   37  2.3870038E+17  1.5269411E-01  1.5956135E+04  7.7356463E-02  6.1369751E+01  1.9449648E-22  4.1831589E+01  1.9449648E-24  4.1831589E-01       Infinity  2.0354825E+01
   38  2.8241510E+17  1.8051896E-01  1.8878283E+04  9.1523242E-02  7.2608782E+01  1.9449648E-22  4.1831589E+01  1.9449648E-24  4.1831589E-01       Infinity  2.0458069E+01
   39  3.4371949E+17  2.0838941E-01  2.2976229E+04  1.1139037E-01  8.8370110E+01  1.9449648E-22  4.1831589E+01  1.9449648E-24  4.1831589E-01       Infinity  2.0537626E+01
   40  4.2983885E+17  2.3406732E-01  2.8732953E+04  1.3929937E-01  1.1051136E+02  1.9449648E-22  4.1831589E+01  1.9449648E-24  4.1831589E-01       Infinity  2.0598184E+01
   41  5.5030622E+17  2.5499168E-01  3.6785699E+04  1.7833965E-01  1.4148346E+02  1.9449648E-22  4.1831589E+01  1.9449648E-24  4.1831589E-01       Infinity  2.0639587E+01
   42  7.1677840E+17  2.6873139E-01  4.7913677E+04  2.3228887E-01  1.8428337E+02  1.9449648E-22  4.1831589E+01  1.9449648E-24  4.1831589E-01       Infinity  2.0672648E+01
   43  9.4190688E+17  2.7352609E-01  6.2962586E+04  3.0524703E-01  2.4216379E+02  1.9449648E-22  4.1831589E+01  1.9449648E-24  4.1831589E-01       Infinity  2.0703927E+01
   44  1.2369252E+18  2.6873139E-01  8.2683346E+04  4.0085466E-01  3.1801287E+02  1.9449648E-22  4.1831589E+01  1.9449648E-24  4.1831589E-01       Infinity  2.0744231E+01
   45  1.6081592E+18  2.5499168E-01  1.0749880E+05  5.2116173E-01  4.1345693E+02  1.9449648E-22  4.1831589E+01  1.9449648E-24  4.1831589E-01       Infinity  2.0801549E+01
   46  2.0535242E+18  2.3406732E-01  1.3726962E+05  6.6549273E-01  5.2796006E+02  1.9449648E-22  4.1831589E+01  1.9449648E-24  4.1831589E-01       Infinity  2.0889697E+01
   47  2.5606632E+18  2.0838941E-01  1.7116977E+05  8.2984303E-01  6.5834525E+02  1.9449648E-22  4.1831589E+01  1.9449648E-24  4.1831589E-01       Infinity  2.1016849E+01
   48  3.1079970E+18  1.8051896E-01  2.0775677E+05  1.0072194E+00  7.9906449E+02  1.9449648E-22  4.1831589E+01  1.9449648E-24  4.1831589E-01       Infinity  2.1194577E+01
   49  3.6686108E+18  1.5269411E-01  2.4523149E+05  1.1888995E+00  9.4319803E+02  1.9449648E-22  4.1831589E+01  1.9449648E-24  4.1831589E-01       Infinity  2.1437577E+01
   50  4.2154785E+18  1.2657166E-01  2.8178733E+05  1.3661248E+00  1.0837974E+03  1.9449648E-22  4.1831589E+01  1.9449648E-24  4.1831589E-01       Infinity  2.1786986E+01
