! Date: 14/08/2026  Time: 14:14:46  Created by RADMC3D compiled on Aug 14 2026 12:46    
! Alexander Men’shchikov, DAp IRFU CEA Saclay, France                         
!
! RADIAL PROFILES OF SURFACE DENSITIES (cm^-2)
!
! Distance (pc): 2.60000000E+02  Mass-averaged Tdust (K): 1.23189124E+01
!
!   N   RADIUS(au)     RADIUS(pc)     RADIUS(as)      PROFILE        SLOPE          PROFILEBS      SLOPEBS
!
    1  1.0798839E+01  5.2353528E-05  4.1533995E-02  4.1578053E+22  1.6697007E-02  4.1203299E+22  1.6854140E-02
    2  6.0517672E+02  2.9339392E-03  2.3276028E+00  3.8874905E+22  1.6697007E-02  3.8500152E+22  1.6854140E-02
    3  1.1995546E+03  5.8155248E-03  4.6136715E+00  3.2433284E+22  1.6697007E-02  3.2058530E+22  1.6854140E-02
    4  1.7939325E+03  8.6971105E-03  6.8997403E+00  2.5334455E+22  1.6697007E-02  2.4959701E+22  1.6854140E-02
    5  2.3883104E+03  1.1578696E-02  9.1858090E+00  1.9278623E+22  2.6478765E-01  1.8903869E+22  2.6761600E-01
    6  2.9826882E+03  1.4460282E-02  1.1471878E+01  1.4588543E+22  6.1377523E-01  1.4213790E+22  6.2192729E-01
    7  3.5770661E+03  1.7341867E-02  1.3757947E+01  1.1334722E+22  9.5454696E-01  1.0959969E+22  9.7106647E-01
    8  4.1714440E+03  2.0223453E-02  1.6044015E+01  8.6892081E+21  1.2543278E+00  8.3144545E+21  1.2830972E+00
    9  4.7658219E+03  2.3105039E-02  1.8330084E+01  6.9328866E+21  1.3887770E+00  6.5581330E+21  1.4305860E+00
   10  5.3601997E+03  2.5986624E-02  2.0616153E+01  5.5436511E+21  1.6951383E+00  5.1688975E+21  1.7813495E+00
   11  5.9545776E+03  2.8868210E-02  2.2902222E+01  4.7005078E+21  1.6951383E+00  4.3257542E+21  1.7813495E+00
   12  6.5489555E+03  3.1749796E-02  2.5188290E+01  3.8833262E+21  1.6951383E+00  3.5085726E+21  1.7813495E+00
   13  7.1433334E+03  3.4631381E-02  2.7474359E+01  3.1280843E+21  1.9026680E+00  2.7533307E+21  2.0253894E+00
   14  7.7377113E+03  3.7512967E-02  2.9760428E+01  2.5916899E+21  2.0072298E+00  2.2169363E+21  2.2006049E+00
   15  8.3320891E+03  4.0394553E-02  3.2046497E+01  2.1097976E+21  2.3535476E+00  1.7350440E+21  2.7110578E+00
   16  8.9264670E+03  4.3276138E-02  3.4332565E+01  1.5543660E+21  2.4894836E+00  1.1796124E+21  2.7902258E+00
   17  9.5208449E+03  4.6157724E-02  3.6618634E+01  1.1742713E+21  2.7796637E+00  7.9951772E+20  3.3117030E+00
   18  1.0115223E+04  4.9039310E-02  3.8904703E+01  3.7478669E+20  4.3500977E+00  1.0000000E-99  3.3117030E+00
   19  1.0709601E+04  5.1920895E-02  4.1190772E+01  3.7476085E+20  4.3500977E+00  1.0000000E-99  1.0000000E-99
   20  1.1303979E+04  5.4802481E-02  4.3476840E+01  3.7473353E+20  1.3496844E-03  1.0000000E-99  1.0000000E-99
   21  1.1898356E+04  5.7684067E-02  4.5762909E+01  3.7470473E+20  1.3496844E-03  1.0000000E-99  1.0000000E-99
   22  1.2492734E+04  6.0565652E-02  4.8048978E+01  3.7467446E+20  1.3496844E-03  1.0000000E-99  1.0000000E-99
   23  1.3087112E+04  6.3447238E-02  5.0335047E+01  3.7464270E+20  1.4997253E-03  1.0000000E-99  1.0000000E-99
   24  1.3681490E+04  6.6328824E-02  5.2621116E+01  3.7460946E+20  1.6577080E-03  1.0000000E-99  1.0000000E-99
   25  1.4275868E+04  6.9210409E-02  5.4907184E+01  3.7457474E+20  1.8236397E-03  1.0000000E-99  1.0000000E-99
   26  1.4870246E+04  7.2091995E-02  5.7193253E+01  3.7453854E+20  1.9975286E-03  1.0000000E-99  1.0000000E-99
   27  1.5464624E+04  7.4973581E-02  5.9479322E+01  3.7450086E+20  2.1793827E-03  1.0000000E-99  1.0000000E-99
   28  1.6059002E+04  7.7855166E-02  6.1765391E+01  3.7446170E+20  2.3692108E-03  1.0000000E-99  1.0000000E-99
   29  1.6653379E+04  8.0736752E-02  6.4051459E+01  3.7442106E+20  2.5670219E-03  1.0000000E-99  1.0000000E-99
   30  1.7247757E+04  8.3618338E-02  6.6337528E+01  3.7437893E+20  2.7728254E-03  1.0000000E-99  1.0000000E-99
   31  1.7842135E+04  8.6499923E-02  6.8623597E+01  3.7433532E+20  2.9866310E-03  1.0000000E-99  1.0000000E-99
   32  1.8436513E+04  8.9381509E-02  7.0909666E+01  3.7429023E+20  3.2084490E-03  1.0000000E-99  1.0000000E-99
   33  1.9030891E+04  9.2263095E-02  7.3195734E+01  3.7424365E+20  3.4382899E-03  1.0000000E-99  1.0000000E-99
   34  1.9625269E+04  9.5144680E-02  7.5481803E+01  3.7419559E+20  3.6761647E-03  1.0000000E-99  1.0000000E-99
   35  2.0219647E+04  9.8026266E-02  7.7767872E+01  3.7414604E+20  3.9220848E-03  1.0000000E-99  1.0000000E-99
   36  2.0814025E+04  1.0090785E-01  8.0053941E+01  3.7409501E+20  4.1760618E-03  1.0000000E-99  1.0000000E-99
   37  2.1408402E+04  1.0378944E-01  8.2340009E+01  3.7404249E+20  4.4381080E-03  1.0000000E-99  1.0000000E-99
   38  2.2002780E+04  1.0667102E-01  8.4626078E+01  3.7398848E+20  4.7082359E-03  1.0000000E-99  1.0000000E-99
   39  2.2597158E+04  1.0955261E-01  8.6912147E+01  3.7393299E+20  4.9864583E-03  1.0000000E-99  1.0000000E-99
   40  2.3191536E+04  1.1243419E-01  8.9198216E+01  3.7387601E+20  5.2727887E-03  1.0000000E-99  1.0000000E-99
   41  2.3785914E+04  1.1531578E-01  9.1484285E+01  3.7381753E+20  5.5672407E-03  1.0000000E-99  1.0000000E-99
   42  2.4380292E+04  1.1819737E-01  9.3770353E+01  3.7375757E+20  5.8698284E-03  1.0000000E-99  1.0000000E-99
   43  2.4974670E+04  1.2107895E-01  9.6056422E+01  3.7369612E+20  6.1805665E-03  1.0000000E-99  1.0000000E-99
   44  2.5569048E+04  1.2396054E-01  9.8342491E+01  3.7363318E+20  6.4994699E-03  1.0000000E-99  1.0000000E-99
   45  2.6163425E+04  1.2684212E-01  1.0062856E+02  3.7356874E+20  6.8265538E-03  1.0000000E-99  1.0000000E-99
   46  2.6757803E+04  1.2972371E-01  1.0291463E+02  3.7350281E+20  7.1618341E-03  1.0000000E-99  1.0000000E-99
   47  2.7352181E+04  1.3260529E-01  1.0520070E+02  3.7343539E+20  7.5053269E-03  1.0000000E-99  1.0000000E-99
   48  2.7946559E+04  1.3548688E-01  1.0748677E+02  3.7336647E+20  7.8570489E-03  1.0000000E-99  1.0000000E-99
   49  2.8540937E+04  1.3836847E-01  1.0977283E+02  3.7329606E+20  8.2170169E-03  1.0000000E-99  1.0000000E-99
   50  2.9135315E+04  1.4125005E-01  1.1205890E+02  3.7322415E+20  8.5852484E-03  1.0000000E-99  1.0000000E-99
   51  2.9729693E+04  1.4413164E-01  1.1434497E+02  3.7315075E+20  8.9617612E-03  1.0000000E-99  1.0000000E-99
   52  3.0324071E+04  1.4701322E-01  1.1663104E+02  3.7307585E+20  9.3465736E-03  1.0000000E-99  1.0000000E-99
   53  3.0918449E+04  1.4989481E-01  1.1891711E+02  3.7299945E+20  9.7397043E-03  1.0000000E-99  1.0000000E-99
   54  3.1512826E+04  1.5277639E-01  1.2120318E+02  3.7292155E+20  1.0141172E-02  1.0000000E-99  1.0000000E-99
   55  3.2107204E+04  1.5565798E-01  1.2348925E+02  3.7284214E+20  1.0550997E-02  1.0000000E-99  1.0000000E-99
   56  3.2701582E+04  1.5853956E-01  1.2577532E+02  3.7276124E+20  1.0969199E-02  1.0000000E-99  1.0000000E-99
   57  3.3295960E+04  1.6142115E-01  1.2806138E+02  3.7267884E+20  1.1395798E-02  1.0000000E-99  1.0000000E-99
   58  3.3890338E+04  1.6430274E-01  1.3034745E+02  3.7259493E+20  1.1830815E-02  1.0000000E-99  1.0000000E-99
   59  3.4484716E+04  1.6718432E-01  1.3263352E+02  3.7250951E+20  1.2274271E-02  1.0000000E-99  1.0000000E-99
   60  3.5079094E+04  1.7006591E-01  1.3491959E+02  3.7242260E+20  1.2726188E-02  1.0000000E-99  1.0000000E-99
   61  3.5673472E+04  1.7294749E-01  1.3720566E+02  3.7233417E+20  1.3186589E-02  1.0000000E-99  1.0000000E-99
   62  3.6267849E+04  1.7582908E-01  1.3949173E+02  3.7224424E+20  1.3655495E-02  1.0000000E-99  1.0000000E-99
   63  3.6862227E+04  1.7871066E-01  1.4177780E+02  3.7215279E+20  1.4132930E-02  1.0000000E-99  1.0000000E-99
   64  3.7456605E+04  1.8159225E-01  1.4406387E+02  3.7205984E+20  1.4618917E-02  1.0000000E-99  1.0000000E-99
   65  3.8050983E+04  1.8447384E-01  1.4634993E+02  3.7196538E+20  1.5113481E-02  1.0000000E-99  1.0000000E-99
   66  3.8645361E+04  1.8735542E-01  1.4863600E+02  3.7186941E+20  1.5616645E-02  1.0000000E-99  1.0000000E-99
   67  3.9239739E+04  1.9023701E-01  1.5092207E+02  3.7177192E+20  1.6128435E-02  1.0000000E-99  1.0000000E-99
   68  3.9834117E+04  1.9311859E-01  1.5320814E+02  3.7167291E+20  1.6648875E-02  1.0000000E-99  1.0000000E-99
   69  4.0428495E+04  1.9600018E-01  1.5549421E+02  3.7157240E+20  1.7177992E-02  1.0000000E-99  1.0000000E-99
   70  4.1022872E+04  1.9888176E-01  1.5778028E+02  3.7147036E+20  1.7715812E-02  1.0000000E-99  1.0000000E-99
   71  4.1617250E+04  2.0176335E-01  1.6006635E+02  3.7136681E+20  1.8262362E-02  1.0000000E-99  1.0000000E-99
   72  4.2211628E+04  2.0464494E-01  1.6235242E+02  3.7126173E+20  1.8817669E-02  1.0000000E-99  1.0000000E-99
   73  4.2806006E+04  2.0752652E-01  1.6463848E+02  3.7115514E+20  1.9381760E-02  1.0000000E-99  1.0000000E-99
   74  4.3400384E+04  2.1040811E-01  1.6692455E+02  3.7104702E+20  1.9954664E-02  1.0000000E-99  1.0000000E-99
   75  4.3994762E+04  2.1328969E-01  1.6921062E+02  3.7093738E+20  2.0536409E-02  1.0000000E-99  1.0000000E-99
   76  4.4589140E+04  2.1617128E-01  1.7149669E+02  3.7082622E+20  2.1127025E-02  1.0000000E-99  1.0000000E-99
   77  4.5183518E+04  2.1905286E-01  1.7378276E+02  3.7071353E+20  2.1726541E-02  1.0000000E-99  1.0000000E-99
   78  4.5777895E+04  2.2193445E-01  1.7606883E+02  3.7059931E+20  2.2334987E-02  1.0000000E-99  1.0000000E-99
   79  4.6372273E+04  2.2481603E-01  1.7835490E+02  3.7048356E+20  2.2952395E-02  1.0000000E-99  1.0000000E-99
   80  4.6966651E+04  2.2769762E-01  1.8064097E+02  3.7036629E+20  2.3578794E-02  1.0000000E-99  1.0000000E-99
   81  4.7561029E+04  2.3057921E-01  1.8292704E+02  3.7024748E+20  2.4214218E-02  1.0000000E-99  1.0000000E-99
   82  4.8155407E+04  2.3346079E-01  1.8521310E+02  3.7012713E+20  2.4858698E-02  1.0000000E-99  1.0000000E-99
   83  4.8749785E+04  2.3634238E-01  1.8749917E+02  3.7000526E+20  2.5512266E-02  1.0000000E-99  1.0000000E-99
   84  4.9344163E+04  2.3922396E-01  1.8978524E+02  3.6988184E+20  2.6174957E-02  1.0000000E-99  1.0000000E-99
   85  4.9938541E+04  2.4210555E-01  1.9207131E+02  3.6975689E+20  2.6846803E-02  1.0000000E-99  1.0000000E-99
   86  5.0532918E+04  2.4498713E-01  1.9435738E+02  3.6963040E+20  2.7527839E-02  1.0000000E-99  1.0000000E-99
   87  5.1127296E+04  2.4786872E-01  1.9664345E+02  3.6950237E+20  2.8218100E-02  1.0000000E-99  1.0000000E-99
   88  5.1721674E+04  2.5075031E-01  1.9892952E+02  3.6937279E+20  2.8917622E-02  1.0000000E-99  1.0000000E-99
   89  5.2316052E+04  2.5363189E-01  2.0121559E+02  3.6924167E+20  2.9626440E-02  1.0000000E-99  1.0000000E-99
   90  5.2910430E+04  2.5651348E-01  2.0350165E+02  3.6910901E+20  3.0344590E-02  1.0000000E-99  1.0000000E-99
   91  5.3504808E+04  2.5939506E-01  2.0578772E+02  3.6897480E+20  3.1072110E-02  1.0000000E-99  1.0000000E-99
   92  5.4099186E+04  2.6227665E-01  2.0807379E+02  3.6883904E+20  3.1809037E-02  1.0000000E-99  1.0000000E-99
   93  5.4693564E+04  2.6515823E-01  2.1035986E+02  3.6870172E+20  3.2555410E-02  1.0000000E-99  1.0000000E-99
   94  5.5287942E+04  2.6803982E-01  2.1264593E+02  3.6856286E+20  3.3311267E-02  1.0000000E-99  1.0000000E-99
   95  5.5882319E+04  2.7092141E-01  2.1493200E+02  3.6842244E+20  3.4076647E-02  1.0000000E-99  1.0000000E-99
   96  5.6476697E+04  2.7380299E-01  2.1721807E+02  3.6828046E+20  3.4851591E-02  1.0000000E-99  1.0000000E-99
   97  5.7071075E+04  2.7668458E-01  2.1950414E+02  3.6813693E+20  3.5636138E-02  1.0000000E-99  1.0000000E-99
   98  5.7665453E+04  2.7956616E-01  2.2179020E+02  3.6799184E+20  3.6430331E-02  1.0000000E-99  1.0000000E-99
   99  5.8259831E+04  2.8244775E-01  2.2407627E+02  3.6784518E+20  3.7234209E-02  1.0000000E-99  1.0000000E-99
  100  5.8854209E+04  2.8532933E-01  2.2636234E+02  3.6769696E+20  3.8047817E-02  1.0000000E-99  1.0000000E-99
  101  5.9448587E+04  2.8821092E-01  2.2864841E+02  3.6754718E+20  3.8871196E-02  1.0000000E-99  1.0000000E-99
  102  6.0042965E+04  2.9109251E-01  2.3093448E+02  3.6739583E+20  3.9704390E-02  1.0000000E-99  1.0000000E-99
  103  6.0637342E+04  2.9397409E-01  2.3322055E+02  3.6724290E+20  4.0547444E-02  1.0000000E-99  1.0000000E-99
  104  6.1231720E+04  2.9685568E-01  2.3550662E+02  3.6708841E+20  4.1400401E-02  1.0000000E-99  1.0000000E-99
  105  6.1826098E+04  2.9973726E-01  2.3779269E+02  3.6693235E+20  4.2263308E-02  1.0000000E-99  1.0000000E-99
  106  6.2420476E+04  3.0261885E-01  2.4007875E+02  3.6677471E+20  4.3136210E-02  1.0000000E-99  1.0000000E-99
  107  6.3014854E+04  3.0550043E-01  2.4236482E+02  3.6661549E+20  4.4019153E-02  1.0000000E-99  1.0000000E-99
  108  6.3609232E+04  3.0838202E-01  2.4465089E+02  3.6645469E+20  4.4912187E-02  1.0000000E-99  1.0000000E-99
  109  6.4203610E+04  3.1126360E-01  2.4693696E+02  3.6629231E+20  4.5815357E-02  1.0000000E-99  1.0000000E-99
  110  6.4797988E+04  3.1414519E-01  2.4922303E+02  3.6612835E+20  4.6728713E-02  1.0000000E-99  1.0000000E-99
  111  6.5392365E+04  3.1702678E-01  2.5150910E+02  3.6596280E+20  4.7652305E-02  1.0000000E-99  1.0000000E-99
  112  6.5986743E+04  3.1990836E-01  2.5379517E+02  3.6579567E+20  4.8586181E-02  1.0000000E-99  1.0000000E-99
  113  6.6581121E+04  3.2278995E-01  2.5608124E+02  3.6562694E+20  4.9530394E-02  1.0000000E-99  1.0000000E-99
  114  6.7175499E+04  3.2567153E-01  2.5836730E+02  3.6545662E+20  5.0484993E-02  1.0000000E-99  1.0000000E-99
  115  6.7769877E+04  3.2855312E-01  2.6065337E+02  3.6528471E+20  5.1450032E-02  1.0000000E-99  1.0000000E-99
  116  6.8364255E+04  3.3143470E-01  2.6293944E+02  3.6511120E+20  5.2425563E-02  1.0000000E-99  1.0000000E-99
  117  6.8958633E+04  3.3431629E-01  2.6522551E+02  3.6493609E+20  5.3411639E-02  1.0000000E-99  1.0000000E-99
  118  6.9553011E+04  3.3719788E-01  2.6751158E+02  3.6475938E+20  5.4408315E-02  1.0000000E-99  1.0000000E-99
  119  7.0147388E+04  3.4007946E-01  2.6979765E+02  3.6458107E+20  5.5415646E-02  1.0000000E-99  1.0000000E-99
  120  7.0741766E+04  3.4296105E-01  2.7208372E+02  3.6440115E+20  5.6433687E-02  1.0000000E-99  1.0000000E-99
  121  7.1336144E+04  3.4584263E-01  2.7436979E+02  3.6421963E+20  5.7462494E-02  1.0000000E-99  1.0000000E-99
  122  7.1930522E+04  3.4872422E-01  2.7665585E+02  3.6403649E+20  5.8502126E-02  1.0000000E-99  1.0000000E-99
  123  7.2524900E+04  3.5160580E-01  2.7894192E+02  3.6385174E+20  5.9552640E-02  1.0000000E-99  1.0000000E-99
  124  7.3119278E+04  3.5448739E-01  2.8122799E+02  3.6366537E+20  6.0614095E-02  1.0000000E-99  1.0000000E-99
  125  7.3713656E+04  3.5736898E-01  2.8351406E+02  3.6347739E+20  6.1686549E-02  1.0000000E-99  1.0000000E-99
  126  7.4308034E+04  3.6025056E-01  2.8580013E+02  3.6328778E+20  6.2770065E-02  1.0000000E-99  1.0000000E-99
  127  7.4902412E+04  3.6313215E-01  2.8808620E+02  3.6309655E+20  6.3864702E-02  1.0000000E-99  1.0000000E-99
  128  7.5496789E+04  3.6601373E-01  2.9037227E+02  3.6290370E+20  6.4970522E-02  1.0000000E-99  1.0000000E-99
  129  7.6091167E+04  3.6889532E-01  2.9265834E+02  3.6270922E+20  6.6087589E-02  1.0000000E-99  1.0000000E-99
  130  7.6685545E+04  3.7177690E-01  2.9494440E+02  3.6251310E+20  6.7215966E-02  1.0000000E-99  1.0000000E-99
  131  7.7279923E+04  3.7465849E-01  2.9723047E+02  3.6231536E+20  6.8355717E-02  1.0000000E-99  1.0000000E-99
  132  7.7874301E+04  3.7754007E-01  2.9951654E+02  3.6211597E+20  6.9506907E-02  1.0000000E-99  1.0000000E-99
  133  7.8468679E+04  3.8042166E-01  3.0180261E+02  3.6191495E+20  7.0669604E-02  1.0000000E-99  1.0000000E-99
  134  7.9063057E+04  3.8330325E-01  3.0408868E+02  3.6171229E+20  7.1843873E-02  1.0000000E-99  1.0000000E-99
  135  7.9657435E+04  3.8618483E-01  3.0637475E+02  3.6150798E+20  7.3029782E-02  1.0000000E-99  1.0000000E-99
  136  8.0251812E+04  3.8906642E-01  3.0866082E+02  3.6130203E+20  7.4227401E-02  1.0000000E-99  1.0000000E-99
  137  8.0846190E+04  3.9194800E-01  3.1094689E+02  3.6109442E+20  7.5436799E-02  1.0000000E-99  1.0000000E-99
  138  8.1440568E+04  3.9482959E-01  3.1323295E+02  3.6088516E+20  7.6658046E-02  1.0000000E-99  1.0000000E-99
  139  8.2034946E+04  3.9771117E-01  3.1551902E+02  3.6067425E+20  7.7891214E-02  1.0000000E-99  1.0000000E-99
  140  8.2629324E+04  4.0059276E-01  3.1780509E+02  3.6046167E+20  7.9136376E-02  1.0000000E-99  1.0000000E-99
  141  8.3223702E+04  4.0347435E-01  3.2009116E+02  3.6024744E+20  8.0393605E-02  1.0000000E-99  1.0000000E-99
  142  8.3818080E+04  4.0635593E-01  3.2237723E+02  3.6003154E+20  8.1662975E-02  1.0000000E-99  1.0000000E-99
  143  8.4412458E+04  4.0923752E-01  3.2466330E+02  3.5981398E+20  8.2944561E-02  1.0000000E-99  1.0000000E-99
  144  8.5006835E+04  4.1211910E-01  3.2694937E+02  3.5959474E+20  8.4238440E-02  1.0000000E-99  1.0000000E-99
  145  8.5601213E+04  4.1500069E-01  3.2923544E+02  3.5937383E+20  8.5544689E-02  1.0000000E-99  1.0000000E-99
  146  8.6195591E+04  4.1788227E-01  3.3152150E+02  3.5915124E+20  8.6863386E-02  1.0000000E-99  1.0000000E-99
  147  8.6789969E+04  4.2076386E-01  3.3380757E+02  3.5892697E+20  8.8194611E-02  1.0000000E-99  1.0000000E-99
  148  8.7384347E+04  4.2364545E-01  3.3609364E+02  3.5870102E+20  8.9538444E-02  1.0000000E-99  1.0000000E-99
  149  8.7978725E+04  4.2652703E-01  3.3837971E+02  3.5847339E+20  9.0894966E-02  1.0000000E-99  1.0000000E-99
  150  8.8573103E+04  4.2940862E-01  3.4066578E+02  3.5824406E+20  9.2264260E-02  1.0000000E-99  1.0000000E-99
  151  8.9167481E+04  4.3229020E-01  3.4295185E+02  3.5801304E+20  9.3646410E-02  1.0000000E-99  1.0000000E-99
  152  8.9761858E+04  4.3517179E-01  3.4523792E+02  3.5778033E+20  9.5041499E-02  1.0000000E-99  1.0000000E-99
  153  9.0356236E+04  4.3805337E-01  3.4752399E+02  3.5754591E+20  9.6449613E-02  1.0000000E-99  1.0000000E-99
  154  9.0950614E+04  4.4093496E-01  3.4981005E+02  3.5730980E+20  9.7870840E-02  1.0000000E-99  1.0000000E-99
  155  9.1544992E+04  4.4381654E-01  3.5209612E+02  3.5707197E+20  9.9305268E-02  1.0000000E-99  1.0000000E-99
  156  9.2139370E+04  4.4669813E-01  3.5438219E+02  3.5683244E+20  1.0075298E-01  1.0000000E-99  1.0000000E-99
  157  9.2733748E+04  4.4957972E-01  3.5666826E+02  3.5659120E+20  1.0221408E-01  1.0000000E-99  1.0000000E-99
  158  9.3328126E+04  4.5246130E-01  3.5895433E+02  3.5634824E+20  1.0368865E-01  1.0000000E-99  1.0000000E-99
  159  9.3922504E+04  4.5534289E-01  3.6124040E+02  3.5610356E+20  1.0517678E-01  1.0000000E-99  1.0000000E-99
  160  9.4516881E+04  4.5822447E-01  3.6352647E+02  3.5585715E+20  1.0667857E-01  1.0000000E-99  1.0000000E-99
  161  9.5111259E+04  4.6110606E-01  3.6581254E+02  3.5560902E+20  1.0819411E-01  1.0000000E-99  1.0000000E-99
  162  9.5705637E+04  4.6398764E-01  3.6809860E+02  3.5535916E+20  1.0972350E-01  1.0000000E-99  1.0000000E-99
  163  9.6300015E+04  4.6686923E-01  3.7038467E+02  3.5510756E+20  1.1126684E-01  1.0000000E-99  1.0000000E-99
  164  9.6894393E+04  4.6975082E-01  3.7267074E+02  3.5485423E+20  1.1282422E-01  1.0000000E-99  1.0000000E-99
  165  9.7488771E+04  4.7263240E-01  3.7495681E+02  3.5459915E+20  1.1439575E-01  1.0000000E-99  1.0000000E-99
  166  9.8083149E+04  4.7551399E-01  3.7724288E+02  3.5434233E+20  1.1598152E-01  1.0000000E-99  1.0000000E-99
  167  9.8677527E+04  4.7839557E-01  3.7952895E+02  3.5408376E+20  1.1758164E-01  1.0000000E-99  1.0000000E-99
  168  9.9271905E+04  4.8127716E-01  3.8181502E+02  3.5382344E+20  1.1919622E-01  1.0000000E-99  1.0000000E-99
  169  9.9866282E+04  4.8415874E-01  3.8410109E+02  3.5356136E+20  1.2082536E-01  1.0000000E-99  1.0000000E-99
  170  1.0046066E+05  4.8704033E-01  3.8638715E+02  3.5329752E+20  1.2246916E-01  1.0000000E-99  1.0000000E-99
  171  1.0105504E+05  4.8992192E-01  3.8867322E+02  3.5303191E+20  1.2412773E-01  1.0000000E-99  1.0000000E-99
  172  1.0164942E+05  4.9280350E-01  3.9095929E+02  3.5276454E+20  1.2580119E-01  1.0000000E-99  1.0000000E-99
  173  1.0224379E+05  4.9568509E-01  3.9324536E+02  3.5249539E+20  1.2748965E-01  1.0000000E-99  1.0000000E-99
  174  1.0283817E+05  4.9856667E-01  3.9553143E+02  3.5222447E+20  1.2919321E-01  1.0000000E-99  1.0000000E-99
  175  1.0343255E+05  5.0144826E-01  3.9781750E+02  3.5195176E+20  1.3091200E-01  1.0000000E-99  1.0000000E-99
  176  1.0402693E+05  5.0432984E-01  4.0010357E+02  3.5167727E+20  1.3264612E-01  1.0000000E-99  1.0000000E-99
  177  1.0462131E+05  5.0721143E-01  4.0238964E+02  3.5140099E+20  1.3439569E-01  1.0000000E-99  1.0000000E-99
  178  1.0521568E+05  5.1009302E-01  4.0467571E+02  3.5112292E+20  1.3616084E-01  1.0000000E-99  1.0000000E-99
  179  1.0581006E+05  5.1297460E-01  4.0696177E+02  3.5084305E+20  1.3794168E-01  1.0000000E-99  1.0000000E-99
  180  1.0640444E+05  5.1585619E-01  4.0924784E+02  3.5056138E+20  1.3973834E-01  1.0000000E-99  1.0000000E-99
  181  1.0699882E+05  5.1873777E-01  4.1153391E+02  3.5027790E+20  1.4155093E-01  1.0000000E-99  1.0000000E-99
  182  1.0759319E+05  5.2161936E-01  4.1381998E+02  3.4999261E+20  1.4337959E-01  1.0000000E-99  1.0000000E-99
  183  1.0818757E+05  5.2450094E-01  4.1610605E+02  3.4970550E+20  1.4522444E-01  1.0000000E-99  1.0000000E-99
  184  1.0878195E+05  5.2738253E-01  4.1839212E+02  3.4941658E+20  1.4708561E-01  1.0000000E-99  1.0000000E-99
  185  1.0937633E+05  5.3026411E-01  4.2067819E+02  3.4912583E+20  1.4896323E-01  1.0000000E-99  1.0000000E-99
  186  1.0997071E+05  5.3314570E-01  4.2296426E+02  3.4883325E+20  1.5085742E-01  1.0000000E-99  1.0000000E-99
  187  1.1056508E+05  5.3602729E-01  4.2525032E+02  3.4853884E+20  1.5276834E-01  1.0000000E-99  1.0000000E-99
  188  1.1115946E+05  5.3890887E-01  4.2753639E+02  3.4824259E+20  1.5469610E-01  1.0000000E-99  1.0000000E-99
  189  1.1175384E+05  5.4179046E-01  4.2982246E+02  3.4794450E+20  1.5664085E-01  1.0000000E-99  1.0000000E-99
  190  1.1234822E+05  5.4467204E-01  4.3210853E+02  3.4764456E+20  1.5860272E-01  1.0000000E-99  1.0000000E-99
  191  1.1294260E+05  5.4755363E-01  4.3439460E+02  3.4734277E+20  1.6058187E-01  1.0000000E-99  1.0000000E-99
  192  1.1353697E+05  5.5043521E-01  4.3668067E+02  3.4703912E+20  1.6257842E-01  1.0000000E-99  1.0000000E-99
  193  1.1413135E+05  5.5331680E-01  4.3896674E+02  3.4673361E+20  1.6459253E-01  1.0000000E-99  1.0000000E-99
  194  1.1472573E+05  5.5619839E-01  4.4125281E+02  3.4642623E+20  1.6662434E-01  1.0000000E-99  1.0000000E-99
  195  1.1532011E+05  5.5907997E-01  4.4353887E+02  3.4611698E+20  1.6867401E-01  1.0000000E-99  1.0000000E-99
  196  1.1591449E+05  5.6196156E-01  4.4582494E+02  3.4580586E+20  1.7074167E-01  1.0000000E-99  1.0000000E-99
  197  1.1650886E+05  5.6484314E-01  4.4811101E+02  3.4549285E+20  1.7282749E-01  1.0000000E-99  1.0000000E-99
  198  1.1710324E+05  5.6772473E-01  4.5039708E+02  3.4517795E+20  1.7493163E-01  1.0000000E-99  1.0000000E-99
  199  1.1769762E+05  5.7060631E-01  4.5268315E+02  3.4486117E+20  1.7705422E-01  1.0000000E-99  1.0000000E-99
  200  1.1829200E+05  5.7348790E-01  4.5496922E+02  3.4454248E+20  1.7919545E-01  1.0000000E-99  1.0000000E-99
  201  1.1888637E+05  5.7636949E-01  4.5725529E+02  3.4422189E+20  1.8135546E-01  1.0000000E-99  1.0000000E-99
  202  1.1948075E+05  5.7925107E-01  4.5954136E+02  3.4389940E+20  1.8353443E-01  1.0000000E-99  1.0000000E-99
  203  1.2007513E+05  5.8213266E-01  4.6182742E+02  3.4357499E+20  1.8573251E-01  1.0000000E-99  1.0000000E-99
  204  1.2066951E+05  5.8501424E-01  4.6411349E+02  3.4324866E+20  1.8794989E-01  1.0000000E-99  1.0000000E-99
  205  1.2126389E+05  5.8789583E-01  4.6639956E+02  3.4292041E+20  1.9018671E-01  1.0000000E-99  1.0000000E-99
  206  1.2185826E+05  5.9077741E-01  4.6868563E+02  3.4259022E+20  1.9244317E-01  1.0000000E-99  1.0000000E-99
  207  1.2245264E+05  5.9365900E-01  4.7097170E+02  3.4225811E+20  1.9471944E-01  1.0000000E-99  1.0000000E-99
  208  1.2304702E+05  5.9654058E-01  4.7325777E+02  3.4192405E+20  1.9701568E-01  1.0000000E-99  1.0000000E-99
  209  1.2364140E+05  5.9942217E-01  4.7554384E+02  3.4158804E+20  1.9933210E-01  1.0000000E-99  1.0000000E-99
  210  1.2423578E+05  6.0230376E-01  4.7782991E+02  3.4125008E+20  2.0166886E-01  1.0000000E-99  1.0000000E-99
  211  1.2483015E+05  6.0518534E-01  4.8011597E+02  3.4091017E+20  2.0402615E-01  1.0000000E-99  1.0000000E-99
  212  1.2542453E+05  6.0806693E-01  4.8240204E+02  3.4056829E+20  2.0640417E-01  1.0000000E-99  1.0000000E-99
  213  1.2601891E+05  6.1094851E-01  4.8468811E+02  3.4022443E+20  2.0880309E-01  1.0000000E-99  1.0000000E-99
  214  1.2661329E+05  6.1383010E-01  4.8697418E+02  3.3987861E+20  2.1122312E-01  1.0000000E-99  1.0000000E-99
  215  1.2720766E+05  6.1671168E-01  4.8926025E+02  3.3953080E+20  2.1366446E-01  1.0000000E-99  1.0000000E-99
  216  1.2780204E+05  6.1959327E-01  4.9154632E+02  3.3918100E+20  2.1612729E-01  1.0000000E-99  1.0000000E-99
  217  1.2839642E+05  6.2247486E-01  4.9383239E+02  3.3882921E+20  2.1861183E-01  1.0000000E-99  1.0000000E-99
  218  1.2899080E+05  6.2535644E-01  4.9611846E+02  3.3847542E+20  2.2111828E-01  1.0000000E-99  1.0000000E-99
  219  1.2958518E+05  6.2823803E-01  4.9840452E+02  3.3811962E+20  2.2364684E-01  1.0000000E-99  1.0000000E-99
  220  1.3017955E+05  6.3111961E-01  5.0069059E+02  3.3776180E+20  2.2619773E-01  1.0000000E-99  1.0000000E-99
  221  1.3077393E+05  6.3400120E-01  5.0297666E+02  3.3740197E+20  2.2877116E-01  1.0000000E-99  1.0000000E-99
  222  1.3136831E+05  6.3688278E-01  5.0526273E+02  3.3704011E+20  2.3136735E-01  1.0000000E-99  1.0000000E-99
  223  1.3196269E+05  6.3976437E-01  5.0754880E+02  3.3667622E+20  2.3398652E-01  1.0000000E-99  1.0000000E-99
  224  1.3255707E+05  6.4264596E-01  5.0983487E+02  3.3631029E+20  2.3662889E-01  1.0000000E-99  1.0000000E-99
  225  1.3315144E+05  6.4552754E-01  5.1212094E+02  3.3594232E+20  2.3929468E-01  1.0000000E-99  1.0000000E-99
  226  1.3374582E+05  6.4840913E-01  5.1440701E+02  3.3557229E+20  2.4198414E-01  1.0000000E-99  1.0000000E-99
  227  1.3434020E+05  6.5129071E-01  5.1669307E+02  3.3520020E+20  2.4469748E-01  1.0000000E-99  1.0000000E-99
  228  1.3493458E+05  6.5417230E-01  5.1897914E+02  3.3482604E+20  2.4743496E-01  1.0000000E-99  1.0000000E-99
  229  1.3552896E+05  6.5705388E-01  5.2126521E+02  3.3444982E+20  2.5019680E-01  1.0000000E-99  1.0000000E-99
  230  1.3612333E+05  6.5993547E-01  5.2355128E+02  3.3407151E+20  2.5298326E-01  1.0000000E-99  1.0000000E-99
  231  1.3671771E+05  6.6281706E-01  5.2583735E+02  3.3369111E+20  2.5579457E-01  1.0000000E-99  1.0000000E-99
  232  1.3731209E+05  6.6569864E-01  5.2812342E+02  3.3330862E+20  2.5863100E-01  1.0000000E-99  1.0000000E-99
  233  1.3790647E+05  6.6858023E-01  5.3040949E+02  3.3292403E+20  2.6149280E-01  1.0000000E-99  1.0000000E-99
  234  1.3850084E+05  6.7146181E-01  5.3269556E+02  3.3253733E+20  2.6438021E-01  1.0000000E-99  1.0000000E-99
  235  1.3909522E+05  6.7434340E-01  5.3498162E+02  3.3214851E+20  2.6729352E-01  1.0000000E-99  1.0000000E-99
  236  1.3968960E+05  6.7722498E-01  5.3726769E+02  3.3175757E+20  2.7023299E-01  1.0000000E-99  1.0000000E-99
  237  1.4028398E+05  6.8010657E-01  5.3955376E+02  3.3136450E+20  2.7319887E-01  1.0000000E-99  1.0000000E-99
  238  1.4087836E+05  6.8298815E-01  5.4183983E+02  3.3096929E+20  2.7619146E-01  1.0000000E-99  1.0000000E-99
  239  1.4147273E+05  6.8586974E-01  5.4412590E+02  3.3057193E+20  2.7921103E-01  1.0000000E-99  1.0000000E-99
  240  1.4206711E+05  6.8875133E-01  5.4641197E+02  3.3017242E+20  2.8225786E-01  1.0000000E-99  1.0000000E-99
  241  1.4266149E+05  6.9163291E-01  5.4869804E+02  3.2977074E+20  2.8533225E-01  1.0000000E-99  1.0000000E-99
  242  1.4325587E+05  6.9451450E-01  5.5098411E+02  3.2936690E+20  2.8843447E-01  1.0000000E-99  1.0000000E-99
  243  1.4385025E+05  6.9739608E-01  5.5327017E+02  3.2896088E+20  2.9156484E-01  1.0000000E-99  1.0000000E-99
  244  1.4444462E+05  7.0027767E-01  5.5555624E+02  3.2855267E+20  2.9472365E-01  1.0000000E-99  1.0000000E-99
  245  1.4503900E+05  7.0315925E-01  5.5784231E+02  3.2814227E+20  2.9791120E-01  1.0000000E-99  1.0000000E-99
  246  1.4563338E+05  7.0604084E-01  5.6012838E+02  3.2772966E+20  3.0112781E-01  1.0000000E-99  1.0000000E-99
  247  1.4622776E+05  7.0892243E-01  5.6241445E+02  3.2731485E+20  3.0437379E-01  1.0000000E-99  1.0000000E-99
  248  1.4682213E+05  7.1180401E-01  5.6470052E+02  3.2689781E+20  3.0764947E-01  1.0000000E-99  1.0000000E-99
  249  1.4741651E+05  7.1468560E-01  5.6698659E+02  3.2647855E+20  3.1095517E-01  1.0000000E-99  1.0000000E-99
  250  1.4801089E+05  7.1756718E-01  5.6927266E+02  3.2605705E+20  3.1429122E-01  1.0000000E-99  1.0000000E-99
  251  1.4860527E+05  7.2044877E-01  5.7155872E+02  3.2563330E+20  3.1765796E-01  1.0000000E-99  1.0000000E-99
  252  1.4919965E+05  7.2333035E-01  5.7384479E+02  3.2520731E+20  3.2105572E-01  1.0000000E-99  1.0000000E-99
  253  1.4979402E+05  7.2621194E-01  5.7613086E+02  3.2477904E+20  3.2448486E-01  1.0000000E-99  1.0000000E-99
  254  1.5038840E+05  7.2909353E-01  5.7841693E+02  3.2434851E+20  3.2794572E-01  1.0000000E-99  1.0000000E-99
  255  1.5098278E+05  7.3197511E-01  5.8070300E+02  3.2391570E+20  3.3143868E-01  1.0000000E-99  1.0000000E-99
  256  1.5157716E+05  7.3485670E-01  5.8298907E+02  3.2348059E+20  3.3496408E-01  1.0000000E-99  1.0000000E-99
  257  1.5217154E+05  7.3773828E-01  5.8527514E+02  3.2304319E+20  3.3852230E-01  1.0000000E-99  1.0000000E-99
  258  1.5276591E+05  7.4061987E-01  5.8756121E+02  3.2260348E+20  3.4211371E-01  1.0000000E-99  1.0000000E-99
  259  1.5336029E+05  7.4350145E-01  5.8984727E+02  3.2216145E+20  3.4573870E-01  1.0000000E-99  1.0000000E-99
  260  1.5395467E+05  7.4638304E-01  5.9213334E+02  3.2171710E+20  3.4939766E-01  1.0000000E-99  1.0000000E-99
  261  1.5454905E+05  7.4926462E-01  5.9441941E+02  3.2127040E+20  3.5309098E-01  1.0000000E-99  1.0000000E-99
  262  1.5514343E+05  7.5214621E-01  5.9670548E+02  3.2082136E+20  3.5681906E-01  1.0000000E-99  1.0000000E-99
  263  1.5573780E+05  7.5502780E-01  5.9899155E+02  3.2036997E+20  3.6058231E-01  1.0000000E-99  1.0000000E-99
  264  1.5633218E+05  7.5790938E-01  6.0127762E+02  3.1991620E+20  3.6438114E-01  1.0000000E-99  1.0000000E-99
  265  1.5692656E+05  7.6079097E-01  6.0356369E+02  3.1946006E+20  3.6821598E-01  1.0000000E-99  1.0000000E-99
  266  1.5752094E+05  7.6367255E-01  6.0584976E+02  3.1900153E+20  3.7208726E-01  1.0000000E-99  1.0000000E-99
  267  1.5811531E+05  7.6655414E-01  6.0813582E+02  3.1854061E+20  3.7599540E-01  1.0000000E-99  1.0000000E-99
  268  1.5870969E+05  7.6943572E-01  6.1042189E+02  3.1807727E+20  3.7994086E-01  1.0000000E-99  1.0000000E-99
  269  1.5930407E+05  7.7231731E-01  6.1270796E+02  3.1761152E+20  3.8392408E-01  1.0000000E-99  1.0000000E-99
  270  1.5989845E+05  7.7519890E-01  6.1499403E+02  3.1714334E+20  3.8794553E-01  1.0000000E-99  1.0000000E-99
  271  1.6049283E+05  7.7808048E-01  6.1728010E+02  3.1667272E+20  3.9200566E-01  1.0000000E-99  1.0000000E-99
  272  1.6108720E+05  7.8096207E-01  6.1956617E+02  3.1619965E+20  3.9610496E-01  1.0000000E-99  1.0000000E-99
  273  1.6168158E+05  7.8384365E-01  6.2185224E+02  3.1572412E+20  4.0024390E-01  1.0000000E-99  1.0000000E-99
  274  1.6227596E+05  7.8672524E-01  6.2413831E+02  3.1524612E+20  4.0442299E-01  1.0000000E-99  1.0000000E-99
  275  1.6287034E+05  7.8960682E-01  6.2642437E+02  3.1476563E+20  4.0864270E-01  1.0000000E-99  1.0000000E-99
  276  1.6346472E+05  7.9248841E-01  6.2871044E+02  3.1428264E+20  4.1290357E-01  1.0000000E-99  1.0000000E-99
  277  1.6405909E+05  7.9537000E-01  6.3099651E+02  3.1379715E+20  4.1720609E-01  1.0000000E-99  1.0000000E-99
  278  1.6465347E+05  7.9825158E-01  6.3328258E+02  3.1330914E+20  4.2155080E-01  1.0000000E-99  1.0000000E-99
  279  1.6524785E+05  8.0113317E-01  6.3556865E+02  3.1281860E+20  4.2593824E-01  1.0000000E-99  1.0000000E-99
  280  1.6584223E+05  8.0401475E-01  6.3785472E+02  3.1232552E+20  4.3036894E-01  1.0000000E-99  1.0000000E-99
  281  1.6643660E+05  8.0689634E-01  6.4014079E+02  3.1182988E+20  4.3484347E-01  1.0000000E-99  1.0000000E-99
  282  1.6703098E+05  8.0977792E-01  6.4242686E+02  3.1133168E+20  4.3936238E-01  1.0000000E-99  1.0000000E-99
  283  1.6762536E+05  8.1265951E-01  6.4471293E+02  3.1083089E+20  4.4392626E-01  1.0000000E-99  1.0000000E-99
  284  1.6821974E+05  8.1554109E-01  6.4699899E+02  3.1032752E+20  4.4853569E-01  1.0000000E-99  1.0000000E-99
  285  1.6881412E+05  8.1842268E-01  6.4928506E+02  3.0982154E+20  4.5319126E-01  1.0000000E-99  1.0000000E-99
  286  1.6940849E+05  8.2130427E-01  6.5157113E+02  3.0931295E+20  4.5789357E-01  1.0000000E-99  1.0000000E-99
  287  1.7000287E+05  8.2418585E-01  6.5385720E+02  3.0880172E+20  4.6264326E-01  1.0000000E-99  1.0000000E-99
  288  1.7059725E+05  8.2706744E-01  6.5614327E+02  3.0828785E+20  4.6744094E-01  1.0000000E-99  1.0000000E-99
  289  1.7119163E+05  8.2994902E-01  6.5842934E+02  3.0777133E+20  4.7228726E-01  1.0000000E-99  1.0000000E-99
  290  1.7178601E+05  8.3283061E-01  6.6071541E+02  3.0725214E+20  4.7718287E-01  1.0000000E-99  1.0000000E-99
  291  1.7238038E+05  8.3571219E-01  6.6300148E+02  3.0673026E+20  4.8212844E-01  1.0000000E-99  1.0000000E-99
  292  1.7297476E+05  8.3859378E-01  6.6528754E+02  3.0620569E+20  4.8712464E-01  1.0000000E-99  1.0000000E-99
  293  1.7356914E+05  8.4147537E-01  6.6757361E+02  3.0567840E+20  4.9217215E-01  1.0000000E-99  1.0000000E-99
  294  1.7416352E+05  8.4435695E-01  6.6985968E+02  3.0514840E+20  4.9727170E-01  1.0000000E-99  1.0000000E-99
  295  1.7475790E+05  8.4723854E-01  6.7214575E+02  3.0461565E+20  5.0242398E-01  1.0000000E-99  1.0000000E-99
  296  1.7535227E+05  8.5012012E-01  6.7443182E+02  3.0408015E+20  5.0762973E-01  1.0000000E-99  1.0000000E-99
  297  1.7594665E+05  8.5300171E-01  6.7671789E+02  3.0354188E+20  5.1288970E-01  1.0000000E-99  1.0000000E-99
  298  1.7654103E+05  8.5588329E-01  6.7900396E+02  3.0300083E+20  5.1820464E-01  1.0000000E-99  1.0000000E-99
  299  1.7713541E+05  8.5876488E-01  6.8129003E+02  3.0245698E+20  5.2357532E-01  1.0000000E-99  1.0000000E-99
  300  1.7772978E+05  8.6164647E-01  6.8357609E+02  3.0191032E+20  5.2900253E-01  1.0000000E-99  1.0000000E-99
  301  1.7832416E+05  8.6452805E-01  6.8586216E+02  3.0136083E+20  5.3448708E-01  1.0000000E-99  1.0000000E-99
  302  1.7891854E+05  8.6740964E-01  6.8814823E+02  3.0080850E+20  5.4002979E-01  1.0000000E-99  1.0000000E-99
  303  1.7951292E+05  8.7029122E-01  6.9043430E+02  3.0025331E+20  5.4563148E-01  1.0000000E-99  1.0000000E-99
  304  1.8010730E+05  8.7317281E-01  6.9272037E+02  2.9969524E+20  5.5129301E-01  1.0000000E-99  1.0000000E-99
  305  1.8070167E+05  8.7605439E-01  6.9500644E+02  2.9913428E+20  5.5701525E-01  1.0000000E-99  1.0000000E-99
  306  1.8129605E+05  8.7893598E-01  6.9729251E+02  2.9857042E+20  5.6279908E-01  1.0000000E-99  1.0000000E-99
  307  1.8189043E+05  8.8181757E-01  6.9957858E+02  2.9800363E+20  5.6864541E-01  1.0000000E-99  1.0000000E-99
  308  1.8248481E+05  8.8469915E-01  7.0186464E+02  2.9743390E+20  5.7455515E-01  1.0000000E-99  1.0000000E-99
  309  1.8307919E+05  8.8758074E-01  7.0415071E+02  2.9686121E+20  5.8052925E-01  1.0000000E-99  1.0000000E-99
  310  1.8367356E+05  8.9046232E-01  7.0643678E+02  2.9628555E+20  5.8656867E-01  1.0000000E-99  1.0000000E-99
  311  1.8426794E+05  8.9334391E-01  7.0872285E+02  2.9570689E+20  5.9267439E-01  1.0000000E-99  1.0000000E-99
  312  1.8486232E+05  8.9622549E-01  7.1100892E+02  2.9512523E+20  5.9884740E-01  1.0000000E-99  1.0000000E-99
  313  1.8545670E+05  8.9910708E-01  7.1329499E+02  2.9454054E+20  6.0508872E-01  1.0000000E-99  1.0000000E-99
  314  1.8605107E+05  9.0198866E-01  7.1558106E+02  2.9395280E+20  6.1139940E-01  1.0000000E-99  1.0000000E-99
  315  1.8664545E+05  9.0487025E-01  7.1786713E+02  2.9336200E+20  6.1778049E-01  1.0000000E-99  1.0000000E-99
  316  1.8723983E+05  9.0775184E-01  7.2015319E+02  2.9276811E+20  6.2423309E-01  1.0000000E-99  1.0000000E-99
  317  1.8783421E+05  9.1063342E-01  7.2243926E+02  2.9217113E+20  6.3075829E-01  1.0000000E-99  1.0000000E-99
  318  1.8842859E+05  9.1351501E-01  7.2472533E+02  2.9157102E+20  6.3735724E-01  1.0000000E-99  1.0000000E-99
  319  1.8902296E+05  9.1639659E-01  7.2701140E+02  2.9096778E+20  6.4403107E-01  1.0000000E-99  1.0000000E-99
  320  1.8961734E+05  9.1927818E-01  7.2929747E+02  2.9036137E+20  6.5078099E-01  1.0000000E-99  1.0000000E-99
  321  1.9021172E+05  9.2215976E-01  7.3158354E+02  2.8975179E+20  6.5760818E-01  1.0000000E-99  1.0000000E-99
  322  1.9080610E+05  9.2504135E-01  7.3386961E+02  2.8913901E+20  6.6451388E-01  1.0000000E-99  1.0000000E-99
  323  1.9140048E+05  9.2792294E-01  7.3615568E+02  2.8852301E+20  6.7149935E-01  1.0000000E-99  1.0000000E-99
  324  1.9199485E+05  9.3080452E-01  7.3844174E+02  2.8790376E+20  6.7856588E-01  1.0000000E-99  1.0000000E-99
  325  1.9258923E+05  9.3368611E-01  7.4072781E+02  2.8728126E+20  6.8571477E-01  1.0000000E-99  1.0000000E-99
  326  1.9318361E+05  9.3656769E-01  7.4301388E+02  2.8665548E+20  6.9294737E-01  1.0000000E-99  1.0000000E-99
  327  1.9377799E+05  9.3944928E-01  7.4529995E+02  2.8602639E+20  7.0026506E-01  1.0000000E-99  1.0000000E-99
  328  1.9437237E+05  9.4233086E-01  7.4758602E+02  2.8539397E+20  7.0766923E-01  1.0000000E-99  1.0000000E-99
  329  1.9496674E+05  9.4521245E-01  7.4987209E+02  2.8475821E+20  7.1516132E-01  1.0000000E-99  1.0000000E-99
  330  1.9556112E+05  9.4809404E-01  7.5215816E+02  2.8411907E+20  7.2274280E-01  1.0000000E-99  1.0000000E-99
  331  1.9615550E+05  9.5097562E-01  7.5444423E+02  2.8347655E+20  7.3041516E-01  1.0000000E-99  1.0000000E-99
  332  1.9674988E+05  9.5385721E-01  7.5673029E+02  2.8283061E+20  7.3817995E-01  1.0000000E-99  1.0000000E-99
  333  1.9734425E+05  9.5673879E-01  7.5901636E+02  2.8218122E+20  7.4603873E-01  1.0000000E-99  1.0000000E-99
  334  1.9793863E+05  9.5962038E-01  7.6130243E+02  2.8152838E+20  7.5399311E-01  1.0000000E-99  1.0000000E-99
  335  1.9853301E+05  9.6250196E-01  7.6358850E+02  2.8087204E+20  7.6204473E-01  1.0000000E-99  1.0000000E-99
  336  1.9912739E+05  9.6538355E-01  7.6587457E+02  2.8021220E+20  7.7019528E-01  1.0000000E-99  1.0000000E-99
  337  1.9972177E+05  9.6826513E-01  7.6816064E+02  2.7954881E+20  7.7844647E-01  1.0000000E-99  1.0000000E-99
  338  2.0031614E+05  9.7114672E-01  7.7044671E+02  2.7888187E+20  7.8680007E-01  1.0000000E-99  1.0000000E-99
  339  2.0091052E+05  9.7402831E-01  7.7273278E+02  2.7821133E+20  7.9525788E-01  1.0000000E-99  1.0000000E-99
  340  2.0150490E+05  9.7690989E-01  7.7501884E+02  2.7753718E+20  8.0382174E-01  1.0000000E-99  1.0000000E-99
  341  2.0209928E+05  9.7979148E-01  7.7730491E+02  2.7685940E+20  8.1249356E-01  1.0000000E-99  1.0000000E-99
  342  2.0269366E+05  9.8267306E-01  7.7959098E+02  2.7617794E+20  8.2127527E-01  1.0000000E-99  1.0000000E-99
  343  2.0328803E+05  9.8555465E-01  7.8187705E+02  2.7549279E+20  8.3016884E-01  1.0000000E-99  1.0000000E-99
  344  2.0388241E+05  9.8843623E-01  7.8416312E+02  2.7480392E+20  8.3917633E-01  1.0000000E-99  1.0000000E-99
  345  2.0447679E+05  9.9131782E-01  7.8644919E+02  2.7411130E+20  8.4829980E-01  1.0000000E-99  1.0000000E-99
  346  2.0507117E+05  9.9419941E-01  7.8873526E+02  2.7341490E+20  8.5754139E-01  1.0000000E-99  1.0000000E-99
  347  2.0566554E+05  9.9708099E-01  7.9102133E+02  2.7271469E+20  8.6690330E-01  1.0000000E-99  1.0000000E-99
  348  2.0625992E+05  9.9996258E-01  7.9330739E+02  2.7201064E+20  8.7638776E-01  1.0000000E-99  1.0000000E-99
  349  2.0685430E+05  1.0028442E+00  7.9559346E+02  2.7130273E+20  8.8599707E-01  1.0000000E-99  1.0000000E-99
  350  2.0744868E+05  1.0057257E+00  7.9787953E+02  2.7059092E+20  8.9573359E-01  1.0000000E-99  1.0000000E-99
  351  2.0804306E+05  1.0086073E+00  8.0016560E+02  2.6987518E+20  9.0559975E-01  1.0000000E-99  1.0000000E-99
  352  2.0863743E+05  1.0114889E+00  8.0245167E+02  2.6915549E+20  9.1559802E-01  1.0000000E-99  1.0000000E-99
  353  2.0923181E+05  1.0143705E+00  8.0473774E+02  2.6843180E+20  9.2573095E-01  1.0000000E-99  1.0000000E-99
  354  2.0982619E+05  1.0172521E+00  8.0702381E+02  2.6770409E+20  9.3600114E-01  1.0000000E-99  1.0000000E-99
  355  2.1042057E+05  1.0201337E+00  8.0930988E+02  2.6697232E+20  9.4641128E-01  1.0000000E-99  1.0000000E-99
  356  2.1101495E+05  1.0230153E+00  8.1159594E+02  2.6623646E+20  9.5696412E-01  1.0000000E-99  1.0000000E-99
  357  2.1160932E+05  1.0258968E+00  8.1388201E+02  2.6549648E+20  9.6766249E-01  1.0000000E-99  1.0000000E-99
  358  2.1220370E+05  1.0287784E+00  8.1616808E+02  2.6475234E+20  9.7850927E-01  1.0000000E-99  1.0000000E-99
  359  2.1279808E+05  1.0316600E+00  8.1845415E+02  2.6400401E+20  9.8950746E-01  1.0000000E-99  1.0000000E-99
  360  2.1339246E+05  1.0345416E+00  8.2074022E+02  2.6325145E+20  1.0006601E+00  1.0000000E-99  1.0000000E-99
  361  2.1398684E+05  1.0374232E+00  8.2302629E+02  2.6249462E+20  1.0119704E+00  1.0000000E-99  1.0000000E-99
  362  2.1458121E+05  1.0403048E+00  8.2531236E+02  2.6173349E+20  1.0234414E+00  1.0000000E-99  1.0000000E-99
  363  2.1517559E+05  1.0431864E+00  8.2759843E+02  2.6096801E+20  1.0350767E+00  1.0000000E-99  1.0000000E-99
  364  2.1576997E+05  1.0460679E+00  8.2988449E+02  2.6019816E+20  1.0468794E+00  1.0000000E-99  1.0000000E-99
  365  2.1636435E+05  1.0489495E+00  8.3217056E+02  2.5942389E+20  1.0588533E+00  1.0000000E-99  1.0000000E-99
  366  2.1695872E+05  1.0518311E+00  8.3445663E+02  2.5864517E+20  1.0710018E+00  1.0000000E-99  1.0000000E-99
  367  2.1755310E+05  1.0547127E+00  8.3674270E+02  2.5786194E+20  1.0833287E+00  1.0000000E-99  1.0000000E-99
  368  2.1814748E+05  1.0575943E+00  8.3902877E+02  2.5707418E+20  1.0958378E+00  1.0000000E-99  1.0000000E-99
  369  2.1874186E+05  1.0604759E+00  8.4131484E+02  2.5628184E+20  1.1085330E+00  1.0000000E-99  1.0000000E-99
  370  2.1933624E+05  1.0633575E+00  8.4360091E+02  2.5548487E+20  1.1214183E+00  1.0000000E-99  1.0000000E-99
  371  2.1993061E+05  1.0662390E+00  8.4588698E+02  2.5468324E+20  1.1344980E+00  1.0000000E-99  1.0000000E-99
  372  2.2052499E+05  1.0691206E+00  8.4817304E+02  2.5387689E+20  1.1477763E+00  1.0000000E-99  1.0000000E-99
  373  2.2111937E+05  1.0720022E+00  8.5045911E+02  2.5306579E+20  1.1612575E+00  1.0000000E-99  1.0000000E-99
  374  2.2171375E+05  1.0748838E+00  8.5274518E+02  2.5224989E+20  1.1749463E+00  1.0000000E-99  1.0000000E-99
  375  2.2230813E+05  1.0777654E+00  8.5503125E+02  2.5142914E+20  1.1888473E+00  1.0000000E-99  1.0000000E-99
  376  2.2290250E+05  1.0806470E+00  8.5731732E+02  2.5060349E+20  1.2029653E+00  1.0000000E-99  1.0000000E-99
  377  2.2349688E+05  1.0835286E+00  8.5960339E+02  2.4977290E+20  1.2173054E+00  1.0000000E-99  1.0000000E-99
  378  2.2409126E+05  1.0864101E+00  8.6188946E+02  2.4893731E+20  1.2318725E+00  1.0000000E-99  1.0000000E-99
  379  2.2468564E+05  1.0892917E+00  8.6417553E+02  2.4809668E+20  1.2466721E+00  1.0000000E-99  1.0000000E-99
  380  2.2528001E+05  1.0921733E+00  8.6646160E+02  2.4725095E+20  1.2617095E+00  1.0000000E-99  1.0000000E-99
  381  2.2587439E+05  1.0950549E+00  8.6874766E+02  2.4640007E+20  1.2769903E+00  1.0000000E-99  1.0000000E-99
  382  2.2646877E+05  1.0979365E+00  8.7103373E+02  2.4554400E+20  1.2925204E+00  1.0000000E-99  1.0000000E-99
  383  2.2706315E+05  1.1008181E+00  8.7331980E+02  2.4468266E+20  1.3083058E+00  1.0000000E-99  1.0000000E-99
  384  2.2765753E+05  1.1036997E+00  8.7560587E+02  2.4381601E+20  1.3243525E+00  1.0000000E-99  1.0000000E-99
  385  2.2825190E+05  1.1065812E+00  8.7789194E+02  2.4294399E+20  1.3406670E+00  1.0000000E-99  1.0000000E-99
  386  2.2884628E+05  1.1094628E+00  8.8017801E+02  2.4206655E+20  1.3572560E+00  1.0000000E-99  1.0000000E-99
  387  2.2944066E+05  1.1123444E+00  8.8246408E+02  2.4118362E+20  1.3741260E+00  1.0000000E-99  1.0000000E-99
  388  2.3003504E+05  1.1152260E+00  8.8475015E+02  2.4029514E+20  1.3912843E+00  1.0000000E-99  1.0000000E-99
  389  2.3062942E+05  1.1181076E+00  8.8703621E+02  2.3940105E+20  1.4087381E+00  1.0000000E-99  1.0000000E-99
  390  2.3122379E+05  1.1209892E+00  8.8932228E+02  2.3850129E+20  1.4264949E+00  1.0000000E-99  1.0000000E-99
  391  2.3181817E+05  1.1238708E+00  8.9160835E+02  2.3759579E+20  1.4445624E+00  1.0000000E-99  1.0000000E-99
  392  2.3241255E+05  1.1267523E+00  8.9389442E+02  2.3668450E+20  1.4629488E+00  1.0000000E-99  1.0000000E-99
  393  2.3300693E+05  1.1296339E+00  8.9618049E+02  2.3576733E+20  1.4816623E+00  1.0000000E-99  1.0000000E-99
  394  2.3360131E+05  1.1325155E+00  8.9846656E+02  2.3484422E+20  1.5007116E+00  1.0000000E-99  1.0000000E-99
  395  2.3419568E+05  1.1353971E+00  9.0075263E+02  2.3391510E+20  1.5201056E+00  1.0000000E-99  1.0000000E-99
  396  2.3479006E+05  1.1382787E+00  9.0303870E+02  2.3297991E+20  1.5398535E+00  1.0000000E-99  1.0000000E-99
  397  2.3538444E+05  1.1411603E+00  9.0532476E+02  2.3203856E+20  1.5599649E+00  1.0000000E-99  1.0000000E-99
  398  2.3597882E+05  1.1440419E+00  9.0761083E+02  2.3109098E+20  1.5804498E+00  1.0000000E-99  1.0000000E-99
  399  2.3657319E+05  1.1469234E+00  9.0989690E+02  2.3013709E+20  1.6013184E+00  1.0000000E-99  1.0000000E-99
  400  2.3716757E+05  1.1498050E+00  9.1218297E+02  2.2917682E+20  1.6225815E+00  1.0000000E-99  1.0000000E-99
  401  2.3776195E+05  1.1526866E+00  9.1446904E+02  2.2821009E+20  1.6442500E+00  1.0000000E-99  1.0000000E-99
  402  2.3835633E+05  1.1555682E+00  9.1675511E+02  2.2723680E+20  1.6663356E+00  1.0000000E-99  1.0000000E-99
  403  2.3895071E+05  1.1584498E+00  9.1904118E+02  2.2625689E+20  1.6888500E+00  1.0000000E-99  1.0000000E-99
  404  2.3954508E+05  1.1613314E+00  9.2132725E+02  2.2527025E+20  1.7118059E+00  1.0000000E-99  1.0000000E-99
  405  2.4013946E+05  1.1642130E+00  9.2361331E+02  2.2427681E+20  1.7352159E+00  1.0000000E-99  1.0000000E-99
  406  2.4073384E+05  1.1670945E+00  9.2589938E+02  2.2327647E+20  1.7590936E+00  1.0000000E-99  1.0000000E-99
  407  2.4132822E+05  1.1699761E+00  9.2818545E+02  2.2226913E+20  1.7834528E+00  1.0000000E-99  1.0000000E-99
  408  2.4192260E+05  1.1728577E+00  9.3047152E+02  2.2125471E+20  1.8083080E+00  1.0000000E-99  1.0000000E-99
  409  2.4251697E+05  1.1757393E+00  9.3275759E+02  2.2023310E+20  1.8336743E+00  1.0000000E-99  1.0000000E-99
  410  2.4311135E+05  1.1786209E+00  9.3504366E+02  2.1920421E+20  1.8595674E+00  1.0000000E-99  1.0000000E-99
  411  2.4370573E+05  1.1815025E+00  9.3732973E+02  2.1816793E+20  1.8860036E+00  1.0000000E-99  1.0000000E-99
  412  2.4430011E+05  1.1843841E+00  9.3961580E+02  2.1712415E+20  1.9130000E+00  1.0000000E-99  1.0000000E-99
  413  2.4489448E+05  1.1872656E+00  9.4190186E+02  2.1607278E+20  1.9405742E+00  1.0000000E-99  1.0000000E-99
  414  2.4548886E+05  1.1901472E+00  9.4418793E+02  2.1501368E+20  1.9687449E+00  1.0000000E-99  1.0000000E-99
  415  2.4608324E+05  1.1930288E+00  9.4647400E+02  2.1394676E+20  1.9975312E+00  1.0000000E-99  1.0000000E-99
  416  2.4667762E+05  1.1959104E+00  9.4876007E+02  2.1287189E+20  2.0269533E+00  1.0000000E-99  1.0000000E-99
  417  2.4727200E+05  1.1987920E+00  9.5104614E+02  2.1178895E+20  2.0570324E+00  1.0000000E-99  1.0000000E-99
  418  2.4786637E+05  1.2016736E+00  9.5333221E+02  2.1069782E+20  2.0877902E+00  1.0000000E-99  1.0000000E-99
  419  2.4846075E+05  1.2045552E+00  9.5561828E+02  2.0959837E+20  2.1192499E+00  1.0000000E-99  1.0000000E-99
  420  2.4905513E+05  1.2074367E+00  9.5790435E+02  2.0849047E+20  2.1514353E+00  1.0000000E-99  1.0000000E-99
  421  2.4964951E+05  1.2103183E+00  9.6019041E+02  2.0737398E+20  2.1843718E+00  1.0000000E-99  1.0000000E-99
  422  2.5024389E+05  1.2131999E+00  9.6247648E+02  2.0624876E+20  2.2180854E+00  1.0000000E-99  1.0000000E-99
  423  2.5083826E+05  1.2160815E+00  9.6476255E+02  2.0511467E+20  2.2526038E+00  1.0000000E-99  1.0000000E-99
  424  2.5143264E+05  1.2189631E+00  9.6704862E+02  2.0397156E+20  2.2879559E+00  1.0000000E-99  1.0000000E-99
  425  2.5202702E+05  1.2218447E+00  9.6933469E+02  2.0281929E+20  2.3241718E+00  1.0000000E-99  1.0000000E-99
  426  2.5262140E+05  1.2247263E+00  9.7162076E+02  2.0165768E+20  2.3612834E+00  1.0000000E-99  1.0000000E-99
  427  2.5321578E+05  1.2276078E+00  9.7390683E+02  2.0048658E+20  2.3993239E+00  1.0000000E-99  1.0000000E-99
  428  2.5381015E+05  1.2304894E+00  9.7619290E+02  1.9930583E+20  2.4383284E+00  1.0000000E-99  1.0000000E-99
  429  2.5440453E+05  1.2333710E+00  9.7847896E+02  1.9811525E+20  2.4783335E+00  1.0000000E-99  1.0000000E-99
  430  2.5499891E+05  1.2362526E+00  9.8076503E+02  1.9691465E+20  2.5193781E+00  1.0000000E-99  1.0000000E-99
  431  2.5559329E+05  1.2391342E+00  9.8305110E+02  1.9570387E+20  2.5615027E+00  1.0000000E-99  1.0000000E-99
  432  2.5618766E+05  1.2420158E+00  9.8533717E+02  1.9448270E+20  2.6047502E+00  1.0000000E-99  1.0000000E-99
  433  2.5678204E+05  1.2448974E+00  9.8762324E+02  1.9325095E+20  2.6491657E+00  1.0000000E-99  1.0000000E-99
  434  2.5737642E+05  1.2477789E+00  9.8990931E+02  1.9200842E+20  2.6947969E+00  1.0000000E-99  1.0000000E-99
  435  2.5797080E+05  1.2506605E+00  9.9219538E+02  1.9075489E+20  2.7416940E+00  1.0000000E-99  1.0000000E-99
  436  2.5856518E+05  1.2535421E+00  9.9448145E+02  1.8949015E+20  2.7899099E+00  1.0000000E-99  1.0000000E-99
  437  2.5915955E+05  1.2564237E+00  9.9676751E+02  1.8821398E+20  2.8395007E+00  1.0000000E-99  1.0000000E-99
  438  2.5975393E+05  1.2593053E+00  9.9905358E+02  1.8692612E+20  2.8905256E+00  1.0000000E-99  1.0000000E-99
  439  2.6034831E+05  1.2621869E+00  1.0013397E+03  1.8562636E+20  2.9430474E+00  1.0000000E-99  1.0000000E-99
  440  2.6094269E+05  1.2650685E+00  1.0036257E+03  1.8431442E+20  2.9971324E+00  1.0000000E-99  1.0000000E-99
  441  2.6153707E+05  1.2679500E+00  1.0059118E+03  1.8299006E+20  3.0528511E+00  1.0000000E-99  1.0000000E-99
  442  2.6213144E+05  1.2708316E+00  1.0081979E+03  1.8165299E+20  3.1102781E+00  1.0000000E-99  1.0000000E-99
  443  2.6272582E+05  1.2737132E+00  1.0104839E+03  1.8030294E+20  3.1694928E+00  1.0000000E-99  1.0000000E-99
  444  2.6332020E+05  1.2765948E+00  1.0127700E+03  1.7893961E+20  3.2305795E+00  1.0000000E-99  1.0000000E-99
  445  2.6391458E+05  1.2794764E+00  1.0150561E+03  1.7756270E+20  3.2936278E+00  1.0000000E-99  1.0000000E-99
  446  2.6450895E+05  1.2823580E+00  1.0173421E+03  1.7617189E+20  3.3587334E+00  1.0000000E-99  1.0000000E-99
  447  2.6510333E+05  1.2852396E+00  1.0196282E+03  1.7476684E+20  3.4259981E+00  1.0000000E-99  1.0000000E-99
  448  2.6569771E+05  1.2881211E+00  1.0219143E+03  1.7334721E+20  3.4955304E+00  1.0000000E-99  1.0000000E-99
  449  2.6629209E+05  1.2910027E+00  1.0242003E+03  1.7191264E+20  3.5674466E+00  1.0000000E-99  1.0000000E-99
  450  2.6688647E+05  1.2938843E+00  1.0264864E+03  1.7046275E+20  3.6418707E+00  1.0000000E-99  1.0000000E-99
  451  2.6748084E+05  1.2967659E+00  1.0287725E+03  1.6899715E+20  3.7189358E+00  1.0000000E-99  1.0000000E-99
  452  2.6807522E+05  1.2996475E+00  1.0310585E+03  1.6751542E+20  3.7987842E+00  1.0000000E-99  1.0000000E-99
  453  2.6866960E+05  1.3025291E+00  1.0333446E+03  1.6601714E+20  3.8815690E+00  1.0000000E-99  1.0000000E-99
  454  2.6926398E+05  1.3054107E+00  1.0356307E+03  1.6450185E+20  3.9674545E+00  1.0000000E-99  1.0000000E-99
  455  2.6985836E+05  1.3082922E+00  1.0379168E+03  1.6296907E+20  4.0566175E+00  1.0000000E-99  1.0000000E-99
  456  2.7045273E+05  1.3111738E+00  1.0402028E+03  1.6141831E+20  4.1492487E+00  1.0000000E-99  1.0000000E-99
  457  2.7104711E+05  1.3140554E+00  1.0424889E+03  1.5984904E+20  4.2455537E+00  1.0000000E-99  1.0000000E-99
  458  2.7164149E+05  1.3169370E+00  1.0447750E+03  1.5826072E+20  4.3457546E+00  1.0000000E-99  1.0000000E-99
  459  2.7223587E+05  1.3198186E+00  1.0470610E+03  1.5665276E+20  4.4500922E+00  1.0000000E-99  1.0000000E-99
  460  2.7283024E+05  1.3227002E+00  1.0493471E+03  1.5502456E+20  4.5588271E+00  1.0000000E-99  1.0000000E-99
  461  2.7342462E+05  1.3255818E+00  1.0516332E+03  1.5337546E+20  4.6722424E+00  1.0000000E-99  1.0000000E-99
  462  2.7401900E+05  1.3284633E+00  1.0539192E+03  1.5170479E+20  4.7906462E+00  1.0000000E-99  1.0000000E-99
  463  2.7461338E+05  1.3313449E+00  1.0562053E+03  1.5001183E+20  4.9143740E+00  1.0000000E-99  1.0000000E-99
  464  2.7520776E+05  1.3342265E+00  1.0584914E+03  1.4829581E+20  5.0437924E+00  1.0000000E-99  1.0000000E-99
  465  2.7580213E+05  1.3371081E+00  1.0607774E+03  1.4655592E+20  5.1793021E+00  1.0000000E-99  1.0000000E-99
  466  2.7639651E+05  1.3399897E+00  1.0630635E+03  1.4479131E+20  5.3213427E+00  1.0000000E-99  1.0000000E-99
  467  2.7699089E+05  1.3428713E+00  1.0653496E+03  1.4300105E+20  5.4703967E+00  1.0000000E-99  1.0000000E-99
  468  2.7758527E+05  1.3457529E+00  1.0676356E+03  1.4118418E+20  5.6269958E+00  1.0000000E-99  1.0000000E-99
  469  2.7817965E+05  1.3486344E+00  1.0699217E+03  1.3933964E+20  5.7917265E+00  1.0000000E-99  1.0000000E-99
  470  2.7877402E+05  1.3515160E+00  1.0722078E+03  1.3746634E+20  5.9652379E+00  1.0000000E-99  1.0000000E-99
  471  2.7936840E+05  1.3543976E+00  1.0744939E+03  1.3556306E+20  6.1482501E+00  1.0000000E-99  1.0000000E-99
  472  2.7996278E+05  1.3572792E+00  1.0767799E+03  1.3362855E+20  6.3415639E+00  1.0000000E-99  1.0000000E-99
  473  2.8055716E+05  1.3601608E+00  1.0790660E+03  1.3166140E+20  6.5460731E+00  1.0000000E-99  1.0000000E-99
  474  2.8115154E+05  1.3630424E+00  1.0813521E+03  1.2966015E+20  6.7627778E+00  1.0000000E-99  1.0000000E-99
  475  2.8174591E+05  1.3659240E+00  1.0836381E+03  1.2762319E+20  6.9928007E+00  1.0000000E-99  1.0000000E-99
  476  2.8234029E+05  1.3688055E+00  1.0859242E+03  1.2554878E+20  7.2374070E+00  1.0000000E-99  1.0000000E-99
  477  2.8293467E+05  1.3716871E+00  1.0882103E+03  1.2343502E+20  7.4980273E+00  1.0000000E-99  1.0000000E-99
  478  2.8352905E+05  1.3745687E+00  1.0904963E+03  1.2127987E+20  7.7762857E+00  1.0000000E-99  1.0000000E-99
  479  2.8412342E+05  1.3774503E+00  1.0927824E+03  1.1908108E+20  8.0740335E+00  1.0000000E-99  1.0000000E-99
  480  2.8471780E+05  1.3803319E+00  1.0950685E+03  1.1683618E+20  8.3933906E+00  1.0000000E-99  1.0000000E-99
  481  2.8531218E+05  1.3832135E+00  1.0973545E+03  1.1454246E+20  8.7367962E+00  1.0000000E-99  1.0000000E-99
  482  2.8590656E+05  1.3860951E+00  1.0996406E+03  1.1219693E+20  9.1070705E+00  1.0000000E-99  1.0000000E-99
  483  2.8650094E+05  1.3889766E+00  1.1019267E+03  1.0979627E+20  9.5074932E+00  1.0000000E-99  1.0000000E-99
  484  2.8709531E+05  1.3918582E+00  1.1042127E+03  1.0733677E+20  9.9419001E+00  1.0000000E-99  1.0000000E-99
  485  2.8768969E+05  1.3947398E+00  1.1064988E+03  1.0481430E+20  1.0414807E+01  1.0000000E-99  1.0000000E-99
  486  2.8828407E+05  1.3976214E+00  1.1087849E+03  1.0222419E+20  1.0931567E+01  1.0000000E-99  1.0000000E-99
  487  2.8887845E+05  1.4005030E+00  1.1110710E+03  9.9561174E+19  1.1498573E+01  1.0000000E-99  1.0000000E-99
  488  2.8947283E+05  1.4033846E+00  1.1133570E+03  9.6819224E+19  1.2123527E+01  1.0000000E-99  1.0000000E-99
  489  2.9006720E+05  1.4062662E+00  1.1156431E+03  9.3991437E+19  1.2815786E+01  1.0000000E-99  1.0000000E-99
  490  2.9066158E+05  1.4091477E+00  1.1179292E+03  9.1069816E+19  1.3586842E+01  1.0000000E-99  1.0000000E-99
  491  2.9125596E+05  1.4120293E+00  1.1202152E+03  8.8045020E+19  1.4450957E+01  1.0000000E-99  1.0000000E-99
  492  2.9185034E+05  1.4149109E+00  1.1225013E+03  8.4906025E+19  1.5426061E+01  1.0000000E-99  1.0000000E-99
  493  2.9244471E+05  1.4177925E+00  1.1247874E+03  8.1639658E+19  1.6535006E+01  1.0000000E-99  1.0000000E-99
  494  2.9303909E+05  1.4206741E+00  1.1270734E+03  7.8229967E+19  1.7807382E+01  1.0000000E-99  1.0000000E-99
  495  2.9363347E+05  1.4235557E+00  1.1293595E+03  7.4657316E+19  1.9282205E+01  1.0000000E-99  1.0000000E-99
  496  2.9422785E+05  1.4264373E+00  1.1316456E+03  7.0897074E+19  2.1011986E+01  1.0000000E-99  1.0000000E-99
  497  2.9482223E+05  1.4293188E+00  1.1339316E+03  6.6917625E+19  2.3069135E+01  1.0000000E-99  1.0000000E-99
  498  2.9541660E+05  1.4322004E+00  1.1362177E+03  6.2677230E+19  2.5556375E+01  1.0000000E-99  1.0000000E-99
  499  2.9601098E+05  1.4350820E+00  1.1385038E+03  5.8118800E+19  2.8624478E+01  1.0000000E-99  1.0000000E-99
  500  2.9660536E+05  1.4379636E+00  1.1407898E+03  5.3160586E+19  3.2504135E+01  1.0000000E-99  1.0000000E-99
  501  2.9719974E+05  1.4408452E+00  1.1430759E+03  4.7678025E+19  3.7567099E+01  1.0000000E-99  1.0000000E-99
  502  2.9779412E+05  1.4437268E+00  1.1453620E+03  4.1463640E+19  4.4453814E+01  1.0000000E-99  1.0000000E-99
  503  2.9838849E+05  1.4466084E+00  1.1476481E+03  3.4119877E+19  5.4370862E+01  1.0000000E-99  1.0000000E-99
  504  2.9898287E+05  1.4494899E+00  1.1499341E+03  2.4657489E+19  6.9899191E+01  1.0000000E-99  1.0000000E-99
  505  2.9957725E+05  1.4523715E+00  1.1522202E+03  7.1211448E+18  9.7764304E+01  1.0000000E-99  1.0000000E-99
  506  3.0017163E+05  1.4552531E+00  1.1545063E+03  2.1507633E-06  1.6321757E+02  1.0000000E-99  1.0000000E-99
  507  3.0076601E+05  1.4581347E+00  1.1567923E+03  2.1507633E-06  1.6321757E+02  1.0000000E-99  1.0000000E-99
  508  3.0136038E+05  1.4610163E+00  1.1590784E+03  2.1507633E-06  1.0000000E-99  1.0000000E-99  1.0000000E-99
  509  3.0195476E+05  1.4638979E+00  1.1613645E+03  2.1507633E-06  1.0000000E-99  1.0000000E-99  1.0000000E-99
  510  3.0254914E+05  1.4667795E+00  1.1636505E+03  2.1507633E-06  1.0000000E-99  1.0000000E-99  1.0000000E-99
  511  3.0314352E+05  1.4696610E+00  1.1659366E+03  2.1507633E-06  1.0000000E-99  1.0000000E-99  1.0000000E-99
  512  3.0373789E+05  1.4725426E+00  1.1682227E+03  2.1507633E-06  1.0000000E-99  1.0000000E-99  1.0000000E-99
  513  3.0433227E+05  1.4754242E+00  1.1705087E+03  2.1507633E-06  1.0000000E-99  1.0000000E-99  1.0000000E-99
  514  3.0492665E+05  1.4783058E+00  1.1727948E+03  2.1507633E-06  1.0000000E-99  1.0000000E-99  1.0000000E-99
  515  3.0552103E+05  1.4811874E+00  1.1750809E+03  2.1507633E-06  1.0000000E-99  1.0000000E-99  1.0000000E-99
  516  3.0611541E+05  1.4840690E+00  1.1773669E+03  2.1507633E-06  1.0000000E-99  1.0000000E-99  1.0000000E-99
  517  3.0670978E+05  1.4869506E+00  1.1796530E+03  2.1507633E-06  1.0000000E-99  1.0000000E-99  1.0000000E-99
  518  3.0730416E+05  1.4898321E+00  1.1819391E+03  2.1507633E-06  1.0000000E-99  1.0000000E-99  1.0000000E-99
  519  3.0789854E+05  1.4927137E+00  1.1842252E+03  2.1507633E-06  1.0000000E-99  1.0000000E-99  1.0000000E-99
  520  3.0849292E+05  1.4955953E+00  1.1865112E+03  2.1507633E-06  1.0000000E-99  1.0000000E-99  1.0000000E-99
  521  3.0908730E+05  1.4984769E+00  1.1887973E+03  2.1507633E-06  1.0000000E-99  1.0000000E-99  1.0000000E-99
  522  3.0968167E+05  1.5013585E+00  1.1910834E+03  2.1507633E-06  1.0000000E-99  1.0000000E-99  1.0000000E-99
  523  3.1027605E+05  1.5042401E+00  1.1933694E+03  2.1507633E-06  1.0000000E-99  1.0000000E-99  1.0000000E-99
  524  3.1087043E+05  1.5071217E+00  1.1956555E+03  2.1507633E-06  1.0000000E-99  1.0000000E-99  1.0000000E-99
  525  3.1146481E+05  1.5100032E+00  1.1979416E+03  2.1507633E-06  1.0000000E-99  1.0000000E-99  1.0000000E-99
  526  3.1205918E+05  1.5128848E+00  1.2002276E+03  2.1507633E-06  1.0000000E-99  1.0000000E-99  1.0000000E-99
  527  3.1265356E+05  1.5157664E+00  1.2025137E+03  2.1507633E-06  1.0000000E-99  1.0000000E-99  1.0000000E-99
  528  3.1324794E+05  1.5186480E+00  1.2047998E+03  2.1507633E-06  1.0000000E-99  1.0000000E-99  1.0000000E-99
  529  3.1384232E+05  1.5215296E+00  1.2070858E+03  2.1507633E-06  1.0000000E-99  1.0000000E-99  1.0000000E-99
  530  3.1443670E+05  1.5244112E+00  1.2093719E+03  2.1507633E-06  1.0000000E-99  1.0000000E-99  1.0000000E-99
  531  3.1503107E+05  1.5272928E+00  1.2116580E+03  2.1507633E-06  1.0000000E-99  1.0000000E-99  1.0000000E-99
  532  3.1562545E+05  1.5301743E+00  1.2139440E+03  2.1507633E-06  1.0000000E-99  1.0000000E-99  1.0000000E-99
  533  3.1621983E+05  1.5330559E+00  1.2162301E+03  2.1507633E-06  1.0000000E-99  1.0000000E-99  1.0000000E-99
  534  3.1681421E+05  1.5359375E+00  1.2185162E+03  2.1507633E-06  1.0000000E-99  1.0000000E-99  1.0000000E-99
  535  3.1740859E+05  1.5388191E+00  1.2208023E+03  2.1507633E-06  1.0000000E-99  1.0000000E-99  1.0000000E-99
  536  3.1800296E+05  1.5417007E+00  1.2230883E+03  2.1507633E-06  1.0000000E-99  1.0000000E-99  1.0000000E-99
  537  3.1859734E+05  1.5445823E+00  1.2253744E+03  2.1507633E-06  1.0000000E-99  1.0000000E-99  1.0000000E-99
  538  3.1919172E+05  1.5474639E+00  1.2276605E+03  2.1507633E-06  1.0000000E-99  1.0000000E-99  1.0000000E-99
  539  3.1978610E+05  1.5503454E+00  1.2299465E+03  2.1507633E-06  1.0000000E-99  1.0000000E-99  1.0000000E-99
  540  3.2038048E+05  1.5532270E+00  1.2322326E+03  2.1507633E-06  1.0000000E-99  1.0000000E-99  1.0000000E-99
  541  3.2097485E+05  1.5561086E+00  1.2345187E+03  2.1507633E-06  1.0000000E-99  1.0000000E-99  1.0000000E-99
  542  3.2156923E+05  1.5589902E+00  1.2368047E+03  2.1507633E-06  1.0000000E-99  1.0000000E-99  1.0000000E-99
  543  3.2216361E+05  1.5618718E+00  1.2390908E+03  2.1507633E-06  1.0000000E-99  1.0000000E-99  1.0000000E-99
  544  3.2275799E+05  1.5647534E+00  1.2413769E+03  2.1507633E-06  1.0000000E-99  1.0000000E-99  1.0000000E-99
  545  3.2335236E+05  1.5676350E+00  1.2436629E+03  2.1507633E-06  1.0000000E-99  1.0000000E-99  1.0000000E-99
  546  3.2394674E+05  1.5705165E+00  1.2459490E+03  2.1507633E-06  1.0000000E-99  1.0000000E-99  1.0000000E-99
  547  3.2454112E+05  1.5733981E+00  1.2482351E+03  2.1507633E-06  1.0000000E-99  1.0000000E-99  1.0000000E-99
  548  3.2513550E+05  1.5762797E+00  1.2505211E+03  2.1507633E-06  1.0000000E-99  1.0000000E-99  1.0000000E-99
  549  3.2572988E+05  1.5791613E+00  1.2528072E+03  2.1507633E-06  1.0000000E-99  1.0000000E-99  1.0000000E-99
  550  3.2632425E+05  1.5820429E+00  1.2550933E+03  2.1507633E-06  1.0000000E-99  1.0000000E-99  1.0000000E-99
  551  3.2691863E+05  1.5849245E+00  1.2573794E+03  2.1507633E-06  1.0000000E-99  1.0000000E-99  1.0000000E-99
  552  3.2751301E+05  1.5878061E+00  1.2596654E+03  2.1507633E-06  1.0000000E-99  1.0000000E-99  1.0000000E-99
  553  3.2810739E+05  1.5906876E+00  1.2619515E+03  2.1507633E-06  1.0000000E-99  1.0000000E-99  1.0000000E-99
  554  3.2870177E+05  1.5935692E+00  1.2642376E+03  2.1507633E-06  1.0000000E-99  1.0000000E-99  1.0000000E-99
