! mass-weighted dust temperature of the middle part of the cylinder, |z| < 2.032 pc, against R
!        R(AU)    cells   frac T=0       T(K)     rms(K)
   4.72030e-01       51      0.980     5.4143     0.0000
   5.67504e-01       59      0.983     6.4811     0.0000
   6.22256e-01       64      0.984    10.2562     0.0000
   7.48117e-01       72      0.986    15.4306     0.0000
   7.83374e-01       76      0.974     9.2189     3.6703
   8.20293e-01       79      0.962     9.7570     3.0797
   8.58953e-01       80      0.963    11.0378     4.2710
   8.99434e-01       83      0.976     8.0071     0.2240
   9.41823e-01       87      0.954     3.8347     0.9370
   9.86210e-01       87      0.966    13.3580     0.8466
   1.03269e+00       91      0.956    10.9931     2.9537
   1.08136e+00       94      0.947    11.2139     0.4504
   1.13232e+00       94      0.957     7.5132     2.8064
   1.18568e+00       98      0.929     6.7078     0.6923
   1.24156e+00      100      0.950     8.1871     3.2742
   1.30008e+00      103      0.922    11.2338     1.8814
   1.36135e+00      105      0.914     6.3171     2.8570
   1.42551e+00      108      0.926    12.7025     3.0690
   1.49269e+00      110      0.909     7.6732     2.2286
   1.56304e+00      114      0.912     7.7864     2.1023
   1.63670e+00      114      0.904     8.9646     1.5812
   1.71384e+00      117      0.897     8.6608     1.6609
   1.79461e+00      122      0.885     8.2121     1.4221
   1.87918e+00      120      0.892     7.0687     1.3452
   1.96775e+00      125      0.896     6.4300     1.5537
   2.06048e+00      129      0.899     9.6654     3.3698
   2.15759e+00      128      0.875     4.2642     2.1954
   2.25928e+00      133      0.857     7.1849     2.1427
   2.36575e+00      135      0.830     6.2980     2.4363
   2.47725e+00      136      0.846     7.9391     1.9872
   2.59400e+00      141      0.837     6.5163     1.2605
   2.71625e+00      140      0.871     4.2739     1.9015
   2.84426e+00      145      0.841     6.0448     1.2186
   2.97831e+00      148      0.838     5.4332     1.6873
   3.11867e+00      148      0.797     6.9802     1.3381
   3.26565e+00      153      0.784     7.7397     1.7544
   3.41955e+00      154      0.786     8.4297     1.5105
   3.58071e+00      156      0.776     7.3406     0.9879
   3.74946e+00      159      0.748     7.5683     1.2215
   3.92617e+00      163      0.724     6.5971     1.4166
   4.11121e+00      162      0.747     8.3913     1.0776
   4.30496e+00      167      0.725     6.8261     0.6733
   4.50785e+00      170      0.712     7.0337     1.4351
   4.72030e+00      171      0.678     7.2491     1.2306
   4.94276e+00      174      0.644     8.5710     0.9630
   5.17570e+00      176      0.636     7.4802     1.2517
   5.41963e+00      179      0.648     7.0727     1.1873
   5.67504e+00      181      0.613     7.5287     1.3055
   5.94250e+00      183      0.596     6.5645     1.3191
   6.22256e+00      186      0.575     6.8386     0.9180
   6.51582e+00      189      0.534     7.0467     1.0089
   6.82290e+00      191      0.518     7.1670     0.7912
   7.14446e+00      193      0.513     7.0897     0.8289
   7.48117e+00      197      0.482     6.6127     0.8215
   7.83374e+00      196      0.454     7.4745     1.1815
   8.20293e+00      202      0.426     7.3869     0.8503
   8.58953e+00      203      0.419     6.2860     0.9682
   8.99434e+00      206      0.388     7.3153     0.8178
   9.41823e+00      207      0.372     7.1450     0.9489
   9.86210e+00      211      0.346     7.6341     0.8520
   1.03269e+01      214      0.313     7.5751     1.0863
   1.08136e+01      214      0.294     7.8911     1.3865
   1.13232e+01      219      0.301     7.2699     1.0183
   1.18568e+01      219      0.274     7.6999     0.9737
   1.24156e+01      224      0.263     7.4611     0.8843
   1.30008e+01      225      0.262     7.7716     1.0022
   1.36135e+01      227      0.242     7.9917     0.7753
   1.42551e+01      232      0.254     7.7994     0.7375
   1.49269e+01      231      0.225     7.3586     0.6734
   1.56304e+01      236      0.199     7.3644     0.7184
   1.63670e+01      238      0.214     7.4741     0.6868
   1.71384e+01      238      0.202     7.3503     0.6501
   1.79461e+01      243      0.181     7.5953     0.5529
   1.87918e+01      245      0.167     7.1565     0.6362
   1.96775e+01      247      0.154     7.4058     0.5734
   2.06048e+01      249      0.141     7.6479     0.5531
   2.15759e+01      253      0.126     7.4139     0.5215
   2.25928e+01      255      0.106     7.5972     0.5113
   2.36575e+01      256      0.094     7.6412     0.6014
   2.47725e+01      260      0.100     7.1219     0.4628
   2.59400e+01      262      0.073     7.5559     0.4407
   2.71625e+01      265      0.087     7.6136     0.4266
   2.84426e+01      266      0.079     7.7625     0.4480
   2.97831e+01      269      0.071     7.4941     0.4728
   3.11867e+01      273      0.062     7.4710     0.4160
   3.26565e+01      273      0.048     7.6091     0.4231
   3.41955e+01      277      0.065     7.6654     0.3764
   3.58071e+01      280      0.068     7.5802     0.4308
   3.74946e+01      280      0.061     7.6784     0.3355
   3.92617e+01      285      0.056     7.7361     0.3848
   4.11121e+01      287      0.035     7.6880     0.3393
   4.30496e+01      285      0.035     7.4686     0.6203
   4.50785e+01      289      0.038     7.4188     0.5925
   4.72030e+01      291      0.024     7.4302     0.5563
   4.94276e+01      294      0.024     7.4273     0.5344
   5.17570e+01      295      0.024     7.4525     0.5406
   5.41963e+01      298      0.030     7.4764     0.5355
   5.67504e+01      302      0.020     7.4780     0.5223
   5.94250e+01      303      0.026     7.4832     0.4814
   6.22256e+01      305      0.013     7.5313     0.5099
   6.51582e+01      308      0.019     7.5195     0.4303
   6.82290e+01      313      0.016     7.5263     0.4518
   7.14446e+01      312      0.006     7.5726     0.4555
   7.48117e+01      314      0.010     7.5837     0.4411
   7.83374e+01      320      0.009     7.5938     0.3970
   8.20293e+01      319      0.003     7.5764     0.4223
   8.58953e+01      323      0.009     7.5704     0.3828
   8.99434e+01      322      0.009     7.5971     0.3839
   9.41823e+01      323      0.006     7.5902     0.3663
   9.86210e+01      320      0.009     7.5826     0.3738
   1.03269e+02      323      0.006     7.5760     0.3734
   1.08136e+02      322      0.003     7.5671     0.3595
   1.13232e+02      320      0.003     7.6108     0.3507
   1.18568e+02      324      0.000     7.6221     0.3762
   1.24156e+02      321      0.000     7.6540     0.3526
   1.30008e+02      324      0.000     7.6115     0.3292
   1.36135e+02      321      0.000     7.6358     0.3358
   1.42551e+02      323      0.000     7.6361     0.3205
   1.49269e+02      321      0.003     7.6234     0.3104
   1.56304e+02      321      0.000     7.6337     0.3068
   1.63670e+02      323      0.000     7.6289     0.2936
   1.71384e+02      322      0.000     7.6268     0.2859
   1.79461e+02      326      0.000     7.6234     0.2955
   1.87918e+02      320      0.000     7.6374     0.2797
   1.96775e+02      323      0.000     7.6427     0.2871
   2.06048e+02      324      0.000     7.6274     0.2580
   2.15759e+02      323      0.000     7.6333     0.2686
   2.25928e+02      323      0.000     7.6290     0.2492
   2.36575e+02      324      0.000     7.6321     0.2438
   2.47725e+02      324      0.000     7.6454     0.2252
   2.59400e+02      321      0.000     7.6345     0.2063
   2.71625e+02      327      0.000     7.6559     0.2250
   2.84426e+02      323      0.000     7.6500     0.2128
   2.97831e+02      322      0.000     7.6456     0.2050
   3.11867e+02      328      0.000     7.6473     0.2139
   3.26565e+02      325      0.000     7.6404     0.2039
   3.41955e+02      327      0.000     7.6575     0.1942
   3.58071e+02      324      0.000     7.6449     0.1835
   3.74946e+02      328      0.000     7.6404     0.1909
   3.92617e+02      334      0.000     7.6226     0.1867
   4.11121e+02      332      0.000     7.6310     0.1823
   4.30496e+02      337      0.000     7.6265     0.1721
   4.50785e+02      339      0.000     7.6527     0.1770
   4.72030e+02      346      0.000     7.6472     0.1750
   4.94276e+02      362      0.000     7.6416     0.1698
   5.17570e+02      343      0.000     7.6556     0.1628
   5.41963e+02      346      0.000     7.6554     0.1605
   5.67504e+02      350      0.000     7.6463     0.1529
   5.94250e+02      352      0.000     7.6482     0.1544
   6.22256e+02      362      0.000     7.6613     0.1493
   6.51582e+02      370      0.000     7.6669     0.1450
   6.82290e+02      367      0.000     7.6662     0.1468
   7.14446e+02      378      0.000     7.6719     0.1466
   7.48117e+02      390      0.000     7.6798     0.1390
   7.83374e+02      396      0.000     7.6778     0.1385
   8.20293e+02      409      0.000     7.6657     0.1248
   8.58953e+02      419      0.000     7.6790     0.1374
   8.99434e+02      435      0.000     7.6722     0.1317
   9.41823e+02      461      0.000     7.6795     0.1211
   9.86210e+02      495      0.000     7.6802     0.1175
   1.03269e+03      524      0.000     7.6779     0.1184
   1.08136e+03      529      0.000     7.6812     0.1180
   1.13232e+03      531      0.000     7.6856     0.1073
   1.18568e+03      521      0.000     7.6778     0.1057
   1.24156e+03      520      0.000     7.6790     0.0975
   1.30008e+03      517      0.000     7.6797     0.1020
   1.36135e+03      518      0.000     7.6762     0.1007
   1.42551e+03      513      0.000     7.6864     0.0951
   1.49269e+03      513      0.000     7.6831     0.0862
   1.56304e+03      499      0.000     7.6936     0.0889
   1.63670e+03      508      0.000     7.6953     0.0837
   1.71384e+03      512      0.000     7.6936     0.0783
   1.79461e+03      494      0.000     7.6950     0.0814
   1.87918e+03      501      0.000     7.7008     0.0806
   1.96775e+03      494      0.000     7.6987     0.0776
   2.06048e+03      497      0.000     7.7008     0.0775
   2.15759e+03      493      0.000     7.7051     0.0716
   2.25928e+03      486      0.000     7.7201     0.0705
   2.36575e+03      482      0.000     7.7210     0.0722
   2.47725e+03      485      0.000     7.7255     0.0684
   2.59400e+03      486      0.000     7.7364     0.0658
   2.71625e+03      477      0.000     7.7486     0.0630
   2.84426e+03      473      0.000     7.7588     0.0603
   2.97831e+03      476      0.000     7.7650     0.0619
   3.11867e+03      475      0.000     7.7732     0.0571
   3.26565e+03      470      0.000     7.7837     0.0553
   3.41955e+03      463      0.000     7.7964     0.0571
   3.58071e+03      463      0.000     7.8091     0.0523
   3.74946e+03      461      0.000     7.8223     0.0538
   3.92617e+03      465      0.000     7.8375     0.0558
   4.11121e+03      456      0.000     7.8513     0.0594
   4.30496e+03      448      0.000     7.8697     0.0512
   4.50785e+03      456      0.000     7.8842     0.0510
   4.72030e+03      454      0.000     7.9009     0.0513
   4.94276e+03      446      0.000     7.9204     0.0490
   5.17570e+03      441      0.000     7.9453     0.0477
   5.41963e+03      443      0.000     7.9719     0.0511
   5.67504e+03      437      0.000     7.9949     0.0467
   5.94250e+03      442      0.000     8.0197     0.0492
   6.22256e+03      434      0.000     8.0467     0.0459
   6.51582e+03      427      0.000     8.0744     0.0449
   6.82290e+03      436      0.000     8.1114     0.0459
   7.14446e+03      429      0.000     8.1484     0.0462
   7.48117e+03      424      0.000     8.1784     0.0440
   7.83374e+03      420      0.000     8.2187     0.0454
   8.20293e+03      421      0.000     8.2611     0.0457
   8.58953e+03      414      0.000     8.3001     0.0478
   8.99434e+03      418      0.000     8.3468     0.0444
   9.41823e+03      414      0.000     8.3919     0.0411
   9.86210e+03      406      0.000     8.4428     0.0407
   1.03269e+04      412      0.000     8.4983     0.0413
   1.08136e+04      408      0.000     8.5522     0.0421
   1.13232e+04      400      0.000     8.6097     0.0434
   1.18568e+04      399      0.000     8.6739     0.0441
   1.24156e+04      398      0.000     8.7348     0.0429
   1.30008e+04      397      0.000     8.8081     0.0411
   1.36135e+04      394      0.000     8.8741     0.0437
   1.42551e+04      391      0.000     8.9472     0.0405
   1.49269e+04      383      0.000     9.0307     0.0427
   1.56304e+04      387      0.000     9.1087     0.0415
   1.63670e+04      389      0.000     9.1890     0.0400
   1.71384e+04      379      0.000     9.2777     0.0418
   1.79461e+04      378      0.000     9.3656     0.0397
   1.87918e+04      375      0.000     9.4574     0.0385
   1.96775e+04      376      0.000     9.5596     0.0403
   2.06048e+04      371      0.000     9.6647     0.0400
   2.15759e+04      370      0.000     9.7680     0.0425
   2.25928e+04      359      0.000     9.8774     0.0424
   2.36575e+04      365      0.000     9.9901     0.0434
   2.47725e+04      369      0.000    10.1047     0.0460
   2.59400e+04      354      0.000    10.2276     0.0467
   2.71625e+04      356      0.000    10.3544     0.0470
   2.84426e+04      354      0.000    10.4837     0.0451
   2.97831e+04      355      0.000    10.6195     0.0469
   3.11867e+04      349      0.000    10.7591     0.0483
   3.26565e+04      347      0.000    10.9026     0.0488
   3.41955e+04      339      0.000    11.0552     0.0504
   3.58071e+04      342      0.000    11.2091     0.0501
   3.74946e+04      345      0.000    11.3737     0.0533
   3.92617e+04      334      0.000    11.5420     0.0549
   4.11121e+04      331      0.000    11.7141     0.0537
   4.30496e+04      335      0.000    11.8990     0.0576
   4.50785e+04      332      0.000    12.0960     0.0625
   4.72030e+04      327      0.000    12.3016     0.0629
   4.94276e+04      324      0.000    12.5175     0.0671
   5.17570e+04      318      0.000    12.7441     0.0691
   5.41963e+04      320      0.000    12.9808     0.0732
   5.67504e+04      323      0.000    13.2424     0.0808
   5.94250e+04      313      0.000    13.5211     0.0849
   6.22256e+04      308      0.000    13.8099     0.0894
   6.51582e+04      312      0.000    14.1306     0.0973
   6.82290e+04      311      0.000    14.4806     0.1065
   7.14446e+04      303      0.000    14.8558     0.1120
   7.48117e+04      302      0.000    15.2627     0.1268
   7.83374e+04      300      0.000    15.7113     0.1397
   8.20293e+04      296      0.000    16.1969     0.1482
   8.58953e+04      301      0.000    16.7523     0.1711
   8.99434e+04      292      0.000    17.3689     0.1870
   9.41823e+04      286      0.000    18.0441     0.2073
   9.86210e+04      293      0.000    18.8740     0.2672
   1.03269e+05      217      0.000    19.6360     0.1828
