! Date: 15/08/2026  Time: 11:40:58  Created by RADMC3D compiled on Aug 14 2026 12:46    
! Alexander Men’shchikov, DAp IRFU CEA Saclay, France                         
!
! RADIAL PROFILES OF SURFACE DENSITIES (cm^-2)
!
! Distance (pc): 2.60000000E+02  Mass-averaged Tdust (K): 7.59654500E+00
!
!   N   RADIUS(au)     RADIUS(pc)     RADIUS(as)      PROFILE        SLOPE          PROFILEBS      SLOPEBS
!
    1  3.2445020E+01  1.5729573E-04  1.2478854E-01  5.6944796E+22  8.5148510E-04  8.9764699E+21  5.4416436E-03
    2  8.1244617E+02  3.9387960E-03  3.1247929E+00  5.6788855E+22  8.5148510E-04  8.8205293E+21  5.4416436E-03
    3  1.5924473E+03  7.7202963E-03  6.1247974E+00  5.6341909E+22  8.5148510E-04  8.3735828E+21  5.4416436E-03
    4  2.3724485E+03  1.1501797E-02  9.1248018E+00  5.5673616E+22  8.5148510E-04  7.7052907E+21  5.4416436E-03
    5  3.1524496E+03  1.5283297E-02  1.2124806E+01  5.4847918E+22  1.1741037E-02  6.8795919E+21  7.7268592E-02
    6  3.9324507E+03  1.9064797E-02  1.5124811E+01  5.3984151E+22  2.9931669E-02  6.0158250E+21  2.0864052E-01
    7  4.7124519E+03  2.2846297E-02  1.8124815E+01  5.3095597E+22  5.2565547E-02  5.1272714E+21  3.9875092E-01
    8  5.4924530E+03  2.6627798E-02  2.1124819E+01  5.2239921E+22  7.1799826E-02  4.2715950E+21  6.0685725E-01
    9  6.2724542E+03  3.0409298E-02  2.4124824E+01  5.1481108E+22  9.1720927E-02  3.5127819E+21  8.8324859E-01
   10  7.0524553E+03  3.4190798E-02  2.7124828E+01  5.0787646E+22  1.0607429E-01  2.8193204E+21  1.1920765E+00
   11  7.8324565E+03  3.7972299E-02  3.0124833E+01  5.0236575E+22  1.0607429E-01  2.2682495E+21  1.4728141E+00
   12  8.6124576E+03  4.1753799E-02  3.3124837E+01  4.9729088E+22  1.0695193E-01  1.7607620E+21  1.8762557E+00
   13  9.3924588E+03  4.5535299E-02  3.6124841E+01  4.9288756E+22  1.0400143E-01  1.3204307E+21  2.0732768E+00
   14  1.0172460E+04  4.9316799E-02  3.9124846E+01  4.8898121E+22  1.0258714E-01  9.2979475E+20  2.6677795E+00
   15  1.0952461E+04  5.3098300E-02  4.2124850E+01  4.8546416E+22  9.9740966E-02  5.7808971E+20  3.3194621E+00
   16  1.1732462E+04  5.6879800E-02  4.5124855E+01  4.8334122E+22  9.7706928E-02  3.6579572E+20  4.3966253E+00
   17  1.2512463E+04  6.0661300E-02  4.8124859E+01  4.7973071E+22  9.7706928E-02  1.0000000E-99  4.3966253E+00
   18  1.3292464E+04  6.4442801E-02  5.1124863E+01  4.7969599E+22  6.3704878E-02  1.0000000E-99  1.0000000E-99
   19  1.4072466E+04  6.8224301E-02  5.4124868E+01  4.7965916E+22  1.3465209E-03  1.0000000E-99  1.0000000E-99
   20  1.4852467E+04  7.2005801E-02  5.7124872E+01  4.7962022E+22  1.3465209E-03  1.0000000E-99  1.0000000E-99
   21  1.5632468E+04  7.5787301E-02  6.0124877E+01  4.7957917E+22  1.3465209E-03  1.0000000E-99  1.0000000E-99
   22  1.6412469E+04  7.9568802E-02  6.3124881E+01  4.7953602E+22  1.5048934E-03  1.0000000E-99  1.0000000E-99
   23  1.7192470E+04  8.3350302E-02  6.6124885E+01  4.7949075E+22  1.6721085E-03  1.0000000E-99  1.0000000E-99
   24  1.7972471E+04  8.7131802E-02  6.9124890E+01  4.7944338E+22  1.8481752E-03  1.0000000E-99  1.0000000E-99
   25  1.8752473E+04  9.0913303E-02  7.2124894E+01  4.7939389E+22  2.0331025E-03  1.0000000E-99  1.0000000E-99
   26  1.9532474E+04  9.4694803E-02  7.5124899E+01  4.7934230E+22  2.2269004E-03  1.0000000E-99  1.0000000E-99
   27  2.0312475E+04  9.8476303E-02  7.8124903E+01  4.7928859E+22  2.4295791E-03  1.0000000E-99  1.0000000E-99
   28  2.1092476E+04  1.0225780E-01  8.1124907E+01  4.7923277E+22  2.6411493E-03  1.0000000E-99  1.0000000E-99
   29  2.1872477E+04  1.0603930E-01  8.4124912E+01  4.7917484E+22  2.8616223E-03  1.0000000E-99  1.0000000E-99
   30  2.2652478E+04  1.0982080E-01  8.7124916E+01  4.7911479E+22  3.0910096E-03  1.0000000E-99  1.0000000E-99
   31  2.3432479E+04  1.1360230E-01  9.0124921E+01  4.7905262E+22  3.3293235E-03  1.0000000E-99  1.0000000E-99
   32  2.4212481E+04  1.1738380E-01  9.3124925E+01  4.7898834E+22  3.5765766E-03  1.0000000E-99  1.0000000E-99
   33  2.4992482E+04  1.2116530E-01  9.6124930E+01  4.7892195E+22  3.8327820E-03  1.0000000E-99  1.0000000E-99
   34  2.5772483E+04  1.2494681E-01  9.9124934E+01  4.7885344E+22  4.0979534E-03  1.0000000E-99  1.0000000E-99
   35  2.6552484E+04  1.2872831E-01  1.0212494E+02  4.7878281E+22  4.3721049E-03  1.0000000E-99  1.0000000E-99
   36  2.7332485E+04  1.3250981E-01  1.0512494E+02  4.7871005E+22  4.6552510E-03  1.0000000E-99  1.0000000E-99
   37  2.8112486E+04  1.3629131E-01  1.0812495E+02  4.7863518E+22  4.9474069E-03  1.0000000E-99  1.0000000E-99
   38  2.8892487E+04  1.4007281E-01  1.1112495E+02  4.7855819E+22  5.2485881E-03  1.0000000E-99  1.0000000E-99
   39  2.9672489E+04  1.4385431E-01  1.1412496E+02  4.7847908E+22  5.5588106E-03  1.0000000E-99  1.0000000E-99
   40  3.0452490E+04  1.4763581E-01  1.1712496E+02  4.7839784E+22  5.8780912E-03  1.0000000E-99  1.0000000E-99
   41  3.1232491E+04  1.5141731E-01  1.2012496E+02  4.7831448E+22  6.2064468E-03  1.0000000E-99  1.0000000E-99
   42  3.2012492E+04  1.5519881E-01  1.2312497E+02  4.7822899E+22  6.5438949E-03  1.0000000E-99  1.0000000E-99
   43  3.2792493E+04  1.5898031E-01  1.2612497E+02  4.7814138E+22  6.8904538E-03  1.0000000E-99  1.0000000E-99
   44  3.3572494E+04  1.6276181E-01  1.2912498E+02  4.7805163E+22  7.2461420E-03  1.0000000E-99  1.0000000E-99
   45  3.4352495E+04  1.6654331E-01  1.3212498E+02  4.7795976E+22  7.6109785E-03  1.0000000E-99  1.0000000E-99
   46  3.5132497E+04  1.7032481E-01  1.3512499E+02  4.7786576E+22  7.9849830E-03  1.0000000E-99  1.0000000E-99
   47  3.5912498E+04  1.7410631E-01  1.3812499E+02  4.7776963E+22  8.3681756E-03  1.0000000E-99  1.0000000E-99
   48  3.6692499E+04  1.7788781E-01  1.4112500E+02  4.7767136E+22  8.7605770E-03  1.0000000E-99  1.0000000E-99
   49  3.7472500E+04  1.8166931E-01  1.4412500E+02  4.7757096E+22  9.1622083E-03  1.0000000E-99  1.0000000E-99
   50  3.8252501E+04  1.8545081E-01  1.4712500E+02  4.7746843E+22  9.5730911E-03  1.0000000E-99  1.0000000E-99
   51  3.9032502E+04  1.8923231E-01  1.5012501E+02  4.7736376E+22  9.9932477E-03  1.0000000E-99  1.0000000E-99
   52  3.9812503E+04  1.9301381E-01  1.5312501E+02  4.7725695E+22  1.0422701E-02  1.0000000E-99  1.0000000E-99
   53  4.0592505E+04  1.9679531E-01  1.5612502E+02  4.7714800E+22  1.0861474E-02  1.0000000E-99  1.0000000E-99
   54  4.1372506E+04  2.0057681E-01  1.5912502E+02  4.7703691E+22  1.1309591E-02  1.0000000E-99  1.0000000E-99
   55  4.2152507E+04  2.0435831E-01  1.6212503E+02  4.7692367E+22  1.1767075E-02  1.0000000E-99  1.0000000E-99
   56  4.2932508E+04  2.0813981E-01  1.6512503E+02  4.7680829E+22  1.2233953E-02  1.0000000E-99  1.0000000E-99
   57  4.3712509E+04  2.1192131E-01  1.6812504E+02  4.7669077E+22  1.2710248E-02  1.0000000E-99  1.0000000E-99
   58  4.4492510E+04  2.1570281E-01  1.7112504E+02  4.7657110E+22  1.3195988E-02  1.0000000E-99  1.0000000E-99
   59  4.5272511E+04  2.1948431E-01  1.7412504E+02  4.7644928E+22  1.3691199E-02  1.0000000E-99  1.0000000E-99
   60  4.6052513E+04  2.2326581E-01  1.7712505E+02  4.7632531E+22  1.4195908E-02  1.0000000E-99  1.0000000E-99
   61  4.6832514E+04  2.2704731E-01  1.8012505E+02  4.7619919E+22  1.4710142E-02  1.0000000E-99  1.0000000E-99
   62  4.7612515E+04  2.3082881E-01  1.8312506E+02  4.7607091E+22  1.5233930E-02  1.0000000E-99  1.0000000E-99
   63  4.8392516E+04  2.3461031E-01  1.8612506E+02  4.7594048E+22  1.5767300E-02  1.0000000E-99  1.0000000E-99
   64  4.9172517E+04  2.3839181E-01  1.8912507E+02  4.7580789E+22  1.6310283E-02  1.0000000E-99  1.0000000E-99
   65  4.9952518E+04  2.4217331E-01  1.9212507E+02  4.7567314E+22  1.6862907E-02  1.0000000E-99  1.0000000E-99
   66  5.0732519E+04  2.4595481E-01  1.9512507E+02  4.7553623E+22  1.7425204E-02  1.0000000E-99  1.0000000E-99
   67  5.1512521E+04  2.4973631E-01  1.9812508E+02  4.7539716E+22  1.7997204E-02  1.0000000E-99  1.0000000E-99
   68  5.2292522E+04  2.5351781E-01  2.0112508E+02  4.7525592E+22  1.8578939E-02  1.0000000E-99  1.0000000E-99
   69  5.3072523E+04  2.5729931E-01  2.0412509E+02  4.7511251E+22  1.9170442E-02  1.0000000E-99  1.0000000E-99
   70  5.3852524E+04  2.6108082E-01  2.0712509E+02  4.7496694E+22  1.9771745E-02  1.0000000E-99  1.0000000E-99
   71  5.4632525E+04  2.6486232E-01  2.1012510E+02  4.7481919E+22  2.0382881E-02  1.0000000E-99  1.0000000E-99
   72  5.5412526E+04  2.6864382E-01  2.1312510E+02  4.7466928E+22  2.1003886E-02  1.0000000E-99  1.0000000E-99
   73  5.6192527E+04  2.7242532E-01  2.1612511E+02  4.7451718E+22  2.1634793E-02  1.0000000E-99  1.0000000E-99
   74  5.6972529E+04  2.7620682E-01  2.1912511E+02  4.7436291E+22  2.2275638E-02  1.0000000E-99  1.0000000E-99
   75  5.7752530E+04  2.7998832E-01  2.2212511E+02  4.7420647E+22  2.2926457E-02  1.0000000E-99  1.0000000E-99
   76  5.8532531E+04  2.8376982E-01  2.2512512E+02  4.7404784E+22  2.3587286E-02  1.0000000E-99  1.0000000E-99
   77  5.9312532E+04  2.8755132E-01  2.2812512E+02  4.7388702E+22  2.4258163E-02  1.0000000E-99  1.0000000E-99
   78  6.0092533E+04  2.9133282E-01  2.3112513E+02  4.7372403E+22  2.4939125E-02  1.0000000E-99  1.0000000E-99
   79  6.0872534E+04  2.9511432E-01  2.3412513E+02  4.7355884E+22  2.5630212E-02  1.0000000E-99  1.0000000E-99
   80  6.1652536E+04  2.9889582E-01  2.3712514E+02  4.7339146E+22  2.6331461E-02  1.0000000E-99  1.0000000E-99
   81  6.2432537E+04  3.0267732E-01  2.4012514E+02  4.7322189E+22  2.7042913E-02  1.0000000E-99  1.0000000E-99
   82  6.3212538E+04  3.0645882E-01  2.4312515E+02  4.7305013E+22  2.7764609E-02  1.0000000E-99  1.0000000E-99
   83  6.3992539E+04  3.1024032E-01  2.4612515E+02  4.7287617E+22  2.8496589E-02  1.0000000E-99  1.0000000E-99
   84  6.4772540E+04  3.1402182E-01  2.4912515E+02  4.7270001E+22  2.9238895E-02  1.0000000E-99  1.0000000E-99
   85  6.5552541E+04  3.1780332E-01  2.5212516E+02  4.7252164E+22  2.9991570E-02  1.0000000E-99  1.0000000E-99
   86  6.6332542E+04  3.2158482E-01  2.5512516E+02  4.7234108E+22  3.0754656E-02  1.0000000E-99  1.0000000E-99
   87  6.7112544E+04  3.2536632E-01  2.5812517E+02  4.7215830E+22  3.1528199E-02  1.0000000E-99  1.0000000E-99
   88  6.7892545E+04  3.2914782E-01  2.6112517E+02  4.7197332E+22  3.2312241E-02  1.0000000E-99  1.0000000E-99
   89  6.8672546E+04  3.3292932E-01  2.6412518E+02  4.7178612E+22  3.3106829E-02  1.0000000E-99  1.0000000E-99
   90  6.9452547E+04  3.3671082E-01  2.6712518E+02  4.7159671E+22  3.3912009E-02  1.0000000E-99  1.0000000E-99
   91  7.0232548E+04  3.4049232E-01  2.7012519E+02  4.7140508E+22  3.4727826E-02  1.0000000E-99  1.0000000E-99
   92  7.1012549E+04  3.4427382E-01  2.7312519E+02  4.7121123E+22  3.5554329E-02  1.0000000E-99  1.0000000E-99
   93  7.1792550E+04  3.4805532E-01  2.7612519E+02  4.7101515E+22  3.6391566E-02  1.0000000E-99  1.0000000E-99
   94  7.2572552E+04  3.5183682E-01  2.7912520E+02  4.7081685E+22  3.7239585E-02  1.0000000E-99  1.0000000E-99
   95  7.3352553E+04  3.5561832E-01  2.8212520E+02  4.7061633E+22  3.8098437E-02  1.0000000E-99  1.0000000E-99
   96  7.4132554E+04  3.5939982E-01  2.8512521E+02  4.7041357E+22  3.8968171E-02  1.0000000E-99  1.0000000E-99
   97  7.4912555E+04  3.6318132E-01  2.8812521E+02  4.7020857E+22  3.9848839E-02  1.0000000E-99  1.0000000E-99
   98  7.5692556E+04  3.6696282E-01  2.9112522E+02  4.7000134E+22  4.0740492E-02  1.0000000E-99  1.0000000E-99
   99  7.6472557E+04  3.7074432E-01  2.9412522E+02  4.6979187E+22  4.1643184E-02  1.0000000E-99  1.0000000E-99
  100  7.7252558E+04  3.7452582E-01  2.9712522E+02  4.6958016E+22  4.2556967E-02  1.0000000E-99  1.0000000E-99
  101  7.8032560E+04  3.7830732E-01  3.0012523E+02  4.6936620E+22  4.3481897E-02  1.0000000E-99  1.0000000E-99
  102  7.8812561E+04  3.8208882E-01  3.0312523E+02  4.6914999E+22  4.4418028E-02  1.0000000E-99  1.0000000E-99
  103  7.9592562E+04  3.8587032E-01  3.0612524E+02  4.6893152E+22  4.5365415E-02  1.0000000E-99  1.0000000E-99
  104  8.0372563E+04  3.8965182E-01  3.0912524E+02  4.6871080E+22  4.6324117E-02  1.0000000E-99  1.0000000E-99
  105  8.1152564E+04  3.9343333E-01  3.1212525E+02  4.6848783E+22  4.7294190E-02  1.0000000E-99  1.0000000E-99
  106  8.1932565E+04  3.9721483E-01  3.1512525E+02  4.6826259E+22  4.8275692E-02  1.0000000E-99  1.0000000E-99
  107  8.2712566E+04  4.0099633E-01  3.1812526E+02  4.6803508E+22  4.9268684E-02  1.0000000E-99  1.0000000E-99
  108  8.3492568E+04  4.0477783E-01  3.2112526E+02  4.6780531E+22  5.0273225E-02  1.0000000E-99  1.0000000E-99
  109  8.4272569E+04  4.0855933E-01  3.2412526E+02  4.6757326E+22  5.1289375E-02  1.0000000E-99  1.0000000E-99
  110  8.5052570E+04  4.1234083E-01  3.2712527E+02  4.6733894E+22  5.2317198E-02  1.0000000E-99  1.0000000E-99
  111  8.5832571E+04  4.1612233E-01  3.3012527E+02  4.6710234E+22  5.3356754E-02  1.0000000E-99  1.0000000E-99
  112  8.6612572E+04  4.1990383E-01  3.3312528E+02  4.6686346E+22  5.4408110E-02  1.0000000E-99  1.0000000E-99
  113  8.7392573E+04  4.2368533E-01  3.3612528E+02  4.6662229E+22  5.5471327E-02  1.0000000E-99  1.0000000E-99
  114  8.8172574E+04  4.2746683E-01  3.3912529E+02  4.6637883E+22  5.6546473E-02  1.0000000E-99  1.0000000E-99
  115  8.8952576E+04  4.3124833E-01  3.4212529E+02  4.6613308E+22  5.7633614E-02  1.0000000E-99  1.0000000E-99
  116  8.9732577E+04  4.3502983E-01  3.4512530E+02  4.6588504E+22  5.8732816E-02  1.0000000E-99  1.0000000E-99
  117  9.0512578E+04  4.3881133E-01  3.4812530E+02  4.6563469E+22  5.9844149E-02  1.0000000E-99  1.0000000E-99
  118  9.1292579E+04  4.4259283E-01  3.5112530E+02  4.6538204E+22  6.0967680E-02  1.0000000E-99  1.0000000E-99
  119  9.2072580E+04  4.4637433E-01  3.5412531E+02  4.6512708E+22  6.2103482E-02  1.0000000E-99  1.0000000E-99
  120  9.2852581E+04  4.5015583E-01  3.5712531E+02  4.6486981E+22  6.3251624E-02  1.0000000E-99  1.0000000E-99
  121  9.3632582E+04  4.5393733E-01  3.6012532E+02  4.6461022E+22  6.4412179E-02  1.0000000E-99  1.0000000E-99
  122  9.4412584E+04  4.5771883E-01  3.6312532E+02  4.6434832E+22  6.5585220E-02  1.0000000E-99  1.0000000E-99
  123  9.5192585E+04  4.6150033E-01  3.6612533E+02  4.6408409E+22  6.6770821E-02  1.0000000E-99  1.0000000E-99
  124  9.5972586E+04  4.6528183E-01  3.6912533E+02  4.6381754E+22  6.7969058E-02  1.0000000E-99  1.0000000E-99
  125  9.6752587E+04  4.6906333E-01  3.7212533E+02  4.6354865E+22  6.9180007E-02  1.0000000E-99  1.0000000E-99
  126  9.7532588E+04  4.7284483E-01  3.7512534E+02  4.6327743E+22  7.0403745E-02  1.0000000E-99  1.0000000E-99
  127  9.8312589E+04  4.7662633E-01  3.7812534E+02  4.6300387E+22  7.1640351E-02  1.0000000E-99  1.0000000E-99
  128  9.9092590E+04  4.8040783E-01  3.8112535E+02  4.6272797E+22  7.2889904E-02  1.0000000E-99  1.0000000E-99
  129  9.9872592E+04  4.8418933E-01  3.8412535E+02  4.6244971E+22  7.4152485E-02  1.0000000E-99  1.0000000E-99
  130  1.0065259E+05  4.8797083E-01  3.8712536E+02  4.6216911E+22  7.5428175E-02  1.0000000E-99  1.0000000E-99
  131  1.0143259E+05  4.9175233E-01  3.9012536E+02  4.6188615E+22  7.6717058E-02  1.0000000E-99  1.0000000E-99
  132  1.0221260E+05  4.9553383E-01  3.9312537E+02  4.6160083E+22  7.8019217E-02  1.0000000E-99  1.0000000E-99
  133  1.0299260E+05  4.9931533E-01  3.9612537E+02  4.6131315E+22  7.9334738E-02  1.0000000E-99  1.0000000E-99
  134  1.0377260E+05  5.0309683E-01  3.9912537E+02  4.6102309E+22  8.0663707E-02  1.0000000E-99  1.0000000E-99
  135  1.0455260E+05  5.0687833E-01  4.0212538E+02  4.6073067E+22  8.2006211E-02  1.0000000E-99  1.0000000E-99
  136  1.0533260E+05  5.1065983E-01  4.0512538E+02  4.6043586E+22  8.3362340E-02  1.0000000E-99  1.0000000E-99
  137  1.0611260E+05  5.1444133E-01  4.0812539E+02  4.6013867E+22  8.4732183E-02  1.0000000E-99  1.0000000E-99
  138  1.0689260E+05  5.1822283E-01  4.1112539E+02  4.5983909E+22  8.6115831E-02  1.0000000E-99  1.0000000E-99
  139  1.0767260E+05  5.2200433E-01  4.1412540E+02  4.5953713E+22  8.7513377E-02  1.0000000E-99  1.0000000E-99
  140  1.0845260E+05  5.2578583E-01  4.1712540E+02  4.5923276E+22  8.8924914E-02  1.0000000E-99  1.0000000E-99
  141  1.0923261E+05  5.2956734E-01  4.2012541E+02  4.5892599E+22  9.0350538E-02  1.0000000E-99  1.0000000E-99
  142  1.1001261E+05  5.3334884E-01  4.2312541E+02  4.5861682E+22  9.1790345E-02  1.0000000E-99  1.0000000E-99
  143  1.1079261E+05  5.3713034E-01  4.2612541E+02  4.5830523E+22  9.3244432E-02  1.0000000E-99  1.0000000E-99
  144  1.1157261E+05  5.4091184E-01  4.2912542E+02  4.5799123E+22  9.4712899E-02  1.0000000E-99  1.0000000E-99
  145  1.1235261E+05  5.4469334E-01  4.3212542E+02  4.5767481E+22  9.6195846E-02  1.0000000E-99  1.0000000E-99
  146  1.1313261E+05  5.4847484E-01  4.3512543E+02  4.5735596E+22  9.7693374E-02  1.0000000E-99  1.0000000E-99
  147  1.1391261E+05  5.5225634E-01  4.3812543E+02  4.5703468E+22  9.9205587E-02  1.0000000E-99  1.0000000E-99
  148  1.1469261E+05  5.5603784E-01  4.4112544E+02  4.5671097E+22  1.0073259E-01  1.0000000E-99  1.0000000E-99
  149  1.1547261E+05  5.5981934E-01  4.4412544E+02  4.5638481E+22  1.0227449E-01  1.0000000E-99  1.0000000E-99
  150  1.1625262E+05  5.6360084E-01  4.4712545E+02  4.5605620E+22  1.0383139E-01  1.0000000E-99  1.0000000E-99
  151  1.1703262E+05  5.6738234E-01  4.5012545E+02  4.5572515E+22  1.0540340E-01  1.0000000E-99  1.0000000E-99
  152  1.1781262E+05  5.7116384E-01  4.5312545E+02  4.5539163E+22  1.0699063E-01  1.0000000E-99  1.0000000E-99
  153  1.1859262E+05  5.7494534E-01  4.5612546E+02  4.5505565E+22  1.0859320E-01  1.0000000E-99  1.0000000E-99
  154  1.1937262E+05  5.7872684E-01  4.5912546E+02  4.5471721E+22  1.1021121E-01  1.0000000E-99  1.0000000E-99
  155  1.2015262E+05  5.8250834E-01  4.6212547E+02  4.5437629E+22  1.1184479E-01  1.0000000E-99  1.0000000E-99
  156  1.2093262E+05  5.8628984E-01  4.6512547E+02  4.5403289E+22  1.1349404E-01  1.0000000E-99  1.0000000E-99
  157  1.2171262E+05  5.9007134E-01  4.6812548E+02  4.5368700E+22  1.1515909E-01  1.0000000E-99  1.0000000E-99
  158  1.2249262E+05  5.9385284E-01  4.7112548E+02  4.5333863E+22  1.1684006E-01  1.0000000E-99  1.0000000E-99
  159  1.2327263E+05  5.9763434E-01  4.7412548E+02  4.5298776E+22  1.1853707E-01  1.0000000E-99  1.0000000E-99
  160  1.2405263E+05  6.0141584E-01  4.7712549E+02  4.5263438E+22  1.2025024E-01  1.0000000E-99  1.0000000E-99
  161  1.2483263E+05  6.0519734E-01  4.8012549E+02  4.5227850E+22  1.2197969E-01  1.0000000E-99  1.0000000E-99
  162  1.2561263E+05  6.0897884E-01  4.8312550E+02  4.5192010E+22  1.2372556E-01  1.0000000E-99  1.0000000E-99
  163  1.2639263E+05  6.1276034E-01  4.8612550E+02  4.5155919E+22  1.2548797E-01  1.0000000E-99  1.0000000E-99
  164  1.2717263E+05  6.1654184E-01  4.8912551E+02  4.5119574E+22  1.2726705E-01  1.0000000E-99  1.0000000E-99
  165  1.2795263E+05  6.2032334E-01  4.9212551E+02  4.5082977E+22  1.2906294E-01  1.0000000E-99  1.0000000E-99
  166  1.2873263E+05  6.2410484E-01  4.9512552E+02  4.5046126E+22  1.3087576E-01  1.0000000E-99  1.0000000E-99
  167  1.2951264E+05  6.2788634E-01  4.9812552E+02  4.5009020E+22  1.3270565E-01  1.0000000E-99  1.0000000E-99
  168  1.3029264E+05  6.3166784E-01  5.0112552E+02  4.4971659E+22  1.3455276E-01  1.0000000E-99  1.0000000E-99
  169  1.3107264E+05  6.3544934E-01  5.0412553E+02  4.4934042E+22  1.3641722E-01  1.0000000E-99  1.0000000E-99
  170  1.3185264E+05  6.3923084E-01  5.0712553E+02  4.4896169E+22  1.3829917E-01  1.0000000E-99  1.0000000E-99
  171  1.3263264E+05  6.4301234E-01  5.1012554E+02  4.4858039E+22  1.4019875E-01  1.0000000E-99  1.0000000E-99
  172  1.3341264E+05  6.4679384E-01  5.1312554E+02  4.4819652E+22  1.4211612E-01  1.0000000E-99  1.0000000E-99
  173  1.3419264E+05  6.5057534E-01  5.1612555E+02  4.4781005E+22  1.4405141E-01  1.0000000E-99  1.0000000E-99
  174  1.3497264E+05  6.5435684E-01  5.1912555E+02  4.4742100E+22  1.4600478E-01  1.0000000E-99  1.0000000E-99
  175  1.3575264E+05  6.5813834E-01  5.2212556E+02  4.4702936E+22  1.4797638E-01  1.0000000E-99  1.0000000E-99
  176  1.3653265E+05  6.6191985E-01  5.2512556E+02  4.4663510E+22  1.4996636E-01  1.0000000E-99  1.0000000E-99
  177  1.3731265E+05  6.6570135E-01  5.2812556E+02  4.4623824E+22  1.5197488E-01  1.0000000E-99  1.0000000E-99
  178  1.3809265E+05  6.6948285E-01  5.3112557E+02  4.4583876E+22  1.5400210E-01  1.0000000E-99  1.0000000E-99
  179  1.3887265E+05  6.7326435E-01  5.3412557E+02  4.4543666E+22  1.5604818E-01  1.0000000E-99  1.0000000E-99
  180  1.3965265E+05  6.7704585E-01  5.3712558E+02  4.4503192E+22  1.5811328E-01  1.0000000E-99  1.0000000E-99
  181  1.4043265E+05  6.8082735E-01  5.4012558E+02  4.4462455E+22  1.6019757E-01  1.0000000E-99  1.0000000E-99
  182  1.4121265E+05  6.8460885E-01  5.4312559E+02  4.4421453E+22  1.6230120E-01  1.0000000E-99  1.0000000E-99
  183  1.4199265E+05  6.8839035E-01  5.4612559E+02  4.4380185E+22  1.6442437E-01  1.0000000E-99  1.0000000E-99
  184  1.4277265E+05  6.9217185E-01  5.4912559E+02  4.4338651E+22  1.6656722E-01  1.0000000E-99  1.0000000E-99
  185  1.4355266E+05  6.9595335E-01  5.5212560E+02  4.4296851E+22  1.6872995E-01  1.0000000E-99  1.0000000E-99
  186  1.4433266E+05  6.9973485E-01  5.5512560E+02  4.4254783E+22  1.7091272E-01  1.0000000E-99  1.0000000E-99
  187  1.4511266E+05  7.0351635E-01  5.5812561E+02  4.4212447E+22  1.7311573E-01  1.0000000E-99  1.0000000E-99
  188  1.4589266E+05  7.0729785E-01  5.6112561E+02  4.4169841E+22  1.7533914E-01  1.0000000E-99  1.0000000E-99
  189  1.4667266E+05  7.1107935E-01  5.6412562E+02  4.4126966E+22  1.7758315E-01  1.0000000E-99  1.0000000E-99
  190  1.4745266E+05  7.1486085E-01  5.6712562E+02  4.4083819E+22  1.7984794E-01  1.0000000E-99  1.0000000E-99
  191  1.4823266E+05  7.1864235E-01  5.7012563E+02  4.4040402E+22  1.8213370E-01  1.0000000E-99  1.0000000E-99
  192  1.4901266E+05  7.2242385E-01  5.7312563E+02  4.3996712E+22  1.8444063E-01  1.0000000E-99  1.0000000E-99
  193  1.4979266E+05  7.2620535E-01  5.7612563E+02  4.3952749E+22  1.8676892E-01  1.0000000E-99  1.0000000E-99
  194  1.5057267E+05  7.2998685E-01  5.7912564E+02  4.3908512E+22  1.8911877E-01  1.0000000E-99  1.0000000E-99
  195  1.5135267E+05  7.3376835E-01  5.8212564E+02  4.3864000E+22  1.9149039E-01  1.0000000E-99  1.0000000E-99
  196  1.5213267E+05  7.3754985E-01  5.8512565E+02  4.3819213E+22  1.9388398E-01  1.0000000E-99  1.0000000E-99
  197  1.5291267E+05  7.4133135E-01  5.8812565E+02  4.3774149E+22  1.9629974E-01  1.0000000E-99  1.0000000E-99
  198  1.5369267E+05  7.4511285E-01  5.9112566E+02  4.3728808E+22  1.9873789E-01  1.0000000E-99  1.0000000E-99
  199  1.5447267E+05  7.4889435E-01  5.9412566E+02  4.3683188E+22  2.0119864E-01  1.0000000E-99  1.0000000E-99
  200  1.5525267E+05  7.5267585E-01  5.9712567E+02  4.3637290E+22  2.0368221E-01  1.0000000E-99  1.0000000E-99
  201  1.5603267E+05  7.5645735E-01  6.0012567E+02  4.3591112E+22  2.0618882E-01  1.0000000E-99  1.0000000E-99
  202  1.5681268E+05  7.6023885E-01  6.0312567E+02  4.3544653E+22  2.0871869E-01  1.0000000E-99  1.0000000E-99
  203  1.5759268E+05  7.6402035E-01  6.0612568E+02  4.3497912E+22  2.1127205E-01  1.0000000E-99  1.0000000E-99
  204  1.5837268E+05  7.6780185E-01  6.0912568E+02  4.3450889E+22  2.1384914E-01  1.0000000E-99  1.0000000E-99
  205  1.5915268E+05  7.7158335E-01  6.1212569E+02  4.3403582E+22  2.1645018E-01  1.0000000E-99  1.0000000E-99
  206  1.5993268E+05  7.7536485E-01  6.1512569E+02  4.3355990E+22  2.1907541E-01  1.0000000E-99  1.0000000E-99
  207  1.6071268E+05  7.7914635E-01  6.1812570E+02  4.3308114E+22  2.2172508E-01  1.0000000E-99  1.0000000E-99
  208  1.6149268E+05  7.8292785E-01  6.2112570E+02  4.3259950E+22  2.2439943E-01  1.0000000E-99  1.0000000E-99
  209  1.6227268E+05  7.8670935E-01  6.2412570E+02  4.3211500E+22  2.2709870E-01  1.0000000E-99  1.0000000E-99
  210  1.6305268E+05  7.9049085E-01  6.2712571E+02  4.3162761E+22  2.2982316E-01  1.0000000E-99  1.0000000E-99
  211  1.6383269E+05  7.9427236E-01  6.3012571E+02  4.3113733E+22  2.3257305E-01  1.0000000E-99  1.0000000E-99
  212  1.6461269E+05  7.9805386E-01  6.3312572E+02  4.3064415E+22  2.3534864E-01  1.0000000E-99  1.0000000E-99
  213  1.6539269E+05  8.0183536E-01  6.3612572E+02  4.3014806E+22  2.3815019E-01  1.0000000E-99  1.0000000E-99
  214  1.6617269E+05  8.0561686E-01  6.3912573E+02  4.2964904E+22  2.4097797E-01  1.0000000E-99  1.0000000E-99
  215  1.6695269E+05  8.0939836E-01  6.4212573E+02  4.2914709E+22  2.4383225E-01  1.0000000E-99  1.0000000E-99
  216  1.6773269E+05  8.1317986E-01  6.4512574E+02  4.2864220E+22  2.4671331E-01  1.0000000E-99  1.0000000E-99
  217  1.6851269E+05  8.1696136E-01  6.4812574E+02  4.2813435E+22  2.4962144E-01  1.0000000E-99  1.0000000E-99
  218  1.6929269E+05  8.2074286E-01  6.5112574E+02  4.2762354E+22  2.5255691E-01  1.0000000E-99  1.0000000E-99
  219  1.7007269E+05  8.2452436E-01  6.5412575E+02  4.2710976E+22  2.5552001E-01  1.0000000E-99  1.0000000E-99
  220  1.7085270E+05  8.2830586E-01  6.5712575E+02  4.2659299E+22  2.5851105E-01  1.0000000E-99  1.0000000E-99
  221  1.7163270E+05  8.3208736E-01  6.6012576E+02  4.2607322E+22  2.6153031E-01  1.0000000E-99  1.0000000E-99
  222  1.7241270E+05  8.3586886E-01  6.6312576E+02  4.2555045E+22  2.6457811E-01  1.0000000E-99  1.0000000E-99
  223  1.7319270E+05  8.3965036E-01  6.6612577E+02  4.2502466E+22  2.6765475E-01  1.0000000E-99  1.0000000E-99
  224  1.7397270E+05  8.4343186E-01  6.6912577E+02  4.2449583E+22  2.7076055E-01  1.0000000E-99  1.0000000E-99
  225  1.7475270E+05  8.4721336E-01  6.7212578E+02  4.2396397E+22  2.7389582E-01  1.0000000E-99  1.0000000E-99
  226  1.7553270E+05  8.5099486E-01  6.7512578E+02  4.2342906E+22  2.7706090E-01  1.0000000E-99  1.0000000E-99
  227  1.7631270E+05  8.5477636E-01  6.7812578E+02  4.2289108E+22  2.8025610E-01  1.0000000E-99  1.0000000E-99
  228  1.7709271E+05  8.5855786E-01  6.8112579E+02  4.2235003E+22  2.8348177E-01  1.0000000E-99  1.0000000E-99
  229  1.7787271E+05  8.6233936E-01  6.8412579E+02  4.2180589E+22  2.8673823E-01  1.0000000E-99  1.0000000E-99
  230  1.7865271E+05  8.6612086E-01  6.8712580E+02  4.2125865E+22  2.9002585E-01  1.0000000E-99  1.0000000E-99
  231  1.7943271E+05  8.6990236E-01  6.9012580E+02  4.2070830E+22  2.9334497E-01  1.0000000E-99  1.0000000E-99
  232  1.8021271E+05  8.7368386E-01  6.9312581E+02  4.2015482E+22  2.9669594E-01  1.0000000E-99  1.0000000E-99
  233  1.8099271E+05  8.7746536E-01  6.9612581E+02  4.1959821E+22  3.0007913E-01  1.0000000E-99  1.0000000E-99
  234  1.8177271E+05  8.8124686E-01  6.9912582E+02  4.1903845E+22  3.0349491E-01  1.0000000E-99  1.0000000E-99
  235  1.8255271E+05  8.8502836E-01  7.0212582E+02  4.1847553E+22  3.0694366E-01  1.0000000E-99  1.0000000E-99
  236  1.8333271E+05  8.8880986E-01  7.0512582E+02  4.1790943E+22  3.1042574E-01  1.0000000E-99  1.0000000E-99
  237  1.8411272E+05  8.9259136E-01  7.0812583E+02  4.1734015E+22  3.1394156E-01  1.0000000E-99  1.0000000E-99
  238  1.8489272E+05  8.9637286E-01  7.1112583E+02  4.1676767E+22  3.1749151E-01  1.0000000E-99  1.0000000E-99
  239  1.8567272E+05  9.0015436E-01  7.1412584E+02  4.1619198E+22  3.2107598E-01  1.0000000E-99  1.0000000E-99
  240  1.8645272E+05  9.0393586E-01  7.1712584E+02  4.1561306E+22  3.2469538E-01  1.0000000E-99  1.0000000E-99
  241  1.8723272E+05  9.0771736E-01  7.2012585E+02  4.1503090E+22  3.2835013E-01  1.0000000E-99  1.0000000E-99
  242  1.8801272E+05  9.1149886E-01  7.2312585E+02  4.1444548E+22  3.3204066E-01  1.0000000E-99  1.0000000E-99
  243  1.8879272E+05  9.1528036E-01  7.2612585E+02  4.1385680E+22  3.3576738E-01  1.0000000E-99  1.0000000E-99
  244  1.8957272E+05  9.1906186E-01  7.2912586E+02  4.1326484E+22  3.3953073E-01  1.0000000E-99  1.0000000E-99
  245  1.9035272E+05  9.2284336E-01  7.3212586E+02  4.1266958E+22  3.4333116E-01  1.0000000E-99  1.0000000E-99
  246  1.9113273E+05  9.2662486E-01  7.3512587E+02  4.1207101E+22  3.4716912E-01  1.0000000E-99  1.0000000E-99
  247  1.9191273E+05  9.3040637E-01  7.3812587E+02  4.1146912E+22  3.5104506E-01  1.0000000E-99  1.0000000E-99
  248  1.9269273E+05  9.3418787E-01  7.4112588E+02  4.1086388E+22  3.5495946E-01  1.0000000E-99  1.0000000E-99
  249  1.9347273E+05  9.3796937E-01  7.4412588E+02  4.1025530E+22  3.5891279E-01  1.0000000E-99  1.0000000E-99
  250  1.9425273E+05  9.4175087E-01  7.4712589E+02  4.0964335E+22  3.6290553E-01  1.0000000E-99  1.0000000E-99
  251  1.9503273E+05  9.4553237E-01  7.5012589E+02  4.0902801E+22  3.6693818E-01  1.0000000E-99  1.0000000E-99
  252  1.9581273E+05  9.4931387E-01  7.5312589E+02  4.0840927E+22  3.7101122E-01  1.0000000E-99  1.0000000E-99
  253  1.9659273E+05  9.5309537E-01  7.5612590E+02  4.0778712E+22  3.7512519E-01  1.0000000E-99  1.0000000E-99
  254  1.9737273E+05  9.5687687E-01  7.5912590E+02  4.0716154E+22  3.7928058E-01  1.0000000E-99  1.0000000E-99
  255  1.9815274E+05  9.6065837E-01  7.6212591E+02  4.0653251E+22  3.8347794E-01  1.0000000E-99  1.0000000E-99
  256  1.9893274E+05  9.6443987E-01  7.6512591E+02  4.0590002E+22  3.8771780E-01  1.0000000E-99  1.0000000E-99
  257  1.9971274E+05  9.6822137E-01  7.6812592E+02  4.0526406E+22  3.9200070E-01  1.0000000E-99  1.0000000E-99
  258  2.0049274E+05  9.7200287E-01  7.7112592E+02  4.0462459E+22  3.9632720E-01  1.0000000E-99  1.0000000E-99
  259  2.0127274E+05  9.7578437E-01  7.7412593E+02  4.0398162E+22  4.0069787E-01  1.0000000E-99  1.0000000E-99
  260  2.0205274E+05  9.7956587E-01  7.7712593E+02  4.0333512E+22  4.0511329E-01  1.0000000E-99  1.0000000E-99
  261  2.0283274E+05  9.8334737E-01  7.8012593E+02  4.0268508E+22  4.0957404E-01  1.0000000E-99  1.0000000E-99
  262  2.0361274E+05  9.8712887E-01  7.8312594E+02  4.0203147E+22  4.1408073E-01  1.0000000E-99  1.0000000E-99
  263  2.0439275E+05  9.9091037E-01  7.8612594E+02  4.0137428E+22  4.1863396E-01  1.0000000E-99  1.0000000E-99
  264  2.0517275E+05  9.9469187E-01  7.8912595E+02  4.0071350E+22  4.2323436E-01  1.0000000E-99  1.0000000E-99
  265  2.0595275E+05  9.9847337E-01  7.9212595E+02  4.0004910E+22  4.2788255E-01  1.0000000E-99  1.0000000E-99
  266  2.0673275E+05  1.0022549E+00  7.9512596E+02  3.9938106E+22  4.3257919E-01  1.0000000E-99  1.0000000E-99
  267  2.0751275E+05  1.0060364E+00  7.9812596E+02  3.9870938E+22  4.3732493E-01  1.0000000E-99  1.0000000E-99
  268  2.0829275E+05  1.0098179E+00  8.0112596E+02  3.9803403E+22  4.4212043E-01  1.0000000E-99  1.0000000E-99
  269  2.0907275E+05  1.0135994E+00  8.0412597E+02  3.9735498E+22  4.4696639E-01  1.0000000E-99  1.0000000E-99
  270  2.0985275E+05  1.0173809E+00  8.0712597E+02  3.9667224E+22  4.5186350E-01  1.0000000E-99  1.0000000E-99
  271  2.1063275E+05  1.0211624E+00  8.1012598E+02  3.9598576E+22  4.5681246E-01  1.0000000E-99  1.0000000E-99
  272  2.1141276E+05  1.0249439E+00  8.1312598E+02  3.9529554E+22  4.6181400E-01  1.0000000E-99  1.0000000E-99
  273  2.1219276E+05  1.0287254E+00  8.1612599E+02  3.9460155E+22  4.6686885E-01  1.0000000E-99  1.0000000E-99
  274  2.1297276E+05  1.0325069E+00  8.1912599E+02  3.9390378E+22  4.7197777E-01  1.0000000E-99  1.0000000E-99
  275  2.1375276E+05  1.0362884E+00  8.2212600E+02  3.9320220E+22  4.7714152E-01  1.0000000E-99  1.0000000E-99
  276  2.1453276E+05  1.0400699E+00  8.2512600E+02  3.9249679E+22  4.8236088E-01  1.0000000E-99  1.0000000E-99
  277  2.1531276E+05  1.0438514E+00  8.2812600E+02  3.9178754E+22  4.8763665E-01  1.0000000E-99  1.0000000E-99
  278  2.1609276E+05  1.0476329E+00  8.3112601E+02  3.9107442E+22  4.9296963E-01  1.0000000E-99  1.0000000E-99
  279  2.1687276E+05  1.0514144E+00  8.3412601E+02  3.9035741E+22  4.9836066E-01  1.0000000E-99  1.0000000E-99
  280  2.1765276E+05  1.0551959E+00  8.3712602E+02  3.8963649E+22  5.0381057E-01  1.0000000E-99  1.0000000E-99
  281  2.1843277E+05  1.0589774E+00  8.4012602E+02  3.8891164E+22  5.0932024E-01  1.0000000E-99  1.0000000E-99
  282  2.1921277E+05  1.0627589E+00  8.4312603E+02  3.8818284E+22  5.1489054E-01  1.0000000E-99  1.0000000E-99
  283  2.1999277E+05  1.0665404E+00  8.4612603E+02  3.8745006E+22  5.2052236E-01  1.0000000E-99  1.0000000E-99
  284  2.2077277E+05  1.0703219E+00  8.4912604E+02  3.8671328E+22  5.2621662E-01  1.0000000E-99  1.0000000E-99
  285  2.2155277E+05  1.0741034E+00  8.5212604E+02  3.8597247E+22  5.3197426E-01  1.0000000E-99  1.0000000E-99
  286  2.2233277E+05  1.0778849E+00  8.5512604E+02  3.8522762E+22  5.3779622E-01  1.0000000E-99  1.0000000E-99
  287  2.2311277E+05  1.0816664E+00  8.5812605E+02  3.8447871E+22  5.4368348E-01  1.0000000E-99  1.0000000E-99
  288  2.2389277E+05  1.0854479E+00  8.6112605E+02  3.8372570E+22  5.4963703E-01  1.0000000E-99  1.0000000E-99
  289  2.2467277E+05  1.0892294E+00  8.6412606E+02  3.8296857E+22  5.5565789E-01  1.0000000E-99  1.0000000E-99
  290  2.2545278E+05  1.0930109E+00  8.6712606E+02  3.8220731E+22  5.6174708E-01  1.0000000E-99  1.0000000E-99
  291  2.2623278E+05  1.0967924E+00  8.7012607E+02  3.8144187E+22  5.6790568E-01  1.0000000E-99  1.0000000E-99
  292  2.2701278E+05  1.1005739E+00  8.7312607E+02  3.8067225E+22  5.7413474E-01  1.0000000E-99  1.0000000E-99
  293  2.2779278E+05  1.1043554E+00  8.7612608E+02  3.7989841E+22  5.8043539E-01  1.0000000E-99  1.0000000E-99
  294  2.2857278E+05  1.1081369E+00  8.7912608E+02  3.7912033E+22  5.8680873E-01  1.0000000E-99  1.0000000E-99
  295  2.2935278E+05  1.1119184E+00  8.8212608E+02  3.7833797E+22  5.9325593E-01  1.0000000E-99  1.0000000E-99
  296  2.3013278E+05  1.1156999E+00  8.8512609E+02  3.7755133E+22  5.9977816E-01  1.0000000E-99  1.0000000E-99
  297  2.3091278E+05  1.1194814E+00  8.8812609E+02  3.7676036E+22  6.0637662E-01  1.0000000E-99  1.0000000E-99
  298  2.3169279E+05  1.1232629E+00  8.9112610E+02  3.7596504E+22  6.1305253E-01  1.0000000E-99  1.0000000E-99
  299  2.3247279E+05  1.1270444E+00  8.9412610E+02  3.7516535E+22  6.1980715E-01  1.0000000E-99  1.0000000E-99
  300  2.3325279E+05  1.1308259E+00  8.9712611E+02  3.7436125E+22  6.2664177E-01  1.0000000E-99  1.0000000E-99
  301  2.3403279E+05  1.1346074E+00  9.0012611E+02  3.7355272E+22  6.3355768E-01  1.0000000E-99  1.0000000E-99
  302  2.3481279E+05  1.1383889E+00  9.0312611E+02  3.7273972E+22  6.4055624E-01  1.0000000E-99  1.0000000E-99
  303  2.3559279E+05  1.1421704E+00  9.0612612E+02  3.7192223E+22  6.4763880E-01  1.0000000E-99  1.0000000E-99
  304  2.3637279E+05  1.1459519E+00  9.0912612E+02  3.7110023E+22  6.5480678E-01  1.0000000E-99  1.0000000E-99
  305  2.3715279E+05  1.1497334E+00  9.1212613E+02  3.7027367E+22  6.6206161E-01  1.0000000E-99  1.0000000E-99
  306  2.3793279E+05  1.1535149E+00  9.1512613E+02  3.6944253E+22  6.6940474E-01  1.0000000E-99  1.0000000E-99
  307  2.3871280E+05  1.1572964E+00  9.1812614E+02  3.6860677E+22  6.7683768E-01  1.0000000E-99  1.0000000E-99
  308  2.3949280E+05  1.1610779E+00  9.2112614E+02  3.6776638E+22  6.8436197E-01  1.0000000E-99  1.0000000E-99
  309  2.4027280E+05  1.1648594E+00  9.2412615E+02  3.6692130E+22  6.9197917E-01  1.0000000E-99  1.0000000E-99
  310  2.4105280E+05  1.1686409E+00  9.2712615E+02  3.6607152E+22  6.9969089E-01  1.0000000E-99  1.0000000E-99
  311  2.4183280E+05  1.1724224E+00  9.3012615E+02  3.6521700E+22  7.0749878E-01  1.0000000E-99  1.0000000E-99
  312  2.4261280E+05  1.1762039E+00  9.3312616E+02  3.6435770E+22  7.1540451E-01  1.0000000E-99  1.0000000E-99
  313  2.4339280E+05  1.1799854E+00  9.3612616E+02  3.6349359E+22  7.2340982E-01  1.0000000E-99  1.0000000E-99
  314  2.4417280E+05  1.1837669E+00  9.3912617E+02  3.6262464E+22  7.3151646E-01  1.0000000E-99  1.0000000E-99
  315  2.4495280E+05  1.1875484E+00  9.4212617E+02  3.6175081E+22  7.3972625E-01  1.0000000E-99  1.0000000E-99
  316  2.4573281E+05  1.1913299E+00  9.4512618E+02  3.6087207E+22  7.4804103E-01  1.0000000E-99  1.0000000E-99
  317  2.4651281E+05  1.1951114E+00  9.4812618E+02  3.5998838E+22  7.5646271E-01  1.0000000E-99  1.0000000E-99
  318  2.4729281E+05  1.1988929E+00  9.5112619E+02  3.5909970E+22  7.6499322E-01  1.0000000E-99  1.0000000E-99
  319  2.4807281E+05  1.2026744E+00  9.5412619E+02  3.5820600E+22  7.7363456E-01  1.0000000E-99  1.0000000E-99
  320  2.4885281E+05  1.2064559E+00  9.5712619E+02  3.5730724E+22  7.8238876E-01  1.0000000E-99  1.0000000E-99
  321  2.4963281E+05  1.2102374E+00  9.6012620E+02  3.5640338E+22  7.9125792E-01  1.0000000E-99  1.0000000E-99
  322  2.5041281E+05  1.2140189E+00  9.6312620E+02  3.5549438E+22  8.0024419E-01  1.0000000E-99  1.0000000E-99
  323  2.5119281E+05  1.2178004E+00  9.6612621E+02  3.5458020E+22  8.0934976E-01  1.0000000E-99  1.0000000E-99
  324  2.5197282E+05  1.2215819E+00  9.6912621E+02  3.5366081E+22  8.1857689E-01  1.0000000E-99  1.0000000E-99
  325  2.5275282E+05  1.2253634E+00  9.7212622E+02  3.5273616E+22  8.2792788E-01  1.0000000E-99  1.0000000E-99
  326  2.5353282E+05  1.2291449E+00  9.7512622E+02  3.5180621E+22  8.3740512E-01  1.0000000E-99  1.0000000E-99
  327  2.5431282E+05  1.2329264E+00  9.7812622E+02  3.5087092E+22  8.4701103E-01  1.0000000E-99  1.0000000E-99
  328  2.5509282E+05  1.2367079E+00  9.8112623E+02  3.4993024E+22  8.5674812E-01  1.0000000E-99  1.0000000E-99
  329  2.5587282E+05  1.2404894E+00  9.8412623E+02  3.4898413E+22  8.6661894E-01  1.0000000E-99  1.0000000E-99
  330  2.5665282E+05  1.2442709E+00  9.8712624E+02  3.4803256E+22  8.7662613E-01  1.0000000E-99  1.0000000E-99
  331  2.5743282E+05  1.2480524E+00  9.9012624E+02  3.4707546E+22  8.8677239E-01  1.0000000E-99  1.0000000E-99
  332  2.5821282E+05  1.2518339E+00  9.9312625E+02  3.4611280E+22  8.9706050E-01  1.0000000E-99  1.0000000E-99
  333  2.5899283E+05  1.2556154E+00  9.9612625E+02  3.4514453E+22  9.0749329E-01  1.0000000E-99  1.0000000E-99
  334  2.5977283E+05  1.2593969E+00  9.9912626E+02  3.4417060E+22  9.1807371E-01  1.0000000E-99  1.0000000E-99
  335  2.6055283E+05  1.2631784E+00  1.0021263E+03  3.4319097E+22  9.2880475E-01  1.0000000E-99  1.0000000E-99
  336  2.6133283E+05  1.2669599E+00  1.0051263E+03  3.4220559E+22  9.3968950E-01  1.0000000E-99  1.0000000E-99
  337  2.6211283E+05  1.2707414E+00  1.0081263E+03  3.4121439E+22  9.5073115E-01  1.0000000E-99  1.0000000E-99
  338  2.6289283E+05  1.2745229E+00  1.0111263E+03  3.4021735E+22  9.6193295E-01  1.0000000E-99  1.0000000E-99
  339  2.6367283E+05  1.2783044E+00  1.0141263E+03  3.3921440E+22  9.7329826E-01  1.0000000E-99  1.0000000E-99
  340  2.6445283E+05  1.2820859E+00  1.0171263E+03  3.3820548E+22  9.8483053E-01  1.0000000E-99  1.0000000E-99
  341  2.6523283E+05  1.2858674E+00  1.0201263E+03  3.3719056E+22  9.9653331E-01  1.0000000E-99  1.0000000E-99
  342  2.6601284E+05  1.2896489E+00  1.0231263E+03  3.3616957E+22  1.0084103E+00  1.0000000E-99  1.0000000E-99
  343  2.6679284E+05  1.2934304E+00  1.0261263E+03  3.3514245E+22  1.0204651E+00  1.0000000E-99  1.0000000E-99
  344  2.6757284E+05  1.2972119E+00  1.0291263E+03  3.3410916E+22  1.0327018E+00  1.0000000E-99  1.0000000E-99
  345  2.6835284E+05  1.3009934E+00  1.0321263E+03  3.3306963E+22  1.0451242E+00  1.0000000E-99  1.0000000E-99
  346  2.6913284E+05  1.3047749E+00  1.0351263E+03  3.3202381E+22  1.0577365E+00  1.0000000E-99  1.0000000E-99
  347  2.6991284E+05  1.3085564E+00  1.0381263E+03  3.3097163E+22  1.0705429E+00  1.0000000E-99  1.0000000E-99
  348  2.7069284E+05  1.3123379E+00  1.0411263E+03  3.2991303E+22  1.0835477E+00  1.0000000E-99  1.0000000E-99
  349  2.7147284E+05  1.3161194E+00  1.0441263E+03  3.2884796E+22  1.0967554E+00  1.0000000E-99  1.0000000E-99
  350  2.7225284E+05  1.3199009E+00  1.0471263E+03  3.2777634E+22  1.1101707E+00  1.0000000E-99  1.0000000E-99
  351  2.7303285E+05  1.3236824E+00  1.0501263E+03  3.2669813E+22  1.1237982E+00  1.0000000E-99  1.0000000E-99
  352  2.7381285E+05  1.3274639E+00  1.0531263E+03  3.2561324E+22  1.1376430E+00  1.0000000E-99  1.0000000E-99
  353  2.7459285E+05  1.3312454E+00  1.0561263E+03  3.2452161E+22  1.1517100E+00  1.0000000E-99  1.0000000E-99
  354  2.7537285E+05  1.3350269E+00  1.0591263E+03  3.2342318E+22  1.1660045E+00  1.0000000E-99  1.0000000E-99
  355  2.7615285E+05  1.3388084E+00  1.0621263E+03  3.2231787E+22  1.1805318E+00  1.0000000E-99  1.0000000E-99
  356  2.7693285E+05  1.3425899E+00  1.0651264E+03  3.2120561E+22  1.1952975E+00  1.0000000E-99  1.0000000E-99
  357  2.7771285E+05  1.3463714E+00  1.0681264E+03  3.2008634E+22  1.2103074E+00  1.0000000E-99  1.0000000E-99
  358  2.7849285E+05  1.3501529E+00  1.0711264E+03  3.1895997E+22  1.2255674E+00  1.0000000E-99  1.0000000E-99
  359  2.7927286E+05  1.3539344E+00  1.0741264E+03  3.1782644E+22  1.2410835E+00  1.0000000E-99  1.0000000E-99
  360  2.8005286E+05  1.3577159E+00  1.0771264E+03  3.1668566E+22  1.2568622E+00  1.0000000E-99  1.0000000E-99
  361  2.8083286E+05  1.3614974E+00  1.0801264E+03  3.1553756E+22  1.2729098E+00  1.0000000E-99  1.0000000E-99
  362  2.8161286E+05  1.3652789E+00  1.0831264E+03  3.1438205E+22  1.2892332E+00  1.0000000E-99  1.0000000E-99
  363  2.8239286E+05  1.3690604E+00  1.0861264E+03  3.1321906E+22  1.3058394E+00  1.0000000E-99  1.0000000E-99
  364  2.8317286E+05  1.3728419E+00  1.0891264E+03  3.1204849E+22  1.3227355E+00  1.0000000E-99  1.0000000E-99
  365  2.8395286E+05  1.3766234E+00  1.0921264E+03  3.1087028E+22  1.3399291E+00  1.0000000E-99  1.0000000E-99
  366  2.8473286E+05  1.3804049E+00  1.0951264E+03  3.0968432E+22  1.3574277E+00  1.0000000E-99  1.0000000E-99
  367  2.8551286E+05  1.3841864E+00  1.0981264E+03  3.0849053E+22  1.3752395E+00  1.0000000E-99  1.0000000E-99
  368  2.8629287E+05  1.3879679E+00  1.1011264E+03  3.0728881E+22  1.3933727E+00  1.0000000E-99  1.0000000E-99
  369  2.8707287E+05  1.3917494E+00  1.1041264E+03  3.0607908E+22  1.4118359E+00  1.0000000E-99  1.0000000E-99
  370  2.8785287E+05  1.3955309E+00  1.1071264E+03  3.0486124E+22  1.4306379E+00  1.0000000E-99  1.0000000E-99
  371  2.8863287E+05  1.3993124E+00  1.1101264E+03  3.0363519E+22  1.4497879E+00  1.0000000E-99  1.0000000E-99
  372  2.8941287E+05  1.4030939E+00  1.1131264E+03  3.0240083E+22  1.4692955E+00  1.0000000E-99  1.0000000E-99
  373  2.9019287E+05  1.4068754E+00  1.1161264E+03  3.0115805E+22  1.4891706E+00  1.0000000E-99  1.0000000E-99
  374  2.9097287E+05  1.4106569E+00  1.1191264E+03  2.9990677E+22  1.5094234E+00  1.0000000E-99  1.0000000E-99
  375  2.9175287E+05  1.4144384E+00  1.1221264E+03  2.9864685E+22  1.5300645E+00  1.0000000E-99  1.0000000E-99
  376  2.9253287E+05  1.4182199E+00  1.1251264E+03  2.9737821E+22  1.5511051E+00  1.0000000E-99  1.0000000E-99
  377  2.9331288E+05  1.4220014E+00  1.1281264E+03  2.9610072E+22  1.5725565E+00  1.0000000E-99  1.0000000E-99
  378  2.9409288E+05  1.4257829E+00  1.1311264E+03  2.9481427E+22  1.5944307E+00  1.0000000E-99  1.0000000E-99
  379  2.9487288E+05  1.4295644E+00  1.1341265E+03  2.9351875E+22  1.6167401E+00  1.0000000E-99  1.0000000E-99
  380  2.9565288E+05  1.4333459E+00  1.1371265E+03  2.9221402E+22  1.6394975E+00  1.0000000E-99  1.0000000E-99
  381  2.9643288E+05  1.4371274E+00  1.1401265E+03  2.9089998E+22  1.6627164E+00  1.0000000E-99  1.0000000E-99
  382  2.9721288E+05  1.4409089E+00  1.1431265E+03  2.8957648E+22  1.6864106E+00  1.0000000E-99  1.0000000E-99
  383  2.9799288E+05  1.4446904E+00  1.1461265E+03  2.8824341E+22  1.7105947E+00  1.0000000E-99  1.0000000E-99
  384  2.9877288E+05  1.4484719E+00  1.1491265E+03  2.8690062E+22  1.7352837E+00  1.0000000E-99  1.0000000E-99
  385  2.9955288E+05  1.4522534E+00  1.1521265E+03  2.8554798E+22  1.7604934E+00  1.0000000E-99  1.0000000E-99
  386  3.0033289E+05  1.4560349E+00  1.1551265E+03  2.8418535E+22  1.7862401E+00  1.0000000E-99  1.0000000E-99
  387  3.0111289E+05  1.4598164E+00  1.1581265E+03  2.8281259E+22  1.8125409E+00  1.0000000E-99  1.0000000E-99
  388  3.0189289E+05  1.4635979E+00  1.1611265E+03  2.8142955E+22  1.8394137E+00  1.0000000E-99  1.0000000E-99
  389  3.0267289E+05  1.4673794E+00  1.1641265E+03  2.8003607E+22  1.8668769E+00  1.0000000E-99  1.0000000E-99
  390  3.0345289E+05  1.4711609E+00  1.1671265E+03  2.7863199E+22  1.8949499E+00  1.0000000E-99  1.0000000E-99
  391  3.0423289E+05  1.4749424E+00  1.1701265E+03  2.7721717E+22  1.9236532E+00  1.0000000E-99  1.0000000E-99
  392  3.0501289E+05  1.4787239E+00  1.1731265E+03  2.7579142E+22  1.9530077E+00  1.0000000E-99  1.0000000E-99
  393  3.0579289E+05  1.4825054E+00  1.1761265E+03  2.7435459E+22  1.9830356E+00  1.0000000E-99  1.0000000E-99
  394  3.0657290E+05  1.4862869E+00  1.1791265E+03  2.7290649E+22  2.0137600E+00  1.0000000E-99  1.0000000E-99
  395  3.0735290E+05  1.4900684E+00  1.1821265E+03  2.7144695E+22  2.0452052E+00  1.0000000E-99  1.0000000E-99
  396  3.0813290E+05  1.4938499E+00  1.1851265E+03  2.6997578E+22  2.0773965E+00  1.0000000E-99  1.0000000E-99
  397  3.0891290E+05  1.4976314E+00  1.1881265E+03  2.6849279E+22  2.1103605E+00  1.0000000E-99  1.0000000E-99
  398  3.0969290E+05  1.5014129E+00  1.1911265E+03  2.6699778E+22  2.1441249E+00  1.0000000E-99  1.0000000E-99
  399  3.1047290E+05  1.5051944E+00  1.1941265E+03  2.6549055E+22  2.1787189E+00  1.0000000E-99  1.0000000E-99
  400  3.1125290E+05  1.5089759E+00  1.1971265E+03  2.6397089E+22  2.2141732E+00  1.0000000E-99  1.0000000E-99
  401  3.1203290E+05  1.5127574E+00  1.2001266E+03  2.6243859E+22  2.2505199E+00  1.0000000E-99  1.0000000E-99
  402  3.1281290E+05  1.5165389E+00  1.2031266E+03  2.6089341E+22  2.2877927E+00  1.0000000E-99  1.0000000E-99
  403  3.1359291E+05  1.5203204E+00  1.2061266E+03  2.5933514E+22  2.3260272E+00  1.0000000E-99  1.0000000E-99
  404  3.1437291E+05  1.5241019E+00  1.2091266E+03  2.5776353E+22  2.3652607E+00  1.0000000E-99  1.0000000E-99
  405  3.1515291E+05  1.5278834E+00  1.2121266E+03  2.5617834E+22  2.4055324E+00  1.0000000E-99  1.0000000E-99
  406  3.1593291E+05  1.5316649E+00  1.2151266E+03  2.5457931E+22  2.4468838E+00  1.0000000E-99  1.0000000E-99
  407  3.1671291E+05  1.5354464E+00  1.2181266E+03  2.5296618E+22  2.4893584E+00  1.0000000E-99  1.0000000E-99
  408  3.1749291E+05  1.5392279E+00  1.2211266E+03  2.5133869E+22  2.5330022E+00  1.0000000E-99  1.0000000E-99
  409  3.1827291E+05  1.5430094E+00  1.2241266E+03  2.4969654E+22  2.5778638E+00  1.0000000E-99  1.0000000E-99
  410  3.1905291E+05  1.5467909E+00  1.2271266E+03  2.4803945E+22  2.6239945E+00  1.0000000E-99  1.0000000E-99
  411  3.1983291E+05  1.5505724E+00  1.2301266E+03  2.4636712E+22  2.6714484E+00  1.0000000E-99  1.0000000E-99
  412  3.2061292E+05  1.5543539E+00  1.2331266E+03  2.4467924E+22  2.7202828E+00  1.0000000E-99  1.0000000E-99
  413  3.2139292E+05  1.5581354E+00  1.2361266E+03  2.4297547E+22  2.7705584E+00  1.0000000E-99  1.0000000E-99
  414  3.2217292E+05  1.5619169E+00  1.2391266E+03  2.4125549E+22  2.8223395E+00  1.0000000E-99  1.0000000E-99
  415  3.2295292E+05  1.5656984E+00  1.2421266E+03  2.3951894E+22  2.8756942E+00  1.0000000E-99  1.0000000E-99
  416  3.2373292E+05  1.5694799E+00  1.2451266E+03  2.3776547E+22  2.9306950E+00  1.0000000E-99  1.0000000E-99
  417  3.2451292E+05  1.5732614E+00  1.2481266E+03  2.3599469E+22  2.9874186E+00  1.0000000E-99  1.0000000E-99
  418  3.2529292E+05  1.5770429E+00  1.2511266E+03  2.3420621E+22  3.0459468E+00  1.0000000E-99  1.0000000E-99
  419  3.2607292E+05  1.5808244E+00  1.2541266E+03  2.3239962E+22  3.1063665E+00  1.0000000E-99  1.0000000E-99
  420  3.2685292E+05  1.5846059E+00  1.2571266E+03  2.3057450E+22  3.1687705E+00  1.0000000E-99  1.0000000E-99
  421  3.2763293E+05  1.5883874E+00  1.2601266E+03  2.2873041E+22  3.2332575E+00  1.0000000E-99  1.0000000E-99
  422  3.2841293E+05  1.5921689E+00  1.2631266E+03  2.2686687E+22  3.2999330E+00  1.0000000E-99  1.0000000E-99
  423  3.2919293E+05  1.5959504E+00  1.2661266E+03  2.2498342E+22  3.3689097E+00  1.0000000E-99  1.0000000E-99
  424  3.2997293E+05  1.5997319E+00  1.2691267E+03  2.2307953E+22  3.4403082E+00  1.0000000E-99  1.0000000E-99
  425  3.3075293E+05  1.6035134E+00  1.2721267E+03  2.2115470E+22  3.5142578E+00  1.0000000E-99  1.0000000E-99
  426  3.3153293E+05  1.6072949E+00  1.2751267E+03  2.1920835E+22  3.5908969E+00  1.0000000E-99  1.0000000E-99
  427  3.3231293E+05  1.6110764E+00  1.2781267E+03  2.1723993E+22  3.6703745E+00  1.0000000E-99  1.0000000E-99
  428  3.3309293E+05  1.6148579E+00  1.2811267E+03  2.1524881E+22  3.7528503E+00  1.0000000E-99  1.0000000E-99
  429  3.3387294E+05  1.6186394E+00  1.2841267E+03  2.1323437E+22  3.8384966E+00  1.0000000E-99  1.0000000E-99
  430  3.3465294E+05  1.6224209E+00  1.2871267E+03  2.1119593E+22  3.9274991E+00  1.0000000E-99  1.0000000E-99
  431  3.3543294E+05  1.6262024E+00  1.2901267E+03  2.0913281E+22  4.0200583E+00  1.0000000E-99  1.0000000E-99
  432  3.3621294E+05  1.6299839E+00  1.2931267E+03  2.0704424E+22  4.1163908E+00  1.0000000E-99  1.0000000E-99
  433  3.3699294E+05  1.6337654E+00  1.2961267E+03  2.0492947E+22  4.2167313E+00  1.0000000E-99  1.0000000E-99
  434  3.3777294E+05  1.6375469E+00  1.2991267E+03  2.0278767E+22  4.3213345E+00  1.0000000E-99  1.0000000E-99
  435  3.3855294E+05  1.6413284E+00  1.3021267E+03  2.0061797E+22  4.4304770E+00  1.0000000E-99  1.0000000E-99
  436  3.3933294E+05  1.6451099E+00  1.3051267E+03  1.9841946E+22  4.5444599E+00  1.0000000E-99  1.0000000E-99
  437  3.4011294E+05  1.6488914E+00  1.3081267E+03  1.9619117E+22  4.6636115E+00  1.0000000E-99  1.0000000E-99
  438  3.4089295E+05  1.6526729E+00  1.3111267E+03  1.9393207E+22  4.7882906E+00  1.0000000E-99  1.0000000E-99
  439  3.4167295E+05  1.6564544E+00  1.3141267E+03  1.9164108E+22  4.9188898E+00  1.0000000E-99  1.0000000E-99
  440  3.4245295E+05  1.6602359E+00  1.3171267E+03  1.8931703E+22  5.0558400E+00  1.0000000E-99  1.0000000E-99
  441  3.4323295E+05  1.6640174E+00  1.3201267E+03  1.8695870E+22  5.1996149E+00  1.0000000E-99  1.0000000E-99
  442  3.4401295E+05  1.6677989E+00  1.3231267E+03  1.8456476E+22  5.3507365E+00  1.0000000E-99  1.0000000E-99
  443  3.4479295E+05  1.6715804E+00  1.3261267E+03  1.8213383E+22  5.5097813E+00  1.0000000E-99  1.0000000E-99
  444  3.4557295E+05  1.6753619E+00  1.3291267E+03  1.7966438E+22  5.6773881E+00  1.0000000E-99  1.0000000E-99
  445  3.4635295E+05  1.6791434E+00  1.3321267E+03  1.7715482E+22  5.8542659E+00  1.0000000E-99  1.0000000E-99
  446  3.4713295E+05  1.6829249E+00  1.3351267E+03  1.7460341E+22  6.0412043E+00  1.0000000E-99  1.0000000E-99
  447  3.4791296E+05  1.6867064E+00  1.3381268E+03  1.7200830E+22  6.2390855E+00  1.0000000E-99  1.0000000E-99
  448  3.4869296E+05  1.6904879E+00  1.3411268E+03  1.6936746E+22  6.4488975E+00  1.0000000E-99  1.0000000E-99
  449  3.4947296E+05  1.6942694E+00  1.3441268E+03  1.6667874E+22  6.6717514E+00  1.0000000E-99  1.0000000E-99
  450  3.5025296E+05  1.6980509E+00  1.3471268E+03  1.6393976E+22  6.9089004E+00  1.0000000E-99  1.0000000E-99
  451  3.5103296E+05  1.7018324E+00  1.3501268E+03  1.6114798E+22  7.1617636E+00  1.0000000E-99  1.0000000E-99
  452  3.5181296E+05  1.7056139E+00  1.3531268E+03  1.5830059E+22  7.4319546E+00  1.0000000E-99  1.0000000E-99
  453  3.5259296E+05  1.7093954E+00  1.3561268E+03  1.5539455E+22  7.7213155E+00  1.0000000E-99  1.0000000E-99
  454  3.5337296E+05  1.7131769E+00  1.3591268E+03  1.5242649E+22  8.0319596E+00  1.0000000E-99  1.0000000E-99
  455  3.5415297E+05  1.7169584E+00  1.3621268E+03  1.4939272E+22  8.3663222E+00  1.0000000E-99  1.0000000E-99
  456  3.5493297E+05  1.7207399E+00  1.3651268E+03  1.4628915E+22  8.7272252E+00  1.0000000E-99  1.0000000E-99
  457  3.5571297E+05  1.7245214E+00  1.3681268E+03  1.4311124E+22  9.1179568E+00  1.0000000E-99  1.0000000E-99
  458  3.5649297E+05  1.7283029E+00  1.3711268E+03  1.3985392E+22  9.5423717E+00  1.0000000E-99  1.0000000E-99
  459  3.5727297E+05  1.7320844E+00  1.3741268E+03  1.3651151E+22  1.0005019E+01  1.0000000E-99  1.0000000E-99
  460  3.5805297E+05  1.7358659E+00  1.3771268E+03  1.3307759E+22  1.0511305E+01  1.0000000E-99  1.0000000E-99
  461  3.5883297E+05  1.7396474E+00  1.3801268E+03  1.2954490E+22  1.1067708E+01  1.0000000E-99  1.0000000E-99
  462  3.5961297E+05  1.7434289E+00  1.3831268E+03  1.2590511E+22  1.1682052E+01  1.0000000E-99  1.0000000E-99
  463  3.6039297E+05  1.7472104E+00  1.3861268E+03  1.2214866E+22  1.2363885E+01  1.0000000E-99  1.0000000E-99
  464  3.6117298E+05  1.7509919E+00  1.3891268E+03  1.1826442E+22  1.3124969E+01  1.0000000E-99  1.0000000E-99
  465  3.6195298E+05  1.7547734E+00  1.3921268E+03  1.1423936E+22  1.3979973E+01  1.0000000E-99  1.0000000E-99
  466  3.6273298E+05  1.7585549E+00  1.3951268E+03  1.1005803E+22  1.4947426E+01  1.0000000E-99  1.0000000E-99
  467  3.6351298E+05  1.7623364E+00  1.3981268E+03  1.0570190E+22  1.6051073E+01  1.0000000E-99  1.0000000E-99
  468  3.6429298E+05  1.7661179E+00  1.4011268E+03  1.0114837E+22  1.7321857E+01  1.0000000E-99  1.0000000E-99
  469  3.6507298E+05  1.7698994E+00  1.4041269E+03  9.6369472E+21  1.8800866E+01  1.0000000E-99  1.0000000E-99
  470  3.6585298E+05  1.7736809E+00  1.4071269E+03  9.1329834E+21  2.0543870E+01  1.0000000E-99  1.0000000E-99
  471  3.6663298E+05  1.7774624E+00  1.4101269E+03  8.5983620E+21  2.2628524E+01  1.0000000E-99  1.0000000E-99
  472  3.6741298E+05  1.7812439E+00  1.4131269E+03  8.0269597E+21  2.5166282E+01  1.0000000E-99  1.0000000E-99
  473  3.6819299E+05  1.7850254E+00  1.4161269E+03  7.4102729E+21  2.8323061E+01  1.0000000E-99  1.0000000E-99
  474  3.6897299E+05  1.7888069E+00  1.4191269E+03  6.7358753E+21  3.2357195E+01  1.0000000E-99  1.0000000E-99
  475  3.6975299E+05  1.7925884E+00  1.4221269E+03  5.9842875E+21  3.7694348E+01  1.0000000E-99  1.0000000E-99
  476  3.7053299E+05  1.7963699E+00  1.4251269E+03  5.1216391E+21  4.5089668E+01  1.0000000E-99  1.0000000E-99
  477  3.7131299E+05  1.8001514E+00  1.4281269E+03  4.0780492E+21  5.6024914E+01  1.0000000E-99  1.0000000E-99
  478  3.7209299E+05  1.8039329E+00  1.4311269E+03  2.6475638E+21  7.3868431E+01  1.0000000E-99  1.0000000E-99
  479  3.7287299E+05  1.8077144E+00  1.4341269E+03  2.1507633E-06  1.0835485E+02  1.0000000E-99  1.0000000E-99
  480  3.7365299E+05  1.8114959E+00  1.4371269E+03  2.1507633E-06  1.0835485E+02  1.0000000E-99  1.0000000E-99
  481  3.7443299E+05  1.8152774E+00  1.4401269E+03  2.1507633E-06  1.0000000E-99  1.0000000E-99  1.0000000E-99
  482  3.7521300E+05  1.8190589E+00  1.4431269E+03  2.1507633E-06  1.0000000E-99  1.0000000E-99  1.0000000E-99
  483  3.7599300E+05  1.8228404E+00  1.4461269E+03  2.1507633E-06  1.0000000E-99  1.0000000E-99  1.0000000E-99
  484  3.7677300E+05  1.8266219E+00  1.4491269E+03  2.1507633E-06  1.0000000E-99  1.0000000E-99  1.0000000E-99
  485  3.7755300E+05  1.8304034E+00  1.4521269E+03  2.1507633E-06  1.0000000E-99  1.0000000E-99  1.0000000E-99
  486  3.7833300E+05  1.8341849E+00  1.4551269E+03  2.1507633E-06  1.0000000E-99  1.0000000E-99  1.0000000E-99
  487  3.7911300E+05  1.8379664E+00  1.4581269E+03  2.1507633E-06  1.0000000E-99  1.0000000E-99  1.0000000E-99
  488  3.7989300E+05  1.8417479E+00  1.4611269E+03  2.1507633E-06  1.0000000E-99  1.0000000E-99  1.0000000E-99
  489  3.8067300E+05  1.8455294E+00  1.4641269E+03  2.1507633E-06  1.0000000E-99  1.0000000E-99  1.0000000E-99
  490  3.8145301E+05  1.8493109E+00  1.4671269E+03  2.1507633E-06  1.0000000E-99  1.0000000E-99  1.0000000E-99
  491  3.8223301E+05  1.8530924E+00  1.4701269E+03  2.1507633E-06  1.0000000E-99  1.0000000E-99  1.0000000E-99
  492  3.8301301E+05  1.8568739E+00  1.4731270E+03  2.1507633E-06  1.0000000E-99  1.0000000E-99  1.0000000E-99
  493  3.8379301E+05  1.8606554E+00  1.4761270E+03  2.1507633E-06  1.0000000E-99  1.0000000E-99  1.0000000E-99
  494  3.8457301E+05  1.8644369E+00  1.4791270E+03  2.1507633E-06  1.0000000E-99  1.0000000E-99  1.0000000E-99
  495  3.8535301E+05  1.8682184E+00  1.4821270E+03  2.1507633E-06  1.0000000E-99  1.0000000E-99  1.0000000E-99
  496  3.8613301E+05  1.8719999E+00  1.4851270E+03  2.1507633E-06  1.0000000E-99  1.0000000E-99  1.0000000E-99
  497  3.8691301E+05  1.8757814E+00  1.4881270E+03  2.1507633E-06  1.0000000E-99  1.0000000E-99  1.0000000E-99
  498  3.8769301E+05  1.8795629E+00  1.4911270E+03  2.1507633E-06  1.0000000E-99  1.0000000E-99  1.0000000E-99
  499  3.8847302E+05  1.8833444E+00  1.4941270E+03  2.1507633E-06  1.0000000E-99  1.0000000E-99  1.0000000E-99
  500  3.8925302E+05  1.8871259E+00  1.4971270E+03  2.1507633E-06  1.0000000E-99  1.0000000E-99  1.0000000E-99
  501  3.9003302E+05  1.8909074E+00  1.5001270E+03  2.1507633E-06  1.0000000E-99  1.0000000E-99  1.0000000E-99
  502  3.9081302E+05  1.8946889E+00  1.5031270E+03  2.1507633E-06  1.0000000E-99  1.0000000E-99  1.0000000E-99
  503  3.9159302E+05  1.8984704E+00  1.5061270E+03  2.1507633E-06  1.0000000E-99  1.0000000E-99  1.0000000E-99
  504  3.9237302E+05  1.9022519E+00  1.5091270E+03  2.1507633E-06  1.0000000E-99  1.0000000E-99  1.0000000E-99
  505  3.9315302E+05  1.9060334E+00  1.5121270E+03  2.1507633E-06  1.0000000E-99  1.0000000E-99  1.0000000E-99
  506  3.9393302E+05  1.9098149E+00  1.5151270E+03  2.1507633E-06  1.0000000E-99  1.0000000E-99  1.0000000E-99
  507  3.9471302E+05  1.9135964E+00  1.5181270E+03  2.1507633E-06  1.0000000E-99  1.0000000E-99  1.0000000E-99
  508  3.9549303E+05  1.9173779E+00  1.5211270E+03  2.1507633E-06  1.0000000E-99  1.0000000E-99  1.0000000E-99
  509  3.9627303E+05  1.9211594E+00  1.5241270E+03  2.1507633E-06  1.0000000E-99  1.0000000E-99  1.0000000E-99
  510  3.9705303E+05  1.9249409E+00  1.5271270E+03  2.1507633E-06  1.0000000E-99  1.0000000E-99  1.0000000E-99
  511  3.9783303E+05  1.9287224E+00  1.5301270E+03  2.1507633E-06  1.0000000E-99  1.0000000E-99  1.0000000E-99
  512  3.9861303E+05  1.9325039E+00  1.5331270E+03  2.1507633E-06  1.0000000E-99  1.0000000E-99  1.0000000E-99
  513  3.9939303E+05  1.9362854E+00  1.5361270E+03  2.1507633E-06  1.0000000E-99  1.0000000E-99  1.0000000E-99
  514  4.0017303E+05  1.9400669E+00  1.5391270E+03  2.1507633E-06  1.0000000E-99  1.0000000E-99  1.0000000E-99
  515  4.0095303E+05  1.9438484E+00  1.5421271E+03  2.1507633E-06  1.0000000E-99  1.0000000E-99  1.0000000E-99
  516  4.0173303E+05  1.9476299E+00  1.5451271E+03  2.1507633E-06  1.0000000E-99  1.0000000E-99  1.0000000E-99
  517  4.0251304E+05  1.9514114E+00  1.5481271E+03  2.1507633E-06  1.0000000E-99  1.0000000E-99  1.0000000E-99
  518  4.0329304E+05  1.9551929E+00  1.5511271E+03  2.1507633E-06  1.0000000E-99  1.0000000E-99  1.0000000E-99
  519  4.0407304E+05  1.9589744E+00  1.5541271E+03  2.1507633E-06  1.0000000E-99  1.0000000E-99  1.0000000E-99
  520  4.0485304E+05  1.9627559E+00  1.5571271E+03  2.1507633E-06  1.0000000E-99  1.0000000E-99  1.0000000E-99
  521  4.0563304E+05  1.9665374E+00  1.5601271E+03  2.1507633E-06  1.0000000E-99  1.0000000E-99  1.0000000E-99
  522  4.0641304E+05  1.9703189E+00  1.5631271E+03  2.1507633E-06  1.0000000E-99  1.0000000E-99  1.0000000E-99
  523  4.0719304E+05  1.9741004E+00  1.5661271E+03  2.1507633E-06  1.0000000E-99  1.0000000E-99  1.0000000E-99
  524  4.0797304E+05  1.9778819E+00  1.5691271E+03  2.1507633E-06  1.0000000E-99  1.0000000E-99  1.0000000E-99
  525  4.0875305E+05  1.9816634E+00  1.5721271E+03  2.1507633E-06  1.0000000E-99  1.0000000E-99  1.0000000E-99
