! Date: 14/08/2026  Time: 14:16:59  Created by RADMC3D compiled on Aug 14 2026 12:46    
! Alexander Men’shchikov, DAp IRFU CEA Saclay, France                         
!
! RADIAL PROFILES OF SURFACE DENSITIES (cm^-2)
!
! Distance (pc): 2.60000000E+02  Mass-averaged Tdust (K): 1.30740192E+01
!
!   N   RADIUS(au)     RADIUS(pc)     RADIUS(as)      PROFILE        SLOPE          PROFILEBS      SLOPEBS
!
    1  3.6630828E+01  1.7758883E-04  1.4088780E-01  1.3188391E+22  4.2135940E-03  1.2813653E+22  4.3376547E-03
    2  8.1650767E+02  3.9584865E-03  3.1404141E+00  1.3017015E+22  4.2135940E-03  1.2642278E+22  4.3376547E-03
    3  1.5963845E+03  7.7393841E-03  6.1399404E+00  1.2521318E+22  4.2135940E-03  1.2146580E+22  4.3376547E-03
    4  2.3762614E+03  1.1520282E-02  9.1394667E+00  1.1753127E+22  4.2135940E-03  1.1378389E+22  4.3376547E-03
    5  3.1561382E+03  1.5301179E-02  1.2138993E+01  1.0785821E+22  5.7907549E-02  1.0411084E+22  5.9658807E-02
    6  3.9360150E+03  1.9082077E-02  1.5138519E+01  9.7047683E+21  1.5916393E-01  9.3300305E+21  1.6423824E-01
    7  4.7158919E+03  2.2862975E-02  1.8138046E+01  8.5685849E+21  3.0260952E-01  8.1938471E+21  3.1303162E-01
    8  5.4957687E+03  2.6643872E-02  2.1137572E+01  7.3747415E+21  4.7828676E-01  7.0000037E+21  4.9648075E-01
    9  6.2756456E+03  3.0424770E-02  2.4137098E+01  6.3037194E+21  6.8880485E-01  5.9289817E+21  7.1834538E-01
   10  7.0555224E+03  3.4205668E-02  2.7136625E+01  5.1951522E+21  9.8040603E-01  4.8204144E+21  1.0289624E+00
   11  7.8353992E+03  3.7986565E-02  3.0136151E+01  4.1744576E+21  1.1825434E+00  3.7997199E+21  1.2514006E+00
   12  8.6152761E+03  4.1767463E-02  3.3135677E+01  3.1623372E+21  1.6512155E+00  2.7875994E+21  1.7671392E+00
   13  9.3951529E+03  4.5548361E-02  3.6135204E+01  2.0038502E+21  2.0864076E+00  1.6291124E+21  2.2694566E+00
   14  1.0175030E+04  4.9329258E-02  3.9134730E+01  3.7477997E+20  2.9264143E+00  1.0000000E-99  2.2694566E+00
   15  1.0954907E+04  5.3110156E-02  4.2134256E+01  3.7474480E+20  2.9264143E+00  1.0000000E-99  1.0000000E-99
   16  1.1734783E+04  5.6891054E-02  4.5133782E+01  3.7470703E+20  1.4658075E-03  1.0000000E-99  1.0000000E-99
   17  1.2514660E+04  6.0671951E-02  4.8133309E+01  3.7466665E+20  1.4658075E-03  1.0000000E-99  1.0000000E-99
   18  1.3294537E+04  6.4452849E-02  5.1132835E+01  3.7462365E+20  1.4658075E-03  1.0000000E-99  1.0000000E-99
   19  1.4074414E+04  6.8233746E-02  5.4132361E+01  3.7457805E+20  1.6750422E-03  1.0000000E-99  1.0000000E-99
   20  1.4854291E+04  7.2014644E-02  5.7131888E+01  3.7452983E+20  1.8983004E-03  1.0000000E-99  1.0000000E-99
   21  1.5634168E+04  7.5795542E-02  6.0131414E+01  3.7447900E+20  2.1356007E-03  1.0000000E-99  1.0000000E-99
   22  1.6414044E+04  7.9576439E-02  6.3130940E+01  3.7442556E+20  2.3869630E-03  1.0000000E-99  1.0000000E-99
   23  1.7193921E+04  8.3357337E-02  6.6130467E+01  3.7436950E+20  2.6524084E-03  1.0000000E-99  1.0000000E-99
   24  1.7973798E+04  8.7138235E-02  6.9129993E+01  3.7431083E+20  2.9319591E-03  1.0000000E-99  1.0000000E-99
   25  1.8753675E+04  9.0919132E-02  7.2129519E+01  3.7424953E+20  3.2256386E-03  1.0000000E-99  1.0000000E-99
   26  1.9533552E+04  9.4700030E-02  7.5129046E+01  3.7418562E+20  3.5334717E-03  1.0000000E-99  1.0000000E-99
   27  2.0313429E+04  9.8480928E-02  7.8128572E+01  3.7411909E+20  3.8554841E-03  1.0000000E-99  1.0000000E-99
   28  2.1093306E+04  1.0226183E-01  8.1128098E+01  3.7404994E+20  4.1917030E-03  1.0000000E-99  1.0000000E-99
   29  2.1873182E+04  1.0604272E-01  8.4127625E+01  3.7397816E+20  4.5421567E-03  1.0000000E-99  1.0000000E-99
   30  2.2653059E+04  1.0982362E-01  8.7127151E+01  3.7390376E+20  4.9068748E-03  1.0000000E-99  1.0000000E-99
   31  2.3432936E+04  1.1360452E-01  9.0126677E+01  3.7382673E+20  5.2858881E-03  1.0000000E-99  1.0000000E-99
   32  2.4212813E+04  1.1738542E-01  9.3126203E+01  3.7374708E+20  5.6792286E-03  1.0000000E-99  1.0000000E-99
   33  2.4992690E+04  1.2116631E-01  9.6125730E+01  3.7366480E+20  6.0869296E-03  1.0000000E-99  1.0000000E-99
   34  2.5772567E+04  1.2494721E-01  9.9125256E+01  3.7357988E+20  6.5090257E-03  1.0000000E-99  1.0000000E-99
   35  2.6552443E+04  1.2872811E-01  1.0212478E+02  3.7349233E+20  6.9455526E-03  1.0000000E-99  1.0000000E-99
   36  2.7332320E+04  1.3250901E-01  1.0512431E+02  3.7340215E+20  7.3965476E-03  1.0000000E-99  1.0000000E-99
   37  2.8112197E+04  1.3628990E-01  1.0812384E+02  3.7330933E+20  7.8620488E-03  1.0000000E-99  1.0000000E-99
   38  2.8892074E+04  1.4007080E-01  1.1112336E+02  3.7321387E+20  8.3420961E-03  1.0000000E-99  1.0000000E-99
   39  2.9671951E+04  1.4385170E-01  1.1412289E+02  3.7311577E+20  8.8367303E-03  1.0000000E-99  1.0000000E-99
   40  3.0451828E+04  1.4763260E-01  1.1712241E+02  3.7301503E+20  9.3459937E-03  1.0000000E-99  1.0000000E-99
   41  3.1231704E+04  1.5141349E-01  1.2012194E+02  3.7291164E+20  9.8699298E-03  1.0000000E-99  1.0000000E-99
   42  3.2011581E+04  1.5519439E-01  1.2312147E+02  3.7280561E+20  1.0408584E-02  1.0000000E-99  1.0000000E-99
   43  3.2791458E+04  1.5897529E-01  1.2612099E+02  3.7269693E+20  1.0962001E-02  1.0000000E-99  1.0000000E-99
   44  3.3571335E+04  1.6275619E-01  1.2912052E+02  3.7258559E+20  1.1530231E-02  1.0000000E-99  1.0000000E-99
   45  3.4351212E+04  1.6653709E-01  1.3212005E+02  3.7247160E+20  1.2113320E-02  1.0000000E-99  1.0000000E-99
   46  3.5131089E+04  1.7031798E-01  1.3511957E+02  3.7235495E+20  1.2711320E-02  1.0000000E-99  1.0000000E-99
   47  3.5910966E+04  1.7409888E-01  1.3811910E+02  3.7223565E+20  1.3324283E-02  1.0000000E-99  1.0000000E-99
   48  3.6690842E+04  1.7787978E-01  1.4111862E+02  3.7211368E+20  1.3952261E-02  1.0000000E-99  1.0000000E-99
   49  3.7470719E+04  1.8166068E-01  1.4411815E+02  3.7198905E+20  1.4595309E-02  1.0000000E-99  1.0000000E-99
   50  3.8250596E+04  1.8544157E-01  1.4711768E+02  3.7186175E+20  1.5253483E-02  1.0000000E-99  1.0000000E-99
   51  3.9030473E+04  1.8922247E-01  1.5011720E+02  3.7173179E+20  1.5926840E-02  1.0000000E-99  1.0000000E-99
   52  3.9810350E+04  1.9300337E-01  1.5311673E+02  3.7159915E+20  1.6615438E-02  1.0000000E-99  1.0000000E-99
   53  4.0590227E+04  1.9678427E-01  1.5611626E+02  3.7146383E+20  1.7319338E-02  1.0000000E-99  1.0000000E-99
   54  4.1370103E+04  2.0056516E-01  1.5911578E+02  3.7132584E+20  1.8038602E-02  1.0000000E-99  1.0000000E-99
   55  4.2149980E+04  2.0434606E-01  1.6211531E+02  3.7118516E+20  1.8773293E-02  1.0000000E-99  1.0000000E-99
   56  4.2929857E+04  2.0812696E-01  1.6511483E+02  3.7104181E+20  1.9523475E-02  1.0000000E-99  1.0000000E-99
   57  4.3709734E+04  2.1190786E-01  1.6811436E+02  3.7089576E+20  2.0289215E-02  1.0000000E-99  1.0000000E-99
   58  4.4489611E+04  2.1568875E-01  1.7111389E+02  3.7074702E+20  2.1070579E-02  1.0000000E-99  1.0000000E-99
   59  4.5269488E+04  2.1946965E-01  1.7411341E+02  3.7059559E+20  2.1867638E-02  1.0000000E-99  1.0000000E-99
   60  4.6049364E+04  2.2325055E-01  1.7711294E+02  3.7044146E+20  2.2680461E-02  1.0000000E-99  1.0000000E-99
   61  4.6829241E+04  2.2703145E-01  1.8011247E+02  3.7028464E+20  2.3509122E-02  1.0000000E-99  1.0000000E-99
   62  4.7609118E+04  2.3081235E-01  1.8311199E+02  3.7012510E+20  2.4353694E-02  1.0000000E-99  1.0000000E-99
   63  4.8388995E+04  2.3459324E-01  1.8611152E+02  3.6996286E+20  2.5214252E-02  1.0000000E-99  1.0000000E-99
   64  4.9168872E+04  2.3837414E-01  1.8911105E+02  3.6979791E+20  2.6090874E-02  1.0000000E-99  1.0000000E-99
   65  4.9948749E+04  2.4215504E-01  1.9211057E+02  3.6963025E+20  2.6983639E-02  1.0000000E-99  1.0000000E-99
   66  5.0728626E+04  2.4593594E-01  1.9511010E+02  3.6945986E+20  2.7892626E-02  1.0000000E-99  1.0000000E-99
   67  5.1508502E+04  2.4971683E-01  1.9810962E+02  3.6928676E+20  2.8817918E-02  1.0000000E-99  1.0000000E-99
   68  5.2288379E+04  2.5349773E-01  2.0110915E+02  3.6911093E+20  2.9759598E-02  1.0000000E-99  1.0000000E-99
   69  5.3068256E+04  2.5727863E-01  2.0410868E+02  3.6893237E+20  3.0717753E-02  1.0000000E-99  1.0000000E-99
   70  5.3848133E+04  2.6105953E-01  2.0710820E+02  3.6875107E+20  3.1692469E-02  1.0000000E-99  1.0000000E-99
   71  5.4628010E+04  2.6484042E-01  2.1010773E+02  3.6856704E+20  3.2683834E-02  1.0000000E-99  1.0000000E-99
   72  5.5407887E+04  2.6862132E-01  2.1310726E+02  3.6838026E+20  3.3691941E-02  1.0000000E-99  1.0000000E-99
   73  5.6187763E+04  2.7240222E-01  2.1610678E+02  3.6819074E+20  3.4716881E-02  1.0000000E-99  1.0000000E-99
   74  5.6967640E+04  2.7618312E-01  2.1910631E+02  3.6799847E+20  3.5758748E-02  1.0000000E-99  1.0000000E-99
   75  5.7747517E+04  2.7996401E-01  2.2210583E+02  3.6780345E+20  3.6817640E-02  1.0000000E-99  1.0000000E-99
   76  5.8527394E+04  2.8374491E-01  2.2510536E+02  3.6760566E+20  3.7893653E-02  1.0000000E-99  1.0000000E-99
   77  5.9307271E+04  2.8752581E-01  2.2810489E+02  3.6740512E+20  3.8986888E-02  1.0000000E-99  1.0000000E-99
   78  6.0087148E+04  2.9130671E-01  2.3110441E+02  3.6720180E+20  4.0097446E-02  1.0000000E-99  1.0000000E-99
   79  6.0867024E+04  2.9508761E-01  2.3410394E+02  3.6699571E+20  4.1225432E-02  1.0000000E-99  1.0000000E-99
   80  6.1646901E+04  2.9886850E-01  2.3710347E+02  3.6678684E+20  4.2370951E-02  1.0000000E-99  1.0000000E-99
   81  6.2426778E+04  3.0264940E-01  2.4010299E+02  3.6657520E+20  4.3534110E-02  1.0000000E-99  1.0000000E-99
   82  6.3206655E+04  3.0643030E-01  2.4310252E+02  3.6636076E+20  4.4715020E-02  1.0000000E-99  1.0000000E-99
   83  6.3986532E+04  3.1021120E-01  2.4610205E+02  3.6614354E+20  4.5913792E-02  1.0000000E-99  1.0000000E-99
   84  6.4766409E+04  3.1399209E-01  2.4910157E+02  3.6592351E+20  4.7130540E-02  1.0000000E-99  1.0000000E-99
   85  6.5546285E+04  3.1777299E-01  2.5210110E+02  3.6570069E+20  4.8365380E-02  1.0000000E-99  1.0000000E-99
   86  6.6326162E+04  3.2155389E-01  2.5510062E+02  3.6547506E+20  4.9618431E-02  1.0000000E-99  1.0000000E-99
   87  6.7106039E+04  3.2533479E-01  2.5810015E+02  3.6524661E+20  5.0889811E-02  1.0000000E-99  1.0000000E-99
   88  6.7885916E+04  3.2911568E-01  2.6109968E+02  3.6501535E+20  5.2179644E-02  1.0000000E-99  1.0000000E-99
   89  6.8665793E+04  3.3289658E-01  2.6409920E+02  3.6478127E+20  5.3488054E-02  1.0000000E-99  1.0000000E-99
   90  6.9445670E+04  3.3667748E-01  2.6709873E+02  3.6454436E+20  5.4815168E-02  1.0000000E-99  1.0000000E-99
   91  7.0225547E+04  3.4045838E-01  2.7009826E+02  3.6430461E+20  5.6161116E-02  1.0000000E-99  1.0000000E-99
   92  7.1005423E+04  3.4423927E-01  2.7309778E+02  3.6406203E+20  5.7526028E-02  1.0000000E-99  1.0000000E-99
   93  7.1785300E+04  3.4802017E-01  2.7609731E+02  3.6381660E+20  5.8910038E-02  1.0000000E-99  1.0000000E-99
   94  7.2565177E+04  3.5180107E-01  2.7909683E+02  3.6356832E+20  6.0313283E-02  1.0000000E-99  1.0000000E-99
   95  7.3345054E+04  3.5558197E-01  2.8209636E+02  3.6331718E+20  6.1735901E-02  1.0000000E-99  1.0000000E-99
   96  7.4124931E+04  3.5936287E-01  2.8509589E+02  3.6306318E+20  6.3178034E-02  1.0000000E-99  1.0000000E-99
   97  7.4904808E+04  3.6314376E-01  2.8809541E+02  3.6280631E+20  6.4639824E-02  1.0000000E-99  1.0000000E-99
   98  7.5684684E+04  3.6692466E-01  2.9109494E+02  3.6254657E+20  6.6121419E-02  1.0000000E-99  1.0000000E-99
   99  7.6464561E+04  3.7070556E-01  2.9409447E+02  3.6228395E+20  6.7622966E-02  1.0000000E-99  1.0000000E-99
  100  7.7244438E+04  3.7448646E-01  2.9709399E+02  3.6201844E+20  6.9144616E-02  1.0000000E-99  1.0000000E-99
  101  7.8024315E+04  3.7826735E-01  3.0009352E+02  3.6175003E+20  7.0686525E-02  1.0000000E-99  1.0000000E-99
  102  7.8804192E+04  3.8204825E-01  3.0309305E+02  3.6147873E+20  7.2248848E-02  1.0000000E-99  1.0000000E-99
  103  7.9584069E+04  3.8582915E-01  3.0609257E+02  3.6120452E+20  7.3831745E-02  1.0000000E-99  1.0000000E-99
  104  8.0363945E+04  3.8961005E-01  3.0909210E+02  3.6092740E+20  7.5435377E-02  1.0000000E-99  1.0000000E-99
  105  8.1143822E+04  3.9339094E-01  3.1209162E+02  3.6064735E+20  7.7059911E-02  1.0000000E-99  1.0000000E-99
  106  8.1923699E+04  3.9717184E-01  3.1509115E+02  3.6036439E+20  7.8705513E-02  1.0000000E-99  1.0000000E-99
  107  8.2703576E+04  4.0095274E-01  3.1809068E+02  3.6007848E+20  8.0372355E-02  1.0000000E-99  1.0000000E-99
  108  8.3483453E+04  4.0473364E-01  3.2109020E+02  3.5978964E+20  8.2060609E-02  1.0000000E-99  1.0000000E-99
  109  8.4263330E+04  4.0851453E-01  3.2408973E+02  3.5949785E+20  8.3770454E-02  1.0000000E-99  1.0000000E-99
  110  8.5043207E+04  4.1229543E-01  3.2708926E+02  3.5920310E+20  8.5502068E-02  1.0000000E-99  1.0000000E-99
  111  8.5823083E+04  4.1607633E-01  3.3008878E+02  3.5890540E+20  8.7255635E-02  1.0000000E-99  1.0000000E-99
  112  8.6602960E+04  4.1985723E-01  3.3308831E+02  3.5860472E+20  8.9031340E-02  1.0000000E-99  1.0000000E-99
  113  8.7382837E+04  4.2363813E-01  3.3608783E+02  3.5830107E+20  9.0829373E-02  1.0000000E-99  1.0000000E-99
  114  8.8162714E+04  4.2741902E-01  3.3908736E+02  3.5799443E+20  9.2649927E-02  1.0000000E-99  1.0000000E-99
  115  8.8942591E+04  4.3119992E-01  3.4208689E+02  3.5768480E+20  9.4493197E-02  1.0000000E-99  1.0000000E-99
  116  8.9722468E+04  4.3498082E-01  3.4508641E+02  3.5737217E+20  9.6359383E-02  1.0000000E-99  1.0000000E-99
  117  9.0502344E+04  4.3876172E-01  3.4808594E+02  3.5705653E+20  9.8248688E-02  1.0000000E-99  1.0000000E-99
  118  9.1282221E+04  4.4254261E-01  3.5108547E+02  3.5673788E+20  1.0016132E-01  1.0000000E-99  1.0000000E-99
  119  9.2062098E+04  4.4632351E-01  3.5408499E+02  3.5641621E+20  1.0209748E-01  1.0000000E-99  1.0000000E-99
  120  9.2841975E+04  4.5010441E-01  3.5708452E+02  3.5609150E+20  1.0405739E-01  1.0000000E-99  1.0000000E-99
  121  9.3621852E+04  4.5388531E-01  3.6008405E+02  3.5576375E+20  1.0604127E-01  1.0000000E-99  1.0000000E-99
  122  9.4401729E+04  4.5766620E-01  3.6308357E+02  3.5543295E+20  1.0804933E-01  1.0000000E-99  1.0000000E-99
  123  9.5181605E+04  4.6144710E-01  3.6608310E+02  3.5509910E+20  1.1008181E-01  1.0000000E-99  1.0000000E-99
  124  9.5961482E+04  4.6522800E-01  3.6908262E+02  3.5476217E+20  1.1213892E-01  1.0000000E-99  1.0000000E-99
  125  9.6741359E+04  4.6900890E-01  3.7208215E+02  3.5442218E+20  1.1422091E-01  1.0000000E-99  1.0000000E-99
  126  9.7521236E+04  4.7278979E-01  3.7508168E+02  3.5407910E+20  1.1632801E-01  1.0000000E-99  1.0000000E-99
  127  9.8301113E+04  4.7657069E-01  3.7808120E+02  3.5373293E+20  1.1846045E-01  1.0000000E-99  1.0000000E-99
  128  9.9080990E+04  4.8035159E-01  3.8108073E+02  3.5338366E+20  1.2061849E-01  1.0000000E-99  1.0000000E-99
  129  9.9860866E+04  4.8413249E-01  3.8408026E+02  3.5303127E+20  1.2280238E-01  1.0000000E-99  1.0000000E-99
  130  1.0064074E+05  4.8791339E-01  3.8707978E+02  3.5267577E+20  1.2501236E-01  1.0000000E-99  1.0000000E-99
  131  1.0142062E+05  4.9169428E-01  3.9007931E+02  3.5231714E+20  1.2724870E-01  1.0000000E-99  1.0000000E-99
  132  1.0220050E+05  4.9547518E-01  3.9307883E+02  3.5195537E+20  1.2951166E-01  1.0000000E-99  1.0000000E-99
  133  1.0298037E+05  4.9925608E-01  3.9607836E+02  3.5159045E+20  1.3180150E-01  1.0000000E-99  1.0000000E-99
  134  1.0376025E+05  5.0303698E-01  3.9907789E+02  3.5122237E+20  1.3411851E-01  1.0000000E-99  1.0000000E-99
  135  1.0454013E+05  5.0681787E-01  4.0207741E+02  3.5085112E+20  1.3646295E-01  1.0000000E-99  1.0000000E-99
  136  1.0532000E+05  5.1059877E-01  4.0507694E+02  3.5047669E+20  1.3883510E-01  1.0000000E-99  1.0000000E-99
  137  1.0609988E+05  5.1437967E-01  4.0807647E+02  3.5009908E+20  1.4123526E-01  1.0000000E-99  1.0000000E-99
  138  1.0687976E+05  5.1816057E-01  4.1107599E+02  3.4971826E+20  1.4366371E-01  1.0000000E-99  1.0000000E-99
  139  1.0765963E+05  5.2194146E-01  4.1407552E+02  3.4933424E+20  1.4612076E-01  1.0000000E-99  1.0000000E-99
  140  1.0843951E+05  5.2572236E-01  4.1707505E+02  3.4894700E+20  1.4860670E-01  1.0000000E-99  1.0000000E-99
  141  1.0921939E+05  5.2950326E-01  4.2007457E+02  3.4855652E+20  1.5112184E-01  1.0000000E-99  1.0000000E-99
  142  1.0999927E+05  5.3328416E-01  4.2307410E+02  3.4816281E+20  1.5366649E-01  1.0000000E-99  1.0000000E-99
  143  1.1077914E+05  5.3706505E-01  4.2607362E+02  3.4776584E+20  1.5624098E-01  1.0000000E-99  1.0000000E-99
  144  1.1155902E+05  5.4084595E-01  4.2907315E+02  3.4736560E+20  1.5884563E-01  1.0000000E-99  1.0000000E-99
  145  1.1233890E+05  5.4462685E-01  4.3207268E+02  3.4696210E+20  1.6148076E-01  1.0000000E-99  1.0000000E-99
  146  1.1311877E+05  5.4840775E-01  4.3507220E+02  3.4655530E+20  1.6414672E-01  1.0000000E-99  1.0000000E-99
  147  1.1389865E+05  5.5218865E-01  4.3807173E+02  3.4614521E+20  1.6684385E-01  1.0000000E-99  1.0000000E-99
  148  1.1467853E+05  5.5596954E-01  4.4107126E+02  3.4573180E+20  1.6957249E-01  1.0000000E-99  1.0000000E-99
  149  1.1545840E+05  5.5975044E-01  4.4407078E+02  3.4531508E+20  1.7233300E-01  1.0000000E-99  1.0000000E-99
  150  1.1623828E+05  5.6353134E-01  4.4707031E+02  3.4489502E+20  1.7512574E-01  1.0000000E-99  1.0000000E-99
  151  1.1701816E+05  5.6731224E-01  4.5006983E+02  3.4447162E+20  1.7795108E-01  1.0000000E-99  1.0000000E-99
  152  1.1779803E+05  5.7109313E-01  4.5306936E+02  3.4404485E+20  1.8080940E-01  1.0000000E-99  1.0000000E-99
  153  1.1857791E+05  5.7487403E-01  4.5606889E+02  3.4361472E+20  1.8370107E-01  1.0000000E-99  1.0000000E-99
  154  1.1935779E+05  5.7865493E-01  4.5906841E+02  3.4318120E+20  1.8662648E-01  1.0000000E-99  1.0000000E-99
  155  1.2013766E+05  5.8243583E-01  4.6206794E+02  3.4274429E+20  1.8958604E-01  1.0000000E-99  1.0000000E-99
  156  1.2091754E+05  5.8621672E-01  4.6506747E+02  3.4230396E+20  1.9258013E-01  1.0000000E-99  1.0000000E-99
  157  1.2169742E+05  5.8999762E-01  4.6806699E+02  3.4186022E+20  1.9560918E-01  1.0000000E-99  1.0000000E-99
  158  1.2247729E+05  5.9377852E-01  4.7106652E+02  3.4141303E+20  1.9867360E-01  1.0000000E-99  1.0000000E-99
  159  1.2325717E+05  5.9755942E-01  4.7406605E+02  3.4096240E+20  2.0177382E-01  1.0000000E-99  1.0000000E-99
  160  1.2403705E+05  6.0134031E-01  4.7706557E+02  3.4050831E+20  2.0491027E-01  1.0000000E-99  1.0000000E-99
  161  1.2481693E+05  6.0512121E-01  4.8006510E+02  3.4005073E+20  2.0808339E-01  1.0000000E-99  1.0000000E-99
  162  1.2559680E+05  6.0890211E-01  4.8306462E+02  3.3958967E+20  2.1129363E-01  1.0000000E-99  1.0000000E-99
  163  1.2637668E+05  6.1268301E-01  4.8606415E+02  3.3912510E+20  2.1454146E-01  1.0000000E-99  1.0000000E-99
  164  1.2715656E+05  6.1646391E-01  4.8906368E+02  3.3865701E+20  2.1782734E-01  1.0000000E-99  1.0000000E-99
  165  1.2793643E+05  6.2024480E-01  4.9206320E+02  3.3818539E+20  2.2115175E-01  1.0000000E-99  1.0000000E-99
  166  1.2871631E+05  6.2402570E-01  4.9506273E+02  3.3771022E+20  2.2451517E-01  1.0000000E-99  1.0000000E-99
  167  1.2949619E+05  6.2780660E-01  4.9806226E+02  3.3723148E+20  2.2791810E-01  1.0000000E-99  1.0000000E-99
  168  1.3027606E+05  6.3158750E-01  5.0106178E+02  3.3674916E+20  2.3136105E-01  1.0000000E-99  1.0000000E-99
  169  1.3105594E+05  6.3536839E-01  5.0406131E+02  3.3626325E+20  2.3484452E-01  1.0000000E-99  1.0000000E-99
  170  1.3183582E+05  6.3914929E-01  5.0706083E+02  3.3577373E+20  2.3836904E-01  1.0000000E-99  1.0000000E-99
  171  1.3261569E+05  6.4293019E-01  5.1006036E+02  3.3528058E+20  2.4193516E-01  1.0000000E-99  1.0000000E-99
  172  1.3339557E+05  6.4671109E-01  5.1305989E+02  3.3478379E+20  2.4554340E-01  1.0000000E-99  1.0000000E-99
  173  1.3417545E+05  6.5049198E-01  5.1605941E+02  3.3428334E+20  2.4919434E-01  1.0000000E-99  1.0000000E-99
  174  1.3495532E+05  6.5427288E-01  5.1905894E+02  3.3377922E+20  2.5288853E-01  1.0000000E-99  1.0000000E-99
  175  1.3573520E+05  6.5805378E-01  5.2205847E+02  3.3327141E+20  2.5662655E-01  1.0000000E-99  1.0000000E-99
  176  1.3651508E+05  6.6183468E-01  5.2505799E+02  3.3275988E+20  2.6040900E-01  1.0000000E-99  1.0000000E-99
  177  1.3729495E+05  6.6561557E-01  5.2805752E+02  3.3224463E+20  2.6423647E-01  1.0000000E-99  1.0000000E-99
  178  1.3807483E+05  6.6939647E-01  5.3105705E+02  3.3172564E+20  2.6810958E-01  1.0000000E-99  1.0000000E-99
  179  1.3885471E+05  6.7317737E-01  5.3405657E+02  3.3120289E+20  2.7202896E-01  1.0000000E-99  1.0000000E-99
  180  1.3963459E+05  6.7695827E-01  5.3705610E+02  3.3067636E+20  2.7599524E-01  1.0000000E-99  1.0000000E-99
  181  1.4041446E+05  6.8073917E-01  5.4005562E+02  3.3014603E+20  2.8000907E-01  1.0000000E-99  1.0000000E-99
  182  1.4119434E+05  6.8452006E-01  5.4305515E+02  3.2961188E+20  2.8407113E-01  1.0000000E-99  1.0000000E-99
  183  1.4197422E+05  6.8830096E-01  5.4605468E+02  3.2907391E+20  2.8818208E-01  1.0000000E-99  1.0000000E-99
  184  1.4275409E+05  6.9208186E-01  5.4905420E+02  3.2853208E+20  2.9234262E-01  1.0000000E-99  1.0000000E-99
  185  1.4353397E+05  6.9586276E-01  5.5205373E+02  3.2798638E+20  2.9655346E-01  1.0000000E-99  1.0000000E-99
  186  1.4431385E+05  6.9964365E-01  5.5505326E+02  3.2743679E+20  3.0081532E-01  1.0000000E-99  1.0000000E-99
  187  1.4509372E+05  7.0342455E-01  5.5805278E+02  3.2688329E+20  3.0512893E-01  1.0000000E-99  1.0000000E-99
  188  1.4587360E+05  7.0720545E-01  5.6105231E+02  3.2632586E+20  3.0949505E-01  1.0000000E-99  1.0000000E-99
  189  1.4665348E+05  7.1098635E-01  5.6405183E+02  3.2576447E+20  3.1391444E-01  1.0000000E-99  1.0000000E-99
  190  1.4743335E+05  7.1476724E-01  5.6705136E+02  3.2519912E+20  3.1838790E-01  1.0000000E-99  1.0000000E-99
  191  1.4821323E+05  7.1854814E-01  5.7005089E+02  3.2462978E+20  3.2291621E-01  1.0000000E-99  1.0000000E-99
  192  1.4899311E+05  7.2232904E-01  5.7305041E+02  3.2405642E+20  3.2750019E-01  1.0000000E-99  1.0000000E-99
  193  1.4977298E+05  7.2610994E-01  5.7604994E+02  3.2347903E+20  3.3214069E-01  1.0000000E-99  1.0000000E-99
  194  1.5055286E+05  7.2989083E-01  5.7904947E+02  3.2289758E+20  3.3683855E-01  1.0000000E-99  1.0000000E-99
  195  1.5133274E+05  7.3367173E-01  5.8204899E+02  3.2231206E+20  3.4159465E-01  1.0000000E-99  1.0000000E-99
  196  1.5211261E+05  7.3745263E-01  5.8504852E+02  3.2172243E+20  3.4640987E-01  1.0000000E-99  1.0000000E-99
  197  1.5289249E+05  7.4123353E-01  5.8804804E+02  3.2112868E+20  3.5128513E-01  1.0000000E-99  1.0000000E-99
  198  1.5367237E+05  7.4501443E-01  5.9104757E+02  3.2053079E+20  3.5622135E-01  1.0000000E-99  1.0000000E-99
  199  1.5445225E+05  7.4879532E-01  5.9404710E+02  3.1992873E+20  3.6121949E-01  1.0000000E-99  1.0000000E-99
  200  1.5523212E+05  7.5257622E-01  5.9704662E+02  3.1932248E+20  3.6628052E-01  1.0000000E-99  1.0000000E-99
  201  1.5601200E+05  7.5635712E-01  6.0004615E+02  3.1871201E+20  3.7140543E-01  1.0000000E-99  1.0000000E-99
  202  1.5679188E+05  7.6013802E-01  6.0304568E+02  3.1809730E+20  3.7659524E-01  1.0000000E-99  1.0000000E-99
  203  1.5757175E+05  7.6391891E-01  6.0604520E+02  3.1747833E+20  3.8185098E-01  1.0000000E-99  1.0000000E-99
  204  1.5835163E+05  7.6769981E-01  6.0904473E+02  3.1685506E+20  3.8717371E-01  1.0000000E-99  1.0000000E-99
  205  1.5913151E+05  7.7148071E-01  6.1204426E+02  3.1622748E+20  3.9256453E-01  1.0000000E-99  1.0000000E-99
  206  1.5991138E+05  7.7526161E-01  6.1504378E+02  3.1559556E+20  3.9802454E-01  1.0000000E-99  1.0000000E-99
  207  1.6069126E+05  7.7904250E-01  6.1804331E+02  3.1495927E+20  4.0355488E-01  1.0000000E-99  1.0000000E-99
  208  1.6147114E+05  7.8282340E-01  6.2104283E+02  3.1431859E+20  4.0915671E-01  1.0000000E-99  1.0000000E-99
  209  1.6225101E+05  7.8660430E-01  6.2404236E+02  3.1367349E+20  4.1483122E-01  1.0000000E-99  1.0000000E-99
  210  1.6303089E+05  7.9038520E-01  6.2704189E+02  3.1302394E+20  4.2057963E-01  1.0000000E-99  1.0000000E-99
  211  1.6381077E+05  7.9416609E-01  6.3004141E+02  3.1236991E+20  4.2640318E-01  1.0000000E-99  1.0000000E-99
  212  1.6459064E+05  7.9794699E-01  6.3304094E+02  3.1171138E+20  4.3230316E-01  1.0000000E-99  1.0000000E-99
  213  1.6537052E+05  8.0172789E-01  6.3604047E+02  3.1104832E+20  4.3828085E-01  1.0000000E-99  1.0000000E-99
  214  1.6615040E+05  8.0550879E-01  6.3903999E+02  3.1038069E+20  4.4433761E-01  1.0000000E-99  1.0000000E-99
  215  1.6693027E+05  8.0928969E-01  6.4203952E+02  3.0970848E+20  4.5047480E-01  1.0000000E-99  1.0000000E-99
  216  1.6771015E+05  8.1307058E-01  6.4503904E+02  3.0903164E+20  4.5669382E-01  1.0000000E-99  1.0000000E-99
  217  1.6849003E+05  8.1685148E-01  6.4803857E+02  3.0835015E+20  4.6299610E-01  1.0000000E-99  1.0000000E-99
  218  1.6926991E+05  8.2063238E-01  6.5103810E+02  3.0766398E+20  4.6938313E-01  1.0000000E-99  1.0000000E-99
  219  1.7004978E+05  8.2441328E-01  6.5403762E+02  3.0697310E+20  4.7585641E-01  1.0000000E-99  1.0000000E-99
  220  1.7082966E+05  8.2819417E-01  6.5703715E+02  3.0627747E+20  4.8241747E-01  1.0000000E-99  1.0000000E-99
  221  1.7160954E+05  8.3197507E-01  6.6003668E+02  3.0557706E+20  4.8906791E-01  1.0000000E-99  1.0000000E-99
  222  1.7238941E+05  8.3575597E-01  6.6303620E+02  3.0487184E+20  4.9580935E-01  1.0000000E-99  1.0000000E-99
  223  1.7316929E+05  8.3953687E-01  6.6603573E+02  3.0416177E+20  5.0264344E-01  1.0000000E-99  1.0000000E-99
  224  1.7394917E+05  8.4331776E-01  6.6903526E+02  3.0344683E+20  5.0957190E-01  1.0000000E-99  1.0000000E-99
  225  1.7472904E+05  8.4709866E-01  6.7203478E+02  3.0272698E+20  5.1659648E-01  1.0000000E-99  1.0000000E-99
  226  1.7550892E+05  8.5087956E-01  6.7503431E+02  3.0200217E+20  5.2371896E-01  1.0000000E-99  1.0000000E-99
  227  1.7628880E+05  8.5466046E-01  6.7803383E+02  3.0127238E+20  5.3094119E-01  1.0000000E-99  1.0000000E-99
  228  1.7706867E+05  8.5844135E-01  6.8103336E+02  3.0053758E+20  5.3826506E-01  1.0000000E-99  1.0000000E-99
  229  1.7784855E+05  8.6222225E-01  6.8403289E+02  2.9979771E+20  5.4569250E-01  1.0000000E-99  1.0000000E-99
  230  1.7862843E+05  8.6600315E-01  6.8703241E+02  2.9905275E+20  5.5322550E-01  1.0000000E-99  1.0000000E-99
  231  1.7940830E+05  8.6978405E-01  6.9003194E+02  2.9830266E+20  5.6086610E-01  1.0000000E-99  1.0000000E-99
  232  1.8018818E+05  8.7356495E-01  6.9303147E+02  2.9754739E+20  5.6861640E-01  1.0000000E-99  1.0000000E-99
  233  1.8096806E+05  8.7734584E-01  6.9603099E+02  2.9678692E+20  5.7647854E-01  1.0000000E-99  1.0000000E-99
  234  1.8174793E+05  8.8112674E-01  6.9903052E+02  2.9602119E+20  5.8445475E-01  1.0000000E-99  1.0000000E-99
  235  1.8252781E+05  8.8490764E-01  7.0203004E+02  2.9525017E+20  5.9254728E-01  1.0000000E-99  1.0000000E-99
  236  1.8330769E+05  8.8868854E-01  7.0502957E+02  2.9447382E+20  6.0075846E-01  1.0000000E-99  1.0000000E-99
  237  1.8408757E+05  8.9246943E-01  7.0802910E+02  2.9369209E+20  6.0909069E-01  1.0000000E-99  1.0000000E-99
  238  1.8486744E+05  8.9625033E-01  7.1102862E+02  2.9290495E+20  6.1754644E-01  1.0000000E-99  1.0000000E-99
  239  1.8564732E+05  9.0003123E-01  7.1402815E+02  2.9211233E+20  6.2612824E-01  1.0000000E-99  1.0000000E-99
  240  1.8642720E+05  9.0381213E-01  7.1702768E+02  2.9131422E+20  6.3483867E-01  1.0000000E-99  1.0000000E-99
  241  1.8720707E+05  9.0759302E-01  7.2002720E+02  2.9051055E+20  6.4368043E-01  1.0000000E-99  1.0000000E-99
  242  1.8798695E+05  9.1137392E-01  7.2302673E+02  2.8970128E+20  6.5265625E-01  1.0000000E-99  1.0000000E-99
  243  1.8876683E+05  9.1515482E-01  7.2602626E+02  2.8888636E+20  6.6176897E-01  1.0000000E-99  1.0000000E-99
  244  1.8954670E+05  9.1893572E-01  7.2902578E+02  2.8806575E+20  6.7102151E-01  1.0000000E-99  1.0000000E-99
  245  1.9032658E+05  9.2271661E-01  7.3202531E+02  2.8723940E+20  6.8041685E-01  1.0000000E-99  1.0000000E-99
  246  1.9110646E+05  9.2649751E-01  7.3502483E+02  2.8640725E+20  6.8995807E-01  1.0000000E-99  1.0000000E-99
  247  1.9188633E+05  9.3027841E-01  7.3802436E+02  2.8556926E+20  6.9964837E-01  1.0000000E-99  1.0000000E-99
  248  1.9266621E+05  9.3405931E-01  7.4102389E+02  2.8472538E+20  7.0949100E-01  1.0000000E-99  1.0000000E-99
  249  1.9344609E+05  9.3784021E-01  7.4402341E+02  2.8387555E+20  7.1948932E-01  1.0000000E-99  1.0000000E-99
  250  1.9422596E+05  9.4162110E-01  7.4702294E+02  2.8301971E+20  7.2964682E-01  1.0000000E-99  1.0000000E-99
  251  1.9500584E+05  9.4540200E-01  7.5002247E+02  2.8215783E+20  7.3996706E-01  1.0000000E-99  1.0000000E-99
  252  1.9578572E+05  9.4918290E-01  7.5302199E+02  2.8128983E+20  7.5045372E-01  1.0000000E-99  1.0000000E-99
  253  1.9656559E+05  9.5296380E-01  7.5602152E+02  2.8041566E+20  7.6111060E-01  1.0000000E-99  1.0000000E-99
  254  1.9734547E+05  9.5674469E-01  7.5902104E+02  2.7953527E+20  7.7194162E-01  1.0000000E-99  1.0000000E-99
  255  1.9812535E+05  9.6052559E-01  7.6202057E+02  2.7864859E+20  7.8295081E-01  1.0000000E-99  1.0000000E-99
  256  1.9890523E+05  9.6430649E-01  7.6502010E+02  2.7775557E+20  7.9414234E-01  1.0000000E-99  1.0000000E-99
  257  1.9968510E+05  9.6808739E-01  7.6801962E+02  2.7685614E+20  8.0552050E-01  1.0000000E-99  1.0000000E-99
  258  2.0046498E+05  9.7186828E-01  7.7101915E+02  2.7595024E+20  8.1708973E-01  1.0000000E-99  1.0000000E-99
  259  2.0124486E+05  9.7564918E-01  7.7401868E+02  2.7503781E+20  8.2885461E-01  1.0000000E-99  1.0000000E-99
  260  2.0202473E+05  9.7943008E-01  7.7701820E+02  2.7411878E+20  8.4081985E-01  1.0000000E-99  1.0000000E-99
  261  2.0280461E+05  9.8321098E-01  7.8001773E+02  2.7319309E+20  8.5299036E-01  1.0000000E-99  1.0000000E-99
  262  2.0358449E+05  9.8699187E-01  7.8301726E+02  2.7226066E+20  8.6537116E-01  1.0000000E-99  1.0000000E-99
  263  2.0436436E+05  9.9077277E-01  7.8601678E+02  2.7132143E+20  8.7796747E-01  1.0000000E-99  1.0000000E-99
  264  2.0514424E+05  9.9455367E-01  7.8901631E+02  2.7037533E+20  8.9078468E-01  1.0000000E-99  1.0000000E-99
  265  2.0592412E+05  9.9833457E-01  7.9201583E+02  2.6942228E+20  9.0382836E-01  1.0000000E-99  1.0000000E-99
  266  2.0670399E+05  1.0021155E+00  7.9501536E+02  2.6846222E+20  9.1710426E-01  1.0000000E-99  1.0000000E-99
  267  2.0748387E+05  1.0058964E+00  7.9801489E+02  2.6749505E+20  9.3061836E-01  1.0000000E-99  1.0000000E-99
  268  2.0826375E+05  1.0096773E+00  8.0101441E+02  2.6652072E+20  9.4437681E-01  1.0000000E-99  1.0000000E-99
  269  2.0904362E+05  1.0134582E+00  8.0401394E+02  2.6553913E+20  9.5838600E-01  1.0000000E-99  1.0000000E-99
  270  2.0982350E+05  1.0172391E+00  8.0701347E+02  2.6455021E+20  9.7265254E-01  1.0000000E-99  1.0000000E-99
  271  2.1060338E+05  1.0210200E+00  8.1001299E+02  2.6355388E+20  9.8718328E-01  1.0000000E-99  1.0000000E-99
  272  2.1138325E+05  1.0248009E+00  8.1301252E+02  2.6255005E+20  1.0019853E+00  1.0000000E-99  1.0000000E-99
  273  2.1216313E+05  1.0285817E+00  8.1601204E+02  2.6153863E+20  1.0170660E+00  1.0000000E-99  1.0000000E-99
  274  2.1294301E+05  1.0323626E+00  8.1901157E+02  2.6051954E+20  1.0324329E+00  1.0000000E-99  1.0000000E-99
  275  2.1372289E+05  1.0361435E+00  8.2201110E+02  2.5949269E+20  1.0480940E+00  1.0000000E-99  1.0000000E-99
  276  2.1450276E+05  1.0399244E+00  8.2501062E+02  2.5845798E+20  1.0640574E+00  1.0000000E-99  1.0000000E-99
  277  2.1528264E+05  1.0437053E+00  8.2801015E+02  2.5741532E+20  1.0803318E+00  1.0000000E-99  1.0000000E-99
  278  2.1606252E+05  1.0474862E+00  8.3100968E+02  2.5636461E+20  1.0969258E+00  1.0000000E-99  1.0000000E-99
  279  2.1684239E+05  1.0512671E+00  8.3400920E+02  2.5530575E+20  1.1138487E+00  1.0000000E-99  1.0000000E-99
  280  2.1762227E+05  1.0550480E+00  8.3700873E+02  2.5423864E+20  1.1311101E+00  1.0000000E-99  1.0000000E-99
  281  2.1840215E+05  1.0588289E+00  8.4000826E+02  2.5316318E+20  1.1487197E+00  1.0000000E-99  1.0000000E-99
  282  2.1918202E+05  1.0626098E+00  8.4300778E+02  2.5207926E+20  1.1666879E+00  1.0000000E-99  1.0000000E-99
  283  2.1996190E+05  1.0663907E+00  8.4600731E+02  2.5098677E+20  1.1850255E+00  1.0000000E-99  1.0000000E-99
  284  2.2074178E+05  1.0701716E+00  8.4900683E+02  2.4988559E+20  1.2037435E+00  1.0000000E-99  1.0000000E-99
  285  2.2152165E+05  1.0739525E+00  8.5200636E+02  2.4877562E+20  1.2228536E+00  1.0000000E-99  1.0000000E-99
  286  2.2230153E+05  1.0777334E+00  8.5500589E+02  2.4765673E+20  1.2423678E+00  1.0000000E-99  1.0000000E-99
  287  2.2308141E+05  1.0815143E+00  8.5800541E+02  2.4652880E+20  1.2622987E+00  1.0000000E-99  1.0000000E-99
  288  2.2386128E+05  1.0852952E+00  8.6100494E+02  2.4539171E+20  1.2826594E+00  1.0000000E-99  1.0000000E-99
  289  2.2464116E+05  1.0890761E+00  8.6400447E+02  2.4424533E+20  1.3034635E+00  1.0000000E-99  1.0000000E-99
  290  2.2542104E+05  1.0928570E+00  8.6700399E+02  2.4308953E+20  1.3247254E+00  1.0000000E-99  1.0000000E-99
  291  2.2620091E+05  1.0966379E+00  8.7000352E+02  2.4192417E+20  1.3464599E+00  1.0000000E-99  1.0000000E-99
  292  2.2698079E+05  1.1004188E+00  8.7300304E+02  2.4074912E+20  1.3686825E+00  1.0000000E-99  1.0000000E-99
  293  2.2776067E+05  1.1041997E+00  8.7600257E+02  2.3956423E+20  1.3914094E+00  1.0000000E-99  1.0000000E-99
  294  2.2854055E+05  1.1079806E+00  8.7900210E+02  2.3836935E+20  1.4146576E+00  1.0000000E-99  1.0000000E-99
  295  2.2932042E+05  1.1117615E+00  8.8200162E+02  2.3716434E+20  1.4384448E+00  1.0000000E-99  1.0000000E-99
  296  2.3010030E+05  1.1155424E+00  8.8500115E+02  2.3594903E+20  1.4627895E+00  1.0000000E-99  1.0000000E-99
  297  2.3088018E+05  1.1193233E+00  8.8800068E+02  2.3472328E+20  1.4877111E+00  1.0000000E-99  1.0000000E-99
  298  2.3166005E+05  1.1231042E+00  8.9100020E+02  2.3348691E+20  1.5132299E+00  1.0000000E-99  1.0000000E-99
  299  2.3243993E+05  1.1268851E+00  8.9399973E+02  2.3223975E+20  1.5393672E+00  1.0000000E-99  1.0000000E-99
  300  2.3321981E+05  1.1306660E+00  8.9699926E+02  2.3098163E+20  1.5661452E+00  1.0000000E-99  1.0000000E-99
  301  2.3399968E+05  1.1344469E+00  8.9999878E+02  2.2971238E+20  1.5935874E+00  1.0000000E-99  1.0000000E-99
  302  2.3477956E+05  1.1382278E+00  9.0299831E+02  2.2843180E+20  1.6217183E+00  1.0000000E-99  1.0000000E-99
  303  2.3555944E+05  1.1420087E+00  9.0599783E+02  2.2713970E+20  1.6505636E+00  1.0000000E-99  1.0000000E-99
  304  2.3633931E+05  1.1457896E+00  9.0899736E+02  2.2583588E+20  1.6801505E+00  1.0000000E-99  1.0000000E-99
  305  2.3711919E+05  1.1495705E+00  9.1199689E+02  2.2452015E+20  1.7105073E+00  1.0000000E-99  1.0000000E-99
  306  2.3789907E+05  1.1533514E+00  9.1499641E+02  2.2319229E+20  1.7416640E+00  1.0000000E-99  1.0000000E-99
  307  2.3867894E+05  1.1571323E+00  9.1799594E+02  2.2185208E+20  1.7736520E+00  1.0000000E-99  1.0000000E-99
  308  2.3945882E+05  1.1609132E+00  9.2099547E+02  2.2049930E+20  1.8065047E+00  1.0000000E-99  1.0000000E-99
  309  2.4023870E+05  1.1646941E+00  9.2399499E+02  2.1913371E+20  1.8402569E+00  1.0000000E-99  1.0000000E-99
  310  2.4101857E+05  1.1684750E+00  9.2699452E+02  2.1775507E+20  1.8749456E+00  1.0000000E-99  1.0000000E-99
  311  2.4179845E+05  1.1722559E+00  9.2999404E+02  2.1636314E+20  1.9106097E+00  1.0000000E-99  1.0000000E-99
  312  2.4257833E+05  1.1760368E+00  9.3299357E+02  2.1495766E+20  1.9472903E+00  1.0000000E-99  1.0000000E-99
  313  2.4335821E+05  1.1798177E+00  9.3599310E+02  2.1353835E+20  1.9850309E+00  1.0000000E-99  1.0000000E-99
  314  2.4413808E+05  1.1835986E+00  9.3899262E+02  2.1210494E+20  2.0238775E+00  1.0000000E-99  1.0000000E-99
  315  2.4491796E+05  1.1873794E+00  9.4199215E+02  2.1065715E+20  2.0638788E+00  1.0000000E-99  1.0000000E-99
  316  2.4569784E+05  1.1911603E+00  9.4499168E+02  2.0919467E+20  2.1050865E+00  1.0000000E-99  1.0000000E-99
  317  2.4647771E+05  1.1949412E+00  9.4799120E+02  2.0771720E+20  2.1475553E+00  1.0000000E-99  1.0000000E-99
  318  2.4725759E+05  1.1987221E+00  9.5099073E+02  2.0622440E+20  2.1913433E+00  1.0000000E-99  1.0000000E-99
  319  2.4803747E+05  1.2025030E+00  9.5399026E+02  2.0471596E+20  2.2365122E+00  1.0000000E-99  1.0000000E-99
  320  2.4881734E+05  1.2062839E+00  9.5698978E+02  2.0319151E+20  2.2831277E+00  1.0000000E-99  1.0000000E-99
  321  2.4959722E+05  1.2100648E+00  9.5998931E+02  2.0165070E+20  2.3312597E+00  1.0000000E-99  1.0000000E-99
  322  2.5037710E+05  1.2138457E+00  9.6298883E+02  2.0009314E+20  2.3809826E+00  1.0000000E-99  1.0000000E-99
  323  2.5115697E+05  1.2176266E+00  9.6598836E+02  1.9851845E+20  2.4323759E+00  1.0000000E-99  1.0000000E-99
  324  2.5193685E+05  1.2214075E+00  9.6898789E+02  1.9692621E+20  2.4855245E+00  1.0000000E-99  1.0000000E-99
  325  2.5271673E+05  1.2251884E+00  9.7198741E+02  1.9531599E+20  2.5405189E+00  1.0000000E-99  1.0000000E-99
  326  2.5349660E+05  1.2289693E+00  9.7498694E+02  1.9368734E+20  2.5974562E+00  1.0000000E-99  1.0000000E-99
  327  2.5427648E+05  1.2327502E+00  9.7798647E+02  1.9203980E+20  2.6564403E+00  1.0000000E-99  1.0000000E-99
  328  2.5505636E+05  1.2365311E+00  9.8098599E+02  1.9037288E+20  2.7175827E+00  1.0000000E-99  1.0000000E-99
  329  2.5583623E+05  1.2403120E+00  9.8398552E+02  1.8868606E+20  2.7810033E+00  1.0000000E-99  1.0000000E-99
  330  2.5661611E+05  1.2440929E+00  9.8698504E+02  1.8697879E+20  2.8468307E+00  1.0000000E-99  1.0000000E-99
  331  2.5739599E+05  1.2478738E+00  9.8998457E+02  1.8525053E+20  2.9152037E+00  1.0000000E-99  1.0000000E-99
  332  2.5817587E+05  1.2516547E+00  9.9298410E+02  1.8350067E+20  2.9862718E+00  1.0000000E-99  1.0000000E-99
  333  2.5895574E+05  1.2554356E+00  9.9598362E+02  1.8172859E+20  3.0601965E+00  1.0000000E-99  1.0000000E-99
  334  2.5973562E+05  1.2592165E+00  9.9898315E+02  1.7993364E+20  3.1371525E+00  1.0000000E-99  1.0000000E-99
  335  2.6051550E+05  1.2629974E+00  1.0019827E+03  1.7811512E+20  3.2173291E+00  1.0000000E-99  1.0000000E-99
  336  2.6129537E+05  1.2667783E+00  1.0049822E+03  1.7627230E+20  3.3009315E+00  1.0000000E-99  1.0000000E-99
  337  2.6207525E+05  1.2705592E+00  1.0079817E+03  1.7440441E+20  3.3881830E+00  1.0000000E-99  1.0000000E-99
  338  2.6285513E+05  1.2743401E+00  1.0109813E+03  1.7251064E+20  3.4793265E+00  1.0000000E-99  1.0000000E-99
  339  2.6363500E+05  1.2781210E+00  1.0139808E+03  1.7059013E+20  3.5746271E+00  1.0000000E-99  1.0000000E-99
  340  2.6441488E+05  1.2819019E+00  1.0169803E+03  1.6864196E+20  3.6743744E+00  1.0000000E-99  1.0000000E-99
  341  2.6519476E+05  1.2856828E+00  1.0199798E+03  1.6666517E+20  3.7788858E+00  1.0000000E-99  1.0000000E-99
  342  2.6597463E+05  1.2894637E+00  1.0229794E+03  1.6465871E+20  3.8885094E+00  1.0000000E-99  1.0000000E-99
  343  2.6675451E+05  1.2932446E+00  1.0259789E+03  1.6262150E+20  4.0036282E+00  1.0000000E-99  1.0000000E-99
  344  2.6753439E+05  1.2970255E+00  1.0289784E+03  1.6055236E+20  4.1246644E+00  1.0000000E-99  1.0000000E-99
  345  2.6831426E+05  1.3008064E+00  1.0319779E+03  1.5845005E+20  4.2520847E+00  1.0000000E-99  1.0000000E-99
  346  2.6909414E+05  1.3045873E+00  1.0349775E+03  1.5631322E+20  4.3864060E+00  1.0000000E-99  1.0000000E-99
  347  2.6987402E+05  1.3083682E+00  1.0379770E+03  1.5414043E+20  4.5282028E+00  1.0000000E-99  1.0000000E-99
  348  2.7065389E+05  1.3121491E+00  1.0409765E+03  1.5193016E+20  4.6781151E+00  1.0000000E-99  1.0000000E-99
  349  2.7143377E+05  1.3159300E+00  1.0439760E+03  1.4968073E+20  4.8368580E+00  1.0000000E-99  1.0000000E-99
  350  2.7221365E+05  1.3197109E+00  1.0469756E+03  1.4739035E+20  5.0052335E+00  1.0000000E-99  1.0000000E-99
  351  2.7299353E+05  1.3234918E+00  1.0499751E+03  1.4505708E+20  5.1841433E+00  1.0000000E-99  1.0000000E-99
  352  2.7377340E+05  1.3272727E+00  1.0529746E+03  1.4267882E+20  5.3746059E+00  1.0000000E-99  1.0000000E-99
  353  2.7455328E+05  1.3310536E+00  1.0559741E+03  1.4025329E+20  5.5777749E+00  1.0000000E-99  1.0000000E-99
  354  2.7533316E+05  1.3348345E+00  1.0589737E+03  1.3777797E+20  5.7949631E+00  1.0000000E-99  1.0000000E-99
  355  2.7611303E+05  1.3386154E+00  1.0619732E+03  1.3525015E+20  6.0276707E+00  1.0000000E-99  1.0000000E-99
  356  2.7689291E+05  1.3423963E+00  1.0649727E+03  1.3266681E+20  6.2776197E+00  1.0000000E-99  1.0000000E-99
  357  2.7767279E+05  1.3461772E+00  1.0679723E+03  1.3002465E+20  6.5467969E+00  1.0000000E-99  1.0000000E-99
  358  2.7845266E+05  1.3499580E+00  1.0709718E+03  1.2732001E+20  6.8375064E+00  1.0000000E-99  1.0000000E-99
  359  2.7923254E+05  1.3537389E+00  1.0739713E+03  1.2454882E+20  7.1524361E+00  1.0000000E-99  1.0000000E-99
  360  2.8001242E+05  1.3575198E+00  1.0769708E+03  1.2170653E+20  7.4947406E+00  1.0000000E-99  1.0000000E-99
  361  2.8079229E+05  1.3613007E+00  1.0799704E+03  1.1878804E+20  7.8681473E+00  1.0000000E-99  1.0000000E-99
  362  2.8157217E+05  1.3650816E+00  1.0829699E+03  1.1578758E+20  8.2770927E+00  1.0000000E-99  1.0000000E-99
  363  2.8235205E+05  1.3688625E+00  1.0859694E+03  1.1269861E+20  8.7268995E+00  1.0000000E-99  1.0000000E-99
  364  2.8313192E+05  1.3726434E+00  1.0889689E+03  1.0951365E+20  9.2240093E+00  1.0000000E-99  1.0000000E-99
  365  2.8391180E+05  1.3764243E+00  1.0919685E+03  1.0622405E+20  9.7762935E+00  1.0000000E-99  1.0000000E-99
  366  2.8469168E+05  1.3802052E+00  1.0949680E+03  1.0281977E+20  1.0393472E+01  1.0000000E-99  1.0000000E-99
  367  2.8547155E+05  1.3839861E+00  1.0979675E+03  9.9289015E+19  1.1087694E+01  1.0000000E-99  1.0000000E-99
  368  2.8625143E+05  1.3877670E+00  1.1009670E+03  9.5617782E+19  1.1874340E+01  1.0000000E-99  1.0000000E-99
  369  2.8703131E+05  1.3915479E+00  1.1039666E+03  9.1789213E+19  1.2773181E+01  1.0000000E-99  1.0000000E-99
  370  2.8781119E+05  1.3953288E+00  1.1069661E+03  8.7782724E+19  1.3810064E+01  1.0000000E-99  1.0000000E-99
  371  2.8859106E+05  1.3991097E+00  1.1099656E+03  8.3572730E+19  1.5019439E+01  1.0000000E-99  1.0000000E-99
  372  2.8937094E+05  1.4028906E+00  1.1129651E+03  7.9126755E+19  1.6448268E+01  1.0000000E-99  1.0000000E-99
  373  2.9015082E+05  1.4066715E+00  1.1159647E+03  7.4402508E+19  1.8162278E+01  1.0000000E-99  1.0000000E-99
  374  2.9093069E+05  1.4104524E+00  1.1189642E+03  6.9343136E+19  2.0256385E+01  1.0000000E-99  1.0000000E-99
  375  2.9171057E+05  1.4142333E+00  1.1219637E+03  6.3869051E+19  2.2872942E+01  1.0000000E-99  1.0000000E-99
  376  2.9249045E+05  1.4180142E+00  1.1249633E+03  5.7862667E+19  2.6235664E+01  1.0000000E-99  1.0000000E-99
  377  2.9327032E+05  1.4217951E+00  1.1279628E+03  5.1136763E+19  3.0717597E+01  1.0000000E-99  1.0000000E-99
  378  2.9405020E+05  1.4255760E+00  1.1309623E+03  4.3357773E+19  3.6991174E+01  1.0000000E-99  1.0000000E-99
  379  2.9483008E+05  1.4293569E+00  1.1339618E+03  3.3806389E+19  4.6405832E+01  1.0000000E-99  1.0000000E-99
  380  2.9560995E+05  1.4331378E+00  1.1369614E+03  2.0097142E+19  6.2136874E+01  1.0000000E-99  1.0000000E-99
  381  2.9638983E+05  1.4369187E+00  1.1399609E+03  2.1507633E-06  9.3947286E+01  1.0000000E-99  1.0000000E-99
  382  2.9716971E+05  1.4406996E+00  1.1429604E+03  2.1507633E-06  9.3947286E+01  1.0000000E-99  1.0000000E-99
  383  2.9794958E+05  1.4444805E+00  1.1459599E+03  2.1507633E-06  1.0000000E-99  1.0000000E-99  1.0000000E-99
  384  2.9872946E+05  1.4482614E+00  1.1489595E+03  2.1507633E-06  1.0000000E-99  1.0000000E-99  1.0000000E-99
  385  2.9950934E+05  1.4520423E+00  1.1519590E+03  2.1507633E-06  1.0000000E-99  1.0000000E-99  1.0000000E-99
  386  3.0028921E+05  1.4558232E+00  1.1549585E+03  2.1507633E-06  1.0000000E-99  1.0000000E-99  1.0000000E-99
  387  3.0106909E+05  1.4596041E+00  1.1579580E+03  2.1507633E-06  1.0000000E-99  1.0000000E-99  1.0000000E-99
  388  3.0184897E+05  1.4633850E+00  1.1609576E+03  2.1507633E-06  1.0000000E-99  1.0000000E-99  1.0000000E-99
  389  3.0262885E+05  1.4671659E+00  1.1639571E+03  2.1507633E-06  1.0000000E-99  1.0000000E-99  1.0000000E-99
  390  3.0340872E+05  1.4709468E+00  1.1669566E+03  2.1507633E-06  1.0000000E-99  1.0000000E-99  1.0000000E-99
  391  3.0418860E+05  1.4747277E+00  1.1699561E+03  2.1507633E-06  1.0000000E-99  1.0000000E-99  1.0000000E-99
  392  3.0496848E+05  1.4785086E+00  1.1729557E+03  2.1507633E-06  1.0000000E-99  1.0000000E-99  1.0000000E-99
  393  3.0574835E+05  1.4822895E+00  1.1759552E+03  2.1507633E-06  1.0000000E-99  1.0000000E-99  1.0000000E-99
  394  3.0652823E+05  1.4860704E+00  1.1789547E+03  2.1507633E-06  1.0000000E-99  1.0000000E-99  1.0000000E-99
  395  3.0730811E+05  1.4898513E+00  1.1819543E+03  2.1507633E-06  1.0000000E-99  1.0000000E-99  1.0000000E-99
  396  3.0808798E+05  1.4936322E+00  1.1849538E+03  2.1507633E-06  1.0000000E-99  1.0000000E-99  1.0000000E-99
  397  3.0886786E+05  1.4974131E+00  1.1879533E+03  2.1507633E-06  1.0000000E-99  1.0000000E-99  1.0000000E-99
  398  3.0964774E+05  1.5011940E+00  1.1909528E+03  2.1507633E-06  1.0000000E-99  1.0000000E-99  1.0000000E-99
  399  3.1042761E+05  1.5049749E+00  1.1939524E+03  2.1507633E-06  1.0000000E-99  1.0000000E-99  1.0000000E-99
  400  3.1120749E+05  1.5087557E+00  1.1969519E+03  2.1507633E-06  1.0000000E-99  1.0000000E-99  1.0000000E-99
  401  3.1198737E+05  1.5125366E+00  1.1999514E+03  2.1507633E-06  1.0000000E-99  1.0000000E-99  1.0000000E-99
  402  3.1276724E+05  1.5163175E+00  1.2029509E+03  2.1507633E-06  1.0000000E-99  1.0000000E-99  1.0000000E-99
  403  3.1354712E+05  1.5200984E+00  1.2059505E+03  2.1507633E-06  1.0000000E-99  1.0000000E-99  1.0000000E-99
  404  3.1432700E+05  1.5238793E+00  1.2089500E+03  2.1507633E-06  1.0000000E-99  1.0000000E-99  1.0000000E-99
  405  3.1510687E+05  1.5276602E+00  1.2119495E+03  2.1507633E-06  1.0000000E-99  1.0000000E-99  1.0000000E-99
  406  3.1588675E+05  1.5314411E+00  1.2149490E+03  2.1507633E-06  1.0000000E-99  1.0000000E-99  1.0000000E-99
  407  3.1666663E+05  1.5352220E+00  1.2179486E+03  2.1507633E-06  1.0000000E-99  1.0000000E-99  1.0000000E-99
  408  3.1744651E+05  1.5390029E+00  1.2209481E+03  2.1507633E-06  1.0000000E-99  1.0000000E-99  1.0000000E-99
  409  3.1822638E+05  1.5427838E+00  1.2239476E+03  2.1507633E-06  1.0000000E-99  1.0000000E-99  1.0000000E-99
  410  3.1900626E+05  1.5465647E+00  1.2269471E+03  2.1507633E-06  1.0000000E-99  1.0000000E-99  1.0000000E-99
  411  3.1978614E+05  1.5503456E+00  1.2299467E+03  2.1507633E-06  1.0000000E-99  1.0000000E-99  1.0000000E-99
  412  3.2056601E+05  1.5541265E+00  1.2329462E+03  2.1507633E-06  1.0000000E-99  1.0000000E-99  1.0000000E-99
  413  3.2134589E+05  1.5579074E+00  1.2359457E+03  2.1507633E-06  1.0000000E-99  1.0000000E-99  1.0000000E-99
  414  3.2212577E+05  1.5616883E+00  1.2389453E+03  2.1507633E-06  1.0000000E-99  1.0000000E-99  1.0000000E-99
  415  3.2290564E+05  1.5654692E+00  1.2419448E+03  2.1507633E-06  1.0000000E-99  1.0000000E-99  1.0000000E-99
  416  3.2368552E+05  1.5692501E+00  1.2449443E+03  2.1507633E-06  1.0000000E-99  1.0000000E-99  1.0000000E-99
  417  3.2446540E+05  1.5730310E+00  1.2479438E+03  2.1507633E-06  1.0000000E-99  1.0000000E-99  1.0000000E-99
