# Injection truth table -- cmf2.00_n600_s2032_flat_iso  seed=2032
# observed-size cut FWHMSDbs in [15.0, 80.0] arcsec: 356 of 518 grid nodes retained
# Core mass function sampling:
# dN/dM proportional to M^(-2.00)  (dN/dlogM proportional to M^(-1.00))
# 600 reported masses drawn on [0.05, 6] M_sun; median 0.101 M_sun
# 1 of 600 draws discarded: the background column of the real source drawn lies outside every embedding rung
# 599 cores assigned to 67 distinct grid nodes
# drawn reported mass versus node reported mass M_SED4bs: median 0.101 versus 0.0643 M_sun, median |log10 ratio| 0.186 dex
# drawn contrast versus node contrast at the drawn column: median 1.218 versus 1.240, median |log10 ratio| 0.011 dex
# drawn observed size versus node size FWHMSDbs: median 40.6 versus 41.7 arcsec, median |log10 ratio| 0.061 dex
# target background column: median 4.88e+21 cm^-2 (5th 3.07e+21, 95th 1.54e+22)
# slope of the true masses M_BE actually assigned, above 0.10 M_sun: x = 1.67 +/- 0.10  (nominal input x = 1.00)
# slope of the true masses M_BE actually assigned, above 0.20 M_sun: x = 1.58 +/- 0.17  (nominal input x = 1.00)
# centers of injected cores must clear the footprints of the real sources by 18.2 arcsec; the footprints themselves cover 6.5% of the field
# sep_criterion=36.3"  scale_factor=1  local_Sigma/SD_emb in cm-2  T_BE in K  rho_BE in cm-3  M_BE in Msun  R_BE_as in arcsec (truncation radius of the sphere)  FWHM_SD in arcsec (observed major axis at half maximum of the model in the surface-density image, FWHMSDbs)
# id    model         x_pix  y_pix  local_Sigma  SD_emb       T_BE   rho_BE       M_BE    R_BE_as  FWHM_SD  scale
#----------------------------------------------------------------------------------------------------------------
  001  i04j16k07       338    387    1.819e+22    2.400e+22    8.24    4.688e-19  4.9715   293.15    47.41  1
  002  i04j14k07       326    312    2.322e+22    2.400e+22    8.29    3.863e-19  2.1087    99.15    49.47  1
  003  i03j12k08       245    427    1.320e+22    1.200e+22    9.67    8.537e-20  0.8945    55.27    74.38  1
  004  i03j11k08       351    446    1.145e+22    1.200e+22    9.78    5.947e-20  0.5826    49.61    73.10  1
  005  i03j11k08       539    395    1.128e+22    1.200e+22    9.78    5.947e-20  0.5826    49.61    73.10  1
  006  i03j11k08       626    474    1.075e+22    1.200e+22    9.78    5.947e-20  0.5826    49.61    73.10  1
  007  i03j11k08       244     90    9.520e+21    1.200e+22    9.78    5.947e-20  0.5826    49.61    73.10  1
  008  i03j10k08       523    285    1.071e+22    1.200e+22    9.88    4.058e-20  0.3789    46.31    71.51  1
  009  i02j10k08       859    565    8.169e+21    6.000e+21   11.28    4.053e-20  0.3793    45.79    71.36  1
  010  i02j10k08       142    678    7.829e+21    6.000e+21   11.28    4.053e-20  0.3793    45.79    71.36  1
  011  i02j10k08       887    599    6.862e+21    6.000e+21   11.28    4.053e-20  0.3793    45.79    71.36  1
  012  i02j10k08       642    362    9.129e+21    6.000e+21   11.28    4.053e-20  0.3793    45.79    71.36  1
  013  i02j10k08       878    459    6.523e+21    6.000e+21   11.28    4.053e-20  0.3793    45.79    71.36  1
  014  i02j10k08       345    210    8.855e+21    6.000e+21   11.28    4.053e-20  0.3793    45.79    71.36  1
  015  i02j10k08       371    564    8.964e+21    6.000e+21   11.28    4.053e-20  0.3793    45.79    71.36  1
  016  i02j10k08       784    588    7.858e+21    6.000e+21   11.28    4.053e-20  0.3793    45.79    71.36  1
  017  i02j09k08       449    903    5.231e+21    6.000e+21   11.45    2.620e-20  0.2468    44.54    70.98  1
  018  i02j09k08       404    635    5.221e+21    6.000e+21   11.45    2.620e-20  0.2468    44.54    70.98  1
  019  i02j09k08       575    603    6.201e+21    6.000e+21   11.45    2.620e-20  0.2468    44.54    70.98  1
  020  i02j09k08       593    799    4.633e+21    6.000e+21   11.45    2.620e-20  0.2468    44.54    70.98  1
  021  i02j09k08       361    134    7.610e+21    6.000e+21   11.45    2.620e-20  0.2468    44.54    70.98  1
  022  i02j09k08       476     42    7.997e+21    6.000e+21   11.45    2.620e-20  0.2468    44.54    70.98  1
  023  i02j09k08       675    724    5.780e+21    6.000e+21   11.45    2.620e-20  0.2468    44.54    70.98  1
  024  i02j09k08       869    694    6.759e+21    6.000e+21   11.45    2.620e-20  0.2468    44.54    70.98  1
  025  i02j09k08       290    681    4.944e+21    6.000e+21   11.45    2.620e-20  0.2468    44.54    70.98  1
  026  i02j09k08       266    591    5.582e+21    6.000e+21   11.45    2.620e-20  0.2468    44.54    70.98  1
  027  i03j09k08       105    172    1.182e+22    1.200e+22    9.95    2.644e-20  0.2469    44.77    70.96  1
  028  i03j09k08       449    284    9.866e+21    1.200e+22    9.95    2.644e-20  0.2469    44.77    70.96  1
  029  i03j09k08       510    356    1.060e+22    1.200e+22    9.95    2.644e-20  0.2469    44.77    70.96  1
  030  i03j09k08       618    522    1.041e+22    1.200e+22    9.95    2.644e-20  0.2469    44.77    70.96  1
  031  i02j08k08       547    859    6.165e+21    6.000e+21   11.57    1.732e-20  0.1607    43.52    70.24  1
  032  i02j08k08       147    749    5.757e+21    6.000e+21   11.57    1.732e-20  0.1607    43.52    70.24  1
  033  i02j08k08       219    773    5.836e+21    6.000e+21   11.57    1.732e-20  0.1607    43.52    70.24  1
  034  i02j08k08       683    273    5.871e+21    6.000e+21   11.57    1.732e-20  0.1607    43.52    70.24  1
  035  i02j08k08       729    381    6.146e+21    6.000e+21   11.57    1.732e-20  0.1607    43.52    70.24  1
  036  i02j08k08       932    566    5.429e+21    6.000e+21   11.57    1.732e-20  0.1607    43.52    70.24  1
  037  i02j08k08       828    459    5.333e+21    6.000e+21   11.57    1.732e-20  0.1607    43.52    70.24  1
  038  i02j08k08       559    223    5.990e+21    6.000e+21   11.57    1.732e-20  0.1607    43.52    70.24  1
  039  i02j08k08       636    776    4.698e+21    6.000e+21   11.57    1.732e-20  0.1607    43.52    70.24  1
  040  i02j08k08       520     52    5.233e+21    6.000e+21   11.57    1.732e-20  0.1607    43.52    70.24  1
  041  i02j08k08       686    151    4.911e+21    6.000e+21   11.57    1.732e-20  0.1607    43.52    70.24  1
  042  i02j08k08       545    553    7.038e+21    6.000e+21   11.57    1.732e-20  0.1607    43.52    70.24  1
  043  i02j08k08        77    851    6.462e+21    6.000e+21   11.57    1.732e-20  0.1607    43.52    70.24  1
  044  i02j08k08       477    727    4.498e+21    6.000e+21   11.57    1.732e-20  0.1607    43.52    70.24  1
  045  i02j08k08       731    760    5.606e+21    6.000e+21   11.57    1.732e-20  0.1607    43.52    70.24  1
  046  i02j08k08       650    206    5.603e+21    6.000e+21   11.57    1.732e-20  0.1607    43.52    70.24  1
  047  i02j08k08       638    267    5.966e+21    6.000e+21   11.57    1.732e-20  0.1607    43.52    70.24  1
  048  i02j08k08       886    405    6.697e+21    6.000e+21   11.57    1.732e-20  0.1607    43.52    70.24  1
  049  i02j08k08       426    709    5.594e+21    6.000e+21   11.57    1.732e-20  0.1607    43.52    70.24  1
  050  i02j08k08       674    659    6.770e+21    6.000e+21   11.57    1.732e-20  0.1607    43.52    70.24  1
  051  i02j08k08       844    847    6.784e+21    6.000e+21   11.57    1.732e-20  0.1607    43.52    70.24  1
  052  i02j08k08       269    836    4.505e+21    6.000e+21   11.57    1.732e-20  0.1607    43.52    70.24  1
  053  i02j08k08       469    788    5.596e+21    6.000e+21   11.57    1.732e-20  0.1607    43.52    70.24  1
  054  i02j08k08       286    903    4.591e+21    6.000e+21   11.57    1.732e-20  0.1607    43.52    70.24  1
  055  i02j08k08        62    924    6.228e+21    6.000e+21   11.57    1.732e-20  0.1607    43.52    70.24  1
  056  i02j08k08       892    785    4.688e+21    6.000e+21   11.57    1.732e-20  0.1607    43.52    70.24  1
  057  i01j08k08       338    745    4.111e+21    3.000e+21   13.29    1.748e-20  0.1609    43.23    69.90  1
  058  i01j08k08       589    180    4.235e+21    3.000e+21   13.29    1.748e-20  0.1609    43.23    69.90  1
  059  i01j07k08       223    880    4.178e+21    3.000e+21   13.48    1.138e-20  0.1048    42.80    69.54  1
  060  i01j07k08       792    263    3.562e+21    3.000e+21   13.48    1.138e-20  0.1048    42.80    69.54  1
  061  i01j07k08       710    928    4.266e+21    3.000e+21   13.48    1.138e-20  0.1048    42.80    69.54  1
  062  i01j07k08       834    937    4.360e+21    3.000e+21   13.48    1.138e-20  0.1048    42.80    69.54  1
  063  i01j07k08       584    107    4.312e+21    3.000e+21   13.48    1.138e-20  0.1048    42.80    69.54  1
  064  i01j07k08       653    122    3.918e+21    3.000e+21   13.48    1.138e-20  0.1048    42.80    69.54  1
  065  i01j07k08       768    125    3.948e+21    3.000e+21   13.48    1.138e-20  0.1048    42.80    69.54  1
  066  i01j07k08       687    851    4.229e+21    3.000e+21   13.48    1.138e-20  0.1048    42.80    69.54  1
  067  i02j07k08        95    890    5.425e+21    6.000e+21   11.65    1.151e-20  0.1047    42.76    69.32  1
  068  i02j07k08       890    735    5.690e+21    6.000e+21   11.65    1.151e-20  0.1047    42.76    69.32  1
  069  i02j07k08       146    873    4.504e+21    6.000e+21   11.65    1.151e-20  0.1047    42.76    69.32  1
  070  i02j07k08       505    662    4.445e+21    6.000e+21   11.65    1.151e-20  0.1047    42.76    69.32  1
  071  i02j07k08       284    737    5.052e+21    6.000e+21   11.65    1.151e-20  0.1047    42.76    69.32  1
  072  i02j07k08       819    163    4.511e+21    6.000e+21   11.65    1.151e-20  0.1047    42.76    69.32  1
  073  i02j07k08       180    806    4.410e+21    6.000e+21   11.65    1.151e-20  0.1047    42.76    69.32  1
  074  i02j07k08       215    639    5.937e+21    6.000e+21   11.65    1.151e-20  0.1047    42.76    69.32  1
  075  i02j07k08       615    836    4.878e+21    6.000e+21   11.65    1.151e-20  0.1047    42.76    69.32  1
  076  i02j07k08       528    133    5.814e+21    6.000e+21   11.65    1.151e-20  0.1047    42.76    69.32  1
  077  i02j07k08       458    830    4.570e+21    6.000e+21   11.65    1.151e-20  0.1047    42.76    69.32  1
  078  i02j07k08       922    835    4.584e+21    6.000e+21   11.65    1.151e-20  0.1047    42.76    69.32  1
  079  i02j07k08       365    933    4.482e+21    6.000e+21   11.65    1.151e-20  0.1047    42.76    69.32  1
  080  i02j07k08       443    611    5.688e+21    6.000e+21   11.65    1.151e-20  0.1047    42.76    69.32  1
  081  i02j07k08       733    883    5.659e+21    6.000e+21   11.65    1.151e-20  0.1047    42.76    69.32  1
  082  i02j07k08       856    371    4.515e+21    6.000e+21   11.65    1.151e-20  0.1047    42.76    69.32  1
  083  i02j07k08       784    381    4.967e+21    6.000e+21   11.65    1.151e-20  0.1047    42.76    69.32  1
  084  i02j07k08       332    887    4.692e+21    6.000e+21   11.65    1.151e-20  0.1047    42.76    69.32  1
  085  i02j07k08       129    792    5.053e+21    6.000e+21   11.65    1.151e-20  0.1047    42.76    69.32  1
  086  i02j07k08       567    930    4.515e+21    6.000e+21   11.65    1.151e-20  0.1047    42.76    69.32  1
  087  i01j06k08       906    299    2.933e+21    3.000e+21   13.60    7.757e-21  0.0683    41.90    68.40  1
  088  i01j06k08       752    308    3.594e+21    3.000e+21   13.60    7.757e-21  0.0683    41.90    68.40  1
  089  i01j06k08       317    808    4.021e+21    3.000e+21   13.60    7.757e-21  0.0683    41.90    68.40  1
  090  i01j06k08       834    297    3.543e+21    3.000e+21   13.60    7.757e-21  0.0683    41.90    68.40  1
  091  i01j06k08       885    158    2.883e+21    3.000e+21   13.60    7.757e-21  0.0683    41.90    68.40  1
  092  i01j06k08       645    905    3.728e+21    3.000e+21   13.60    7.757e-21  0.0683    41.90    68.40  1
  093  i01j06k08       700    108    3.569e+21    3.000e+21   13.60    7.757e-21  0.0683    41.90    68.40  1
  094  i01j06k08       784    337    3.785e+21    3.000e+21   13.60    7.757e-21  0.0683    41.90    68.40  1
  095  i01j06k08       631     42    3.829e+21    3.000e+21   13.60    7.757e-21  0.0683    41.90    68.40  1
  096  i01j06k08       590     65    3.984e+21    3.000e+21   13.60    7.757e-21  0.0683    41.90    68.40  1
  097  i01j06k08       820     82    3.133e+21    3.000e+21   13.60    7.757e-21  0.0683    41.90    68.40  1
  098  i01j06k08       848    225    3.469e+21    3.000e+21   13.60    7.757e-21  0.0683    41.90    68.40  1
  099  i01j06k08       906    103    2.697e+21    3.000e+21   13.60    7.757e-21  0.0683    41.90    68.40  1
  100  i01j06k08       673     53    3.183e+21    3.000e+21   13.60    7.757e-21  0.0683    41.90    68.40  1
  101  i01j06k08       924     55    2.801e+21    3.000e+21   13.60    7.757e-21  0.0683    41.90    68.40  1
  102  i01j06k08       446    663    4.212e+21    3.000e+21   13.60    7.757e-21  0.0683    41.90    68.40  1
  103  i01j06k08       735     46    3.182e+21    3.000e+21   13.60    7.757e-21  0.0683    41.90    68.40  1
  104  i01j06k08       411    865    4.136e+21    3.000e+21   13.60    7.757e-21  0.0683    41.90    68.40  1
  105  i01j06k08       937    368    3.617e+21    3.000e+21   13.60    7.757e-21  0.0683    41.90    68.40  1
  106  i01j06k08       406    785    4.149e+21    3.000e+21   13.60    7.757e-21  0.0683    41.90    68.40  1
  107  i01j06k08       364    810    4.242e+21    3.000e+21   13.60    7.757e-21  0.0683    41.90    68.40  1
  108  i01j06k08       934    145    2.874e+21    3.000e+21   13.60    7.757e-21  0.0683    41.90    68.40  1
  109  i01j06k08       182    937    3.836e+21    3.000e+21   13.60    7.757e-21  0.0683    41.90    68.40  1
  110  i01j06k08       886    903    4.224e+21    3.000e+21   13.60    7.757e-21  0.0683    41.90    68.40  1
  111  i01j06k08       932    197    2.842e+21    3.000e+21   13.60    7.757e-21  0.0683    41.90    68.40  1
  112  i01j06k08       228    937    3.938e+21    3.000e+21   13.60    7.757e-21  0.0683    41.90    68.40  1
  113  i04j13k06       269    276    4.677e+22    2.400e+22    8.10    9.957e-19  1.3734    67.07    34.57  1
  114  i04j12k03       190    216    2.627e+22    2.400e+22    7.22    1.838e-17  0.8943    62.91    20.19  1
  115  i03j11k07       224    144    1.448e+22    1.200e+22    9.42    2.387e-19  0.5824    34.79    45.97  1
  116  i03j11k07       735    545    1.569e+22    1.200e+22    9.42    2.387e-19  0.5824    34.79    45.97  1
  117  i03j11k07       218    321    1.571e+22    1.200e+22    9.42    2.387e-19  0.5824    34.79    45.97  1
  118  i04j10k07       179    434    1.859e+22    2.400e+22    8.51    1.667e-19  0.3795    31.58    44.57  1
  119  i03j10k07       791    513    1.638e+22    1.200e+22    9.58    1.701e-19  0.3793    30.72    44.03  1
  120  i03j10k07       559    479    1.367e+22    1.200e+22    9.58    1.701e-19  0.3793    30.72    44.03  1
  121  i03j10k07       727    509    1.688e+22    1.200e+22    9.58    1.701e-19  0.3793    30.72    44.03  1
  122  i03j10k07       566    370    1.276e+22    1.200e+22    9.58    1.701e-19  0.3793    30.72    44.03  1
  123  i03j10k07       593    383    1.253e+22    1.200e+22    9.58    1.701e-19  0.3793    30.72    44.03  1
  124  i03j10k07       283    380    1.615e+22    1.200e+22    9.58    1.701e-19  0.3793    30.72    44.03  1
  125  i02j10k07        85    747    7.253e+21    6.000e+21   10.67    1.710e-19  0.3794    30.14    43.84  1
  126  i04j09k07       216    536    1.891e+22    2.400e+22    8.57    1.129e-19  0.2468    29.15    43.29  1
  127  i03j09k07       838    757    1.264e+22    1.200e+22    9.72    1.145e-19  0.2471    28.64    43.00  1
  128  i03j09k07       740    653    9.831e+21    1.200e+22    9.72    1.145e-19  0.2471    28.64    43.00  1
  129  i03j09k07       276    464    1.315e+22    1.200e+22    9.72    1.145e-19  0.2471    28.64    43.00  1
  130  i03j09k07       678    457    1.303e+22    1.200e+22    9.72    1.145e-19  0.2471    28.64    43.00  1
  131  i02j09k07       115    936    5.213e+21    6.000e+21   10.96    1.158e-19  0.2469    28.19    42.64  1
  132  i02j09k07       179    672    6.771e+21    6.000e+21   10.96    1.158e-19  0.2469    28.19    42.64  1
  133  i02j09k07       456    868    5.268e+21    6.000e+21   10.96    1.158e-19  0.2469    28.19    42.64  1
  134  i02j09k07       305     37    8.810e+21    6.000e+21   10.96    1.158e-19  0.2469    28.19    42.64  1
  135  i02j09k07        71    491    8.098e+21    6.000e+21   10.96    1.158e-19  0.2469    28.19    42.64  1
  136  i02j09k07       882    513    9.160e+21    6.000e+21   10.96    1.158e-19  0.2469    28.19    42.64  1
  137  i02j09k07       788    890    7.153e+21    6.000e+21   10.96    1.158e-19  0.2469    28.19    42.64  1
  138  i03j08k07       657    413    1.211e+22    1.200e+22    9.84    7.507e-20  0.1608    27.53    42.39  1
  139  i03j08k07       345    507    1.302e+22    1.200e+22    9.84    7.507e-20  0.1608    27.53    42.39  1
  140  i03j08k07       151    172    1.257e+22    1.200e+22    9.84    7.507e-20  0.1608    27.53    42.39  1
  141  i02j08k07        57     39    8.783e+21    6.000e+21   11.21    7.568e-20  0.1608    27.25    42.21  1
  142  i02j08k07       370    170    7.323e+21    6.000e+21   11.21    7.568e-20  0.1608    27.25    42.21  1
  143  i02j08k07       771    168    7.763e+21    6.000e+21   11.21    7.568e-20  0.1608    27.25    42.21  1
  144  i02j08k07       414    589    6.537e+21    6.000e+21   11.21    7.568e-20  0.1608    27.25    42.21  1
  145  i02j08k07       339    631    7.485e+21    6.000e+21   11.21    7.568e-20  0.1608    27.25    42.21  1
  146  i02j08k07       417    178    7.887e+21    6.000e+21   11.21    7.568e-20  0.1608    27.25    42.21  1
  147  i03j07k07       431    364    1.096e+22    1.200e+22    9.93    4.927e-20  0.1047    26.84    42.00  1
  148  i03j07k07        77    565    9.870e+21    1.200e+22    9.93    4.927e-20  0.1047    26.84    42.00  1
  149  i03j07k07       302    543    9.247e+21    1.200e+22    9.93    4.927e-20  0.1047    26.84    42.00  1
  150  i03j07k07       804    736    1.237e+22    1.200e+22    9.93    4.927e-20  0.1047    26.84    42.00  1
  151  i03j07k07       586    723    9.798e+21    1.200e+22    9.93    4.927e-20  0.1047    26.84    42.00  1
  152  i03j07k07       775    460    9.545e+21    1.200e+22    9.93    4.927e-20  0.1047    26.84    42.00  1
  153  i03j07k07        86    705    9.592e+21    1.200e+22    9.93    4.927e-20  0.1047    26.84    42.00  1
  154  i03j07k07       506    214    8.865e+21    1.200e+22    9.93    4.927e-20  0.1047    26.84    42.00  1
  155  i02j07k07       325    126    7.164e+21    6.000e+21   11.39    4.978e-20  0.1048    26.62    41.72  1
  156  i02j07k07       685    336    7.881e+21    6.000e+21   11.39    4.978e-20  0.1048    26.62    41.72  1
  157  i02j07k07        40    891    7.057e+21    6.000e+21   11.39    4.978e-20  0.1048    26.62    41.72  1
  158  i02j07k07       513    700    5.791e+21    6.000e+21   11.39    4.978e-20  0.1048    26.62    41.72  1
  159  i02j07k07       659    314    7.074e+21    6.000e+21   11.39    4.978e-20  0.1048    26.62    41.72  1
  160  i02j07k07       405    251    7.223e+21    6.000e+21   11.39    4.978e-20  0.1048    26.62    41.72  1
  161  i02j07k07        46    547    8.272e+21    6.000e+21   11.39    4.978e-20  0.1048    26.62    41.72  1
  162  i02j07k07       914    705    6.490e+21    6.000e+21   11.39    4.978e-20  0.1048    26.62    41.72  1
  163  i02j07k07       753    918    5.795e+21    6.000e+21   11.39    4.978e-20  0.1048    26.62    41.72  1
  164  i02j07k07       738    705    6.642e+21    6.000e+21   11.39    4.978e-20  0.1048    26.62    41.72  1
  165  i02j07k07        77    455    7.450e+21    6.000e+21   11.39    4.978e-20  0.1048    26.62    41.72  1
  166  i02j07k07       114    398    7.988e+21    6.000e+21   11.39    4.978e-20  0.1048    26.62    41.72  1
  167  i02j07k07       312    103    8.372e+21    6.000e+21   11.39    4.978e-20  0.1048    26.62    41.72  1
  168  i02j07k07       762    720    7.368e+21    6.000e+21   11.39    4.978e-20  0.1048    26.62    41.72  1
  169  i02j07k07       905    644    7.600e+21    6.000e+21   11.39    4.978e-20  0.1048    26.62    41.72  1
  170  i02j07k07       307    623    5.966e+21    6.000e+21   11.39    4.978e-20  0.1048    26.62    41.72  1
  171  i02j07k07       884    851    5.607e+21    6.000e+21   11.39    4.978e-20  0.1048    26.62    41.72  1
  172  i02j07k07       413    495    7.792e+21    6.000e+21   11.39    4.978e-20  0.1048    26.62    41.72  1
  173  i01j06k07       172    844    4.230e+21    3.000e+21   13.23    3.190e-20  0.0682    26.35    41.68  1
  174  i01j06k07       559     42    4.307e+21    3.000e+21   13.23    3.190e-20  0.0682    26.35    41.68  1
  175  i01j07k07       657    937    4.094e+21    3.000e+21   12.94    4.994e-20  0.1047    26.48    41.65  1
  176  i01j05k07       751     80    3.209e+21    3.000e+21   13.43    2.108e-20  0.0445    26.04    41.40  1
  177  i01j05k07       688    800    4.003e+21    3.000e+21   13.43    2.108e-20  0.0445    26.04    41.40  1
  178  i01j05k07       627    876    4.243e+21    3.000e+21   13.43    2.108e-20  0.0445    26.04    41.40  1
  179  i01j05k07       828     37    3.221e+21    3.000e+21   13.43    2.108e-20  0.0445    26.04    41.40  1
  180  i01j05k07       768     53    3.156e+21    3.000e+21   13.43    2.108e-20  0.0445    26.04    41.40  1
  181  i01j05k07       901    213    2.584e+21    3.000e+21   13.43    2.108e-20  0.0445    26.04    41.40  1
  182  i01j05k07       903    343    3.094e+21    3.000e+21   13.43    2.108e-20  0.0445    26.04    41.40  1
  183  i01j05k07       881    324    3.117e+21    3.000e+21   13.43    2.108e-20  0.0445    26.04    41.40  1
  184  i01j05k07       413    830    3.992e+21    3.000e+21   13.43    2.108e-20  0.0445    26.04    41.40  1
  185  i01j05k07       864     37    3.052e+21    3.000e+21   13.43    2.108e-20  0.0445    26.04    41.40  1
  186  i01j05k07       571    147    4.038e+21    3.000e+21   13.43    2.108e-20  0.0445    26.04    41.40  1
  187  i01j05k07       938     86    2.947e+21    3.000e+21   13.43    2.108e-20  0.0445    26.04    41.40  1
  188  i01j05k07       524    630    4.374e+21    3.000e+21   13.43    2.108e-20  0.0445    26.04    41.40  1
  189  i01j05k07       376    768    4.240e+21    3.000e+21   13.43    2.108e-20  0.0445    26.04    41.40  1
  190  i01j05k07       939    255    3.037e+21    3.000e+21   13.43    2.108e-20  0.0445    26.04    41.40  1
  191  i01j05k07       298    769    4.261e+21    3.000e+21   13.43    2.108e-20  0.0445    26.04    41.40  1
  192  i01j05k07       939    454    4.354e+21    3.000e+21   13.43    2.108e-20  0.0445    26.04    41.40  1
  193  i01j05k07       211    846    4.267e+21    3.000e+21   13.43    2.108e-20  0.0445    26.04    41.40  1
  194  i01j05k07       934    874    4.336e+21    3.000e+21   13.43    2.108e-20  0.0445    26.04    41.40  1
  195  i01j05k07       746    243    4.366e+21    3.000e+21   13.43    2.108e-20  0.0445    26.04    41.40  1
  196  i01j05k07       868     65    2.803e+21    3.000e+21   13.43    2.108e-20  0.0445    26.04    41.40  1
  197  i01j05k07       906    249    2.690e+21    3.000e+21   13.43    2.108e-20  0.0445    26.04    41.40  1
  198  i02j06k07       703    303    4.864e+21    6.000e+21   11.53    3.285e-20  0.0683    26.18    41.31  1
  199  i02j06k07       258    881    5.161e+21    6.000e+21   11.53    3.285e-20  0.0683    26.18    41.31  1
  200  i02j06k07       179    612    7.576e+21    6.000e+21   11.53    3.285e-20  0.0683    26.18    41.31  1
  201  i02j06k07       494    159    7.215e+21    6.000e+21   11.53    3.285e-20  0.0683    26.18    41.31  1
  202  i02j06k07       351     53    7.690e+21    6.000e+21   11.53    3.285e-20  0.0683    26.18    41.31  1
  203  i02j06k07       506    553    7.518e+21    6.000e+21   11.53    3.285e-20  0.0683    26.18    41.31  1
  204  i02j06k07       447    319    7.483e+21    6.000e+21   11.53    3.285e-20  0.0683    26.18    41.31  1
  205  i02j06k07       801    413    5.431e+21    6.000e+21   11.53    3.285e-20  0.0683    26.18    41.31  1
  206  i02j06k07       521    910    5.361e+21    6.000e+21   11.53    3.285e-20  0.0683    26.18    41.31  1
  207  i02j06k07       419    931    4.737e+21    6.000e+21   11.53    3.285e-20  0.0683    26.18    41.31  1
  208  i02j06k07       255    663    5.312e+21    6.000e+21   11.53    3.285e-20  0.0683    26.18    41.31  1
  209  i02j06k07       617    665    6.885e+21    6.000e+21   11.53    3.285e-20  0.0683    26.18    41.31  1
  210  i02j06k07       911    495    5.267e+21    6.000e+21   11.53    3.285e-20  0.0683    26.18    41.31  1
  211  i02j06k07       816    884    6.539e+21    6.000e+21   11.53    3.285e-20  0.0683    26.18    41.31  1
  212  i02j06k07       595    303    6.399e+21    6.000e+21   11.53    3.285e-20  0.0683    26.18    41.31  1
  213  i02j06k07       537    688    6.926e+21    6.000e+21   11.53    3.285e-20  0.0683    26.18    41.31  1
  214  i02j06k07       730    823    5.800e+21    6.000e+21   11.53    3.285e-20  0.0683    26.18    41.31  1
  215  i02j06k07        74    803    5.421e+21    6.000e+21   11.53    3.285e-20  0.0683    26.18    41.31  1
  216  i02j06k07       695    569    7.961e+21    6.000e+21   11.53    3.285e-20  0.0683    26.18    41.31  1
  217  i02j06k07        41    792    7.530e+21    6.000e+21   11.53    3.285e-20  0.0683    26.18    41.31  1
  218  i02j06k07       575    269    6.563e+21    6.000e+21   11.53    3.285e-20  0.0683    26.18    41.31  1
  219  i02j06k07       111    730    6.510e+21    6.000e+21   11.53    3.285e-20  0.0683    26.18    41.31  1
  220  i02j06k07       494    618    5.695e+21    6.000e+21   11.53    3.285e-20  0.0683    26.18    41.31  1
  221  i02j06k07       746    411    5.521e+21    6.000e+21   11.53    3.285e-20  0.0683    26.18    41.31  1
  222  i02j06k07       522    188    7.243e+21    6.000e+21   11.53    3.285e-20  0.0683    26.18    41.31  1
  223  i02j05k07       933    482    4.863e+21    6.000e+21   11.63    2.133e-20  0.0444    25.98    41.23  1
  224  i02j05k07        67    416    5.557e+21    6.000e+21   11.63    2.133e-20  0.0444    25.98    41.23  1
  225  i02j05k07       795    214    5.447e+21    6.000e+21   11.63    2.133e-20  0.0444    25.98    41.23  1
  226  i02j05k07       606    231    4.843e+21    6.000e+21   11.63    2.133e-20  0.0444    25.98    41.23  1
  227  i02j05k07       263    784    5.345e+21    6.000e+21   11.63    2.133e-20  0.0444    25.98    41.23  1
  228  i02j05k07       344    666    5.068e+21    6.000e+21   11.63    2.133e-20  0.0444    25.98    41.23  1
  229  i02j05k07       629    319    6.217e+21    6.000e+21   11.63    2.133e-20  0.0444    25.98    41.23  1
  230  i02j05k07       615    627    5.718e+21    6.000e+21   11.63    2.133e-20  0.0444    25.98    41.23  1
  231  i02j05k07       389    475    6.789e+21    6.000e+21   11.63    2.133e-20  0.0444    25.98    41.23  1
  232  i02j05k07       770    224    5.194e+21    6.000e+21   11.63    2.133e-20  0.0444    25.98    41.23  1
  233  i02j05k07       711    725    5.200e+21    6.000e+21   11.63    2.133e-20  0.0444    25.98    41.23  1
  234  i02j05k07       578    651    5.327e+21    6.000e+21   11.63    2.133e-20  0.0444    25.98    41.23  1
  235  i02j05k07       132    827    5.105e+21    6.000e+21   11.63    2.133e-20  0.0444    25.98    41.23  1
  236  i02j05k07       374    692    5.635e+21    6.000e+21   11.63    2.133e-20  0.0444    25.98    41.23  1
  237  i02j05k07       859    638    5.810e+21    6.000e+21   11.63    2.133e-20  0.0444    25.98    41.23  1
  238  i02j05k07        45    386    6.542e+21    6.000e+21   11.63    2.133e-20  0.0444    25.98    41.23  1
  239  i02j05k07       563    769    5.659e+21    6.000e+21   11.63    2.133e-20  0.0444    25.98    41.23  1
  240  i02j05k07       710    248    6.364e+21    6.000e+21   11.63    2.133e-20  0.0444    25.98    41.23  1
  241  i02j05k07       776    929    5.022e+21    6.000e+21   11.63    2.133e-20  0.0444    25.98    41.23  1
  242  i05j13k04       293    338    3.201e+22    4.800e+22    7.16    6.858e-18  1.3732    96.94    22.45  1
  243  i05j13k04       459    433    2.041e+22    4.800e+22    7.16    6.858e-18  1.3732    96.94    22.45  1
  244  i04j11k06       220    454    2.567e+22    2.400e+22    8.19    8.069e-19  0.5826    29.27    32.17  1
  245  i04j10k06        70    655    1.836e+22    2.400e+22    8.28    6.371e-19  0.3792    22.98    29.92  1
  246  i03j10k06       422    522    1.499e+22    1.200e+22    9.08    6.594e-19  0.3795    22.10    29.49  1
  247  i03j10k06       273    244    1.685e+22    1.200e+22    9.08    6.594e-19  0.3795    22.10    29.49  1
  248  i03j09k06       819    659    1.545e+22    1.200e+22    9.29    4.724e-19  0.2469    19.24    27.56  1
  249  i03j09k06       420     69    1.326e+22    1.200e+22    9.29    4.724e-19  0.2469    19.24    27.56  1
  250  i03j09k06        44    259    1.369e+22    1.200e+22    9.29    4.724e-19  0.2469    19.24    27.56  1
  251  i03j09k06       165    572    1.742e+22    1.200e+22    9.29    4.724e-19  0.2469    19.24    27.56  1
  252  i03j09k06       130    273    1.367e+22    1.200e+22    9.29    4.724e-19  0.2469    19.24    27.56  1
  253  i03j09k06       185    318    1.333e+22    1.200e+22    9.29    4.724e-19  0.2469    19.24    27.56  1
  254  i01j09k06       305    937    5.727e+21    3.000e+21   10.80    4.838e-19  0.2469    18.61    27.15  1
  255  i04j08k06       142    470    1.893e+22    2.400e+22    8.47    3.221e-19  0.1608    18.00    26.74  1
  256  i04j08k06       149    488    1.888e+22    2.400e+22    8.47    3.221e-19  0.1608    18.00    26.74  1
  257  i04j08k06       729    479    2.349e+22    2.400e+22    8.47    3.221e-19  0.1608    18.00    26.74  1
  258  i04j08k06       186    163    2.339e+22    2.400e+22    8.47    3.221e-19  0.1608    18.00    26.74  1
  259  i03j08k06       164    289    1.553e+22    1.200e+22    9.50    3.197e-19  0.1608    17.78    26.65  1
  260  i03j08k06       123    606    1.597e+22    1.200e+22    9.50    3.197e-19  0.1608    17.78    26.65  1
  261  i03j08k06       106    652    1.196e+22    1.200e+22    9.50    3.197e-19  0.1608    17.78    26.65  1
  262  i03j08k06       602    418    1.039e+22    1.200e+22    9.50    3.197e-19  0.1608    17.78    26.65  1
  263  i03j08k06       809    768    1.305e+22    1.200e+22    9.50    3.197e-19  0.1608    17.78    26.65  1
  264  i02j08k06        43     64    9.590e+21    6.000e+21   10.51    3.265e-19  0.1607    17.47    26.37  1
  265  i02j08k06       712    547    1.016e+22    6.000e+21   10.51    3.265e-19  0.1607    17.47    26.37  1
  266  i02j08k06       122     74    9.273e+21    6.000e+21   10.51    3.265e-19  0.1607    17.47    26.37  1
  267  i03j06k06       472     75    1.054e+22    1.200e+22    9.80    1.402e-19  0.0682    16.48    25.62  1
  268  i01j06k06       334    844    4.533e+21    3.000e+21   12.44    1.404e-19  0.0682    16.31    25.50  1
  269  i02j06k06       149    363    9.122e+21    6.000e+21   11.13    1.422e-19  0.0682    16.32    25.45  1
  270  i02j06k06       833    644    7.036e+21    6.000e+21   11.13    1.422e-19  0.0682    16.32    25.45  1
  271  i02j06k06       732    678    8.109e+21    6.000e+21   11.13    1.422e-19  0.0682    16.32    25.45  1
  272  i02j06k06        51    482    7.356e+21    6.000e+21   11.13    1.422e-19  0.0682    16.32    25.45  1
  273  i02j06k06        55    152    8.896e+21    6.000e+21   11.13    1.422e-19  0.0682    16.32    25.45  1
  274  i03j05k06       502    517    1.171e+22    1.200e+22    9.90    9.190e-20  0.0445    16.19    25.41  1
  275  i02j05k06       407    678    5.045e+21    6.000e+21   11.34    9.133e-20  0.0445    16.16    25.40  1
  276  i02j05k06       378    895    4.811e+21    6.000e+21   11.34    9.133e-20  0.0445    16.16    25.40  1
  277  i02j05k06       585    833    5.496e+21    6.000e+21   11.34    9.133e-20  0.0445    16.16    25.40  1
  278  i02j05k06        49    872    7.486e+21    6.000e+21   11.34    9.133e-20  0.0445    16.16    25.40  1
  279  i02j05k06       600    877    4.821e+21    6.000e+21   11.34    9.133e-20  0.0445    16.16    25.40  1
  280  i02j05k06       751    597    8.076e+21    6.000e+21   11.34    9.133e-20  0.0445    16.16    25.40  1
  281  i01j05k06       707     75    3.317e+21    3.000e+21   12.83    9.354e-20  0.0444    15.98    25.18  1
  282  i01j03k06       654     81    3.565e+21    3.000e+21   13.37    3.904e-20  0.0188    15.87    25.15  1
  283  i02j04k06       917    452    4.826e+21    6.000e+21   11.49    6.197e-20  0.0289    15.80    24.99  1
  284  i02j04k06       921    768    4.818e+21    6.000e+21   11.49    6.197e-20  0.0289    15.80    24.99  1
  285  i02j03k06       591    907    4.656e+21    6.000e+21   11.59    4.201e-20  0.0189    15.52    24.64  1
  286  i04j10k03       484    442    2.357e+22    2.400e+22    7.23    1.854e-17  0.3794    22.50    18.83  1
  287  i04j10k05       429    438    1.972e+22    2.400e+22    7.95    2.159e-18  0.3794    19.13    22.99  1
  288  i04j10k05       463    386    1.981e+22    2.400e+22    7.95    2.159e-18  0.3794    19.13    22.99  1
  289  i04j08k05       418    409    2.612e+22    2.400e+22    8.18    1.319e-18  0.1608    12.33    19.38  1
  290  i03j08k05        68    228    1.523e+22    1.200e+22    8.90    1.329e-18  0.1609    12.07    19.28  1
  291  i02j08k05        92    396    9.690e+21    6.000e+21    9.50    1.350e-18  0.1609    11.85    19.16  1
  292  i04j09k02       162    464    2.232e+22    2.400e+22    6.95    4.770e-17  0.2471    15.68    16.98  1
  293  i03j09k02       213     99    1.484e+22    1.200e+22    7.04    4.805e-17  0.2471    15.39    16.92  1
  294  i03j07k05       144    128    1.771e+22    1.200e+22    9.17    9.131e-19  0.1047    11.00    18.55  1
  295  i03j08k01       541    428    1.665e+22    1.200e+22    6.74    1.331e-16  0.1610    10.88    15.58  1
  296  i05j08k03       273    325    5.597e+22    4.800e+22    7.05    1.486e-17  0.1610     8.75    15.67  1
  297  i02j07k04       704    679    8.938e+21    6.000e+21    8.82    3.753e-18  0.1048     7.52    15.75  1
