! mass-weighted dust temperature of the middle part of the cylinder, |z| < 3.650 pc, against R
!        R(AU)    cells   frac T=0       T(K)     rms(K)
   1.96487e-01      148      0.000    26.9989     0.0000
   3.26087e-01      192      0.000    20.0685     0.0000
   4.10520e-01      210      0.000    23.9355     0.0000
   4.29867e-01      208      0.000    23.6953     0.0000
   4.50126e-01      216      0.000    19.8734     3.1874
   4.71340e-01      226      0.000    23.2241     0.0000
   5.16814e-01      222      0.000    11.6545     0.0000
   5.41170e-01      234      0.000    22.7644     0.0000
   5.66675e-01      234      0.000    17.8930     4.4262
   5.93381e-01      240      0.000     8.8827     0.5222
   6.21347e-01      240      0.000    22.3126     0.0000
   6.50630e-01      246      0.000    22.0887     0.0000
   6.81293e-01      248      0.000    18.2491     0.0000
   7.13401e-01      250      0.000    11.8931     5.0098
   7.47023e-01      252      0.000    17.5507     0.0000
   7.82229e-01      254      0.000    16.3811     3.1027
   8.19094e-01      258      0.000    17.2575     0.0000
   8.57697e-01      268      0.000    12.0553     1.3475
   8.98119e-01      264      0.000     6.6599     1.0714
   9.40446e-01      268      0.000     6.9491     0.9858
   9.84768e-01      276      0.000    11.2002     0.3678
   1.03118e+00      278      0.000    11.2134     0.3151
   1.07978e+00      280      0.000    10.4479     1.0078
   1.13066e+00      286      0.000    11.6451     1.7206
   1.18395e+00      286      0.000    10.0542     0.4477
   1.23975e+00      294      0.000     9.6667     0.1885
   1.29818e+00      296      0.000     9.1665     0.6540
   1.35936e+00      300      0.000    10.5908     1.4084
   1.42342e+00      298      0.000     9.4391     0.1157
   1.49051e+00      300      0.000    10.3057     0.5360
   1.56075e+00      302      0.000     8.9913     0.1520
   1.63431e+00      300      0.000     8.7874     0.6947
   1.71133e+00      296      0.000    10.1377     0.8150
   1.79198e+00      300      0.000     8.9058     0.0086
   1.87644e+00      302      0.000     8.8009     0.1954
   1.96487e+00      302      0.000     8.1990     0.2188
   2.05747e+00      296      0.000     8.2589     0.1614
   2.15444e+00      300      0.000     8.5641     0.1092
   2.25597e+00      300      0.000     8.8623     0.0835
   2.36229e+00      302      0.000     8.3535     0.1077
   2.47363e+00      298      0.000     8.3015     0.2325
   2.59020e+00      300      0.000     8.4683     0.1424
   2.71228e+00      298      0.000     8.2497     0.0656
   2.84010e+00      302      0.000     8.2530     0.1683
   2.97395e+00      300      0.000     7.8810     0.2375
   3.11411e+00      298      0.000     8.3631     0.3294
   3.26087e+00      298      0.000     8.3780     0.0860
   3.41455e+00      300      0.000     8.2654     0.2840
   3.57548e+00      302      0.000     7.8930     0.0566
   3.74398e+00      298      0.000     8.0321     0.1001
   3.92043e+00      300      0.000     7.9862     0.0576
   4.10520e+00      300      0.000     8.1903     0.1868
   4.29867e+00      302      0.000     7.9504     0.0753
   4.50126e+00      298      0.000     8.3007     0.3033
   4.71340e+00      298      0.000     8.0240     0.0407
   4.93553e+00      300      0.000     7.5483     0.1125
   5.16814e+00      302      0.000     8.1364     0.2012
   5.41170e+00      300      0.000     7.7607     0.2462
   5.66675e+00      298      0.000     8.0306     0.1740
   5.93381e+00      300      0.000     7.9398     0.0780
   6.21347e+00      300      0.000     7.8917     0.3323
   6.50630e+00      300      0.000     7.7813     0.1750
   6.81293e+00      298      0.000     7.7916     0.2316
   7.13401e+00      302      0.000     8.0824     0.3524
   7.47023e+00      298      0.000     7.8635     0.3239
   7.82229e+00      300      0.000     7.7381     0.2315
   8.19094e+00      298      0.000     7.7876     0.2431
   8.57697e+00      300      0.000     7.8007     0.2949
   8.98119e+00      300      0.000     7.8092     0.2572
   9.40446e+00      302      0.000     7.8278     0.0833
   9.84768e+00      300      0.000     7.4876     0.1975
   1.03118e+01      296      0.000     7.7986     0.2013
   1.07978e+01      300      0.000     7.8641     0.1071
   1.13066e+01      302      0.000     7.7473     0.1933
   1.18395e+01      302      0.000     7.6467     0.0979
   1.23975e+01      296      0.000     7.6911     0.1179
   1.29818e+01      300      0.000     8.0150     0.1054
   1.35936e+01      300      0.000     7.7928     0.1392
   1.42342e+01      302      0.000     7.5390     0.1164
   1.49051e+01      296      0.000     7.8233     0.1066
   1.56075e+01      302      0.000     8.0538     0.1012
   1.63431e+01      300      0.000     7.8748     0.0931
   1.71133e+01      302      0.000     7.5711     0.0687
   1.79198e+01      298      0.000     7.6556     0.1155
   1.87644e+01      298      0.000     7.8566     0.0995
   1.96487e+01      300      0.000     7.7847     0.0778
   2.05747e+01      300      0.000     7.6063     0.1558
   2.15444e+01      300      0.000     7.7002     0.0858
   2.25597e+01      298      0.000     7.8271     0.0702
   2.36229e+01      298      0.000     7.8724     0.1172
   2.47363e+01      302      0.000     7.7819     0.1130
   2.59020e+01      302      0.000     7.7989     0.0999
   2.71228e+01      298      0.000     8.0958     0.0731
   2.84010e+01      298      0.000     7.9234     0.1172
   2.97395e+01      300      0.000     8.0823     0.1375
   3.11411e+01      302      0.000     7.8316     0.0866
   3.26087e+01      302      0.000     8.0098     0.0970
   3.41455e+01      296      0.000     8.2068     0.1317
   3.57548e+01      300      0.000     8.0194     0.1745
   3.74398e+01      300      0.000     8.0019     0.0783
   3.92043e+01      302      0.000     8.0163     0.1337
   4.10520e+01      296      0.000     8.1053     0.1067
   4.29867e+01      302      0.000     8.1495     0.1275
   4.50126e+01      300      0.000     8.0974     0.1561
   4.71340e+01      302      0.000     8.2303     0.1196
   4.93553e+01      298      0.000     8.3136     0.1548
   5.16814e+01      298      0.000     8.4945     0.1528
   5.41170e+01      300      0.000     8.3957     0.1200
   5.66675e+01      304      0.000     8.5514     0.0748
   5.93381e+01      298      0.000     8.5338     0.1624
   6.21347e+01      298      0.000     8.7916     0.1689
   6.50630e+01      302      0.000     8.4683     0.1900
   6.81293e+01      298      0.000     8.8600     0.1067
   7.13401e+01      304      0.000     8.6721     0.1539
   7.47023e+01      300      0.000     8.8904     0.1243
   7.82229e+01      296      0.000     8.7550     0.1766
   8.19094e+01      298      0.000     8.8423     0.1413
   8.57697e+01      306      0.000     8.7832     0.0734
   8.98119e+01      300      0.000     8.9184     0.1279
   9.40446e+01      302      0.000     8.9480     0.1760
   9.84768e+01      302      0.000     8.7389     0.2198
   1.03118e+02      304      0.000     8.9868     0.0866
   1.07978e+02      300      0.000     9.0608     0.1348
   1.13066e+02      302      0.000     9.0980     0.1704
   1.18395e+02      306      0.000     8.9639     0.1860
   1.23975e+02      300      0.000     9.1357     0.1247
   1.29818e+02      306      0.000     9.1386     0.1446
   1.35936e+02      304      0.000     9.3016     0.0834
   1.42342e+02      302      0.000     9.2843     0.0547
   1.49051e+02      312      0.000     9.3501     0.0840
   1.56075e+02      300      0.000     9.3358     0.0659
   1.63431e+02      306      0.000     9.3771     0.0805
   1.71133e+02      314      0.000     9.5048     0.0669
   1.79198e+02      308      0.000     9.4436     0.0770
   1.87644e+02      320      0.000     9.5695     0.0377
   1.96487e+02      322      0.000     9.4891     0.0519
   2.05747e+02      328      0.000     9.5151     0.0883
   2.15444e+02      348      0.000     9.6433     0.0566
   2.25597e+02      340      0.000     9.7959     0.0281
   2.36229e+02      376      0.000     9.7421     0.0409
   2.47363e+02      344      0.000     9.6429     0.0773
   2.59020e+02      338      0.000     9.6222     0.0688
   2.71228e+02      358      0.000     9.6039     0.0617
   2.84010e+02      368      0.000     9.7430     0.0785
   2.97395e+02      362      0.000     9.6618     0.0462
   3.11411e+02      396      0.000     9.8275     0.0497
   3.26087e+02      382      0.000     9.6639     0.0570
   3.41455e+02      406      0.000     9.7561     0.0504
   3.57548e+02      430      0.000     9.7817     0.0351
   3.74398e+02      428      0.000     9.9340     0.0511
   3.92043e+02      476      0.000     9.9381     0.0363
   4.10520e+02      472      0.000     9.9588     0.0757
   4.29867e+02      502      0.000    10.0835     0.0375
   4.50126e+02      556      0.000    10.1034     0.0702
   4.71340e+02      600      0.000    10.0952     0.0438
   4.93553e+02      674      0.000    10.1682     0.0264
   5.16814e+02      674      0.000    10.1333     0.0354
   5.41170e+02      648      0.000    10.1908     0.0153
   5.66675e+02      676      0.000    10.1943     0.0146
   5.93381e+02      644      0.000    10.0983     0.0248
   6.21347e+02      656      0.000    10.1722     0.0211
   6.50630e+02      640      0.000    10.1724     0.0243
   6.81293e+02      632      0.000    10.2565     0.0429
   7.13401e+02      652      0.000    10.2126     0.0769
   7.47023e+02      642      0.000    10.3011     0.0531
   7.82229e+02      624      0.000    10.2828     0.0577
   8.19094e+02      650      0.000    10.2550     0.0814
   8.57697e+02      608      0.000    10.2392     0.0614
   8.98119e+02      624      0.000    10.2002     0.0618
   9.40446e+02      624      0.000    10.2292     0.0258
   9.84768e+02      602      0.000    10.2667     0.0221
   1.03118e+03      622      0.000    10.3288     0.0269
   1.07978e+03      606      0.000    10.2886     0.0218
   1.13066e+03      600      0.000    10.2926     0.0137
   1.18395e+03      606      0.000    10.3846     0.0117
   1.23975e+03      584      0.000    10.3946     0.0098
   1.29818e+03      598      0.000    10.3399     0.0238
   1.35936e+03      590      0.000    10.4025     0.0153
   1.42342e+03      580      0.000    10.4108     0.0095
   1.49051e+03      602      0.000    10.4167     0.0064
   1.56075e+03      562      0.000    10.4187     0.0188
   1.63431e+03      580      0.000    10.4514     0.0179
   1.71133e+03      574      0.000    10.4351     0.0164
   1.79198e+03      556      0.000    10.4878     0.0105
   1.87644e+03      570      0.000    10.5132     0.0027
   1.96487e+03      574      0.000    10.5423     0.0022
   2.05747e+03      542      0.000    10.5937     0.0108
   2.15444e+03      568      0.000    10.5833     0.0109
   2.25597e+03      540      0.000    10.5522     0.0125
   2.36229e+03      550      0.000    10.5760     0.0255
   2.47363e+03      536      0.000    10.5840     0.0072
   2.59020e+03      532      0.000    10.6149     0.0033
   2.71228e+03      544      0.000    10.6462     0.0044
   2.84010e+03      536      0.000    10.6339     0.0149
   2.97395e+03      518      0.000    10.6529     0.0024
   3.11411e+03      546      0.000    10.6786     0.0036
   3.26087e+03      502      0.000    10.6884     0.0204
   3.41455e+03      522      0.000    10.7007     0.0032
   3.57548e+03      518      0.000    10.7366     0.0080
   3.74398e+03      498      0.000    10.7472     0.0029
   3.92043e+03      520      0.000    10.8056     0.0043
   4.10520e+03      498      0.000    10.8227     0.0117
   4.29867e+03      492      0.000    10.8622     0.0122
   4.50126e+03      506      0.000    10.8787     0.0160
   4.71340e+03      480      0.000    10.8694     0.0104
   4.93553e+03      488      0.000    10.8844     0.0053
   5.16814e+03      494      0.000    10.9471     0.0059
   5.41170e+03      474      0.000    10.9401     0.0022
   5.66675e+03      492      0.000    10.9774     0.0030
   5.93381e+03      464      0.000    10.9792     0.0074
   6.21347e+03      476      0.000    11.0258     0.0067
   6.50630e+03      464      0.000    11.0568     0.0170
   6.81293e+03      458      0.000    11.0626     0.0136
   7.13401e+03      468      0.000    11.0632     0.0099
   7.47023e+03      462      0.000    11.0889     0.0005
   7.82229e+03      444      0.000    11.1358     0.0156
   8.19094e+03      452      0.000    11.1410     0.0088
   8.57697e+03      434      0.000    11.1681     0.0113
   8.98119e+03      442      0.000    11.1876     0.0134
   9.40446e+03      420      0.000    11.1935     0.0133
   9.84768e+03      416      0.000    11.2043     0.0080
   1.03118e+04      418      0.000    11.2309     0.0133
   1.07978e+04      414      0.000    11.2436     0.0049
   1.13066e+04      392      0.000    11.2645     0.0058
   1.18395e+04      404      0.000    11.2752     0.0087
   1.23975e+04      374      0.000    11.2808     0.0024
   1.29818e+04      386      0.000    11.3050     0.0068
   1.35936e+04      366      0.000    11.3276     0.0026
   1.42342e+04      360      0.000    11.3369     0.0047
   1.49051e+04      360      0.000    11.3474     0.0067
   1.56075e+04      340      0.000    11.3583     0.0017
   1.63431e+04      342      0.000    11.3952     0.0031
   1.71133e+04      322      0.000    11.3949     0.0031
   1.79198e+04      320      0.000    11.4223     0.0044
   1.87644e+04      318      0.000    11.4281     0.0018
   1.96487e+04      298      0.000    11.4396     0.0035
   2.05747e+04      296      0.000    11.4640     0.0041
   2.15444e+04      290      0.000    11.4841     0.0053
   2.25597e+04      270      0.000    11.5023     0.0088
   2.36229e+04      282      0.000    11.5104     0.0036
   2.47363e+04      246      0.000    11.5290     0.0042
   2.59020e+04      250      0.000    11.5519     0.0076
   2.71228e+04      250      0.000    11.5587     0.0088
   2.84010e+04      236      0.000    11.5670     0.0111
   2.97395e+04      228      0.000    11.5923     0.0120
   3.11411e+04      222      0.000    11.6004     0.0097
   3.26087e+04      206      0.000    11.6127     0.0096
   3.41455e+04      214      0.000    11.6172     0.0087
   3.57548e+04      188      0.000    11.6122     0.0056
   3.74398e+04      188      0.000    11.6209     0.0058
   3.92043e+04      184      0.000    11.6363     0.0134
   4.10520e+04      174      0.000    11.6470     0.0134
   4.29867e+04      168      0.000    11.6500     0.0090
   4.50126e+04      162      0.000    11.6514     0.0098
   4.71340e+04      150      0.000    11.6691     0.0147
   4.93553e+04      156      0.000    11.6708     0.0119
   5.16814e+04      136      0.000    11.6635     0.0110
   5.41170e+04      138      0.000    11.6717     0.0130
   5.66675e+04      136      0.000    11.6841     0.0148
   5.93381e+04      118      0.000    11.6769     0.0121
   6.21347e+04      130      0.000    11.6792     0.0109
   6.50630e+04      106      0.000    11.6698     0.0169
   6.81293e+04      108      0.000    11.6748     0.0186
   7.13401e+04      114      0.000    11.6594     0.0165
   7.47023e+04       94      0.000    11.6481     0.0163
   7.82229e+04       98      0.000    11.6392     0.0135
   8.19094e+04       94      0.000    11.6317     0.0139
   8.57697e+04       84      0.000    11.6120     0.0157
   8.98119e+04       94      0.000    11.5906     0.0133
   9.40446e+04       74      0.000    11.5593     0.0205
   9.84768e+04       74      0.000    11.5269     0.0228
   1.03118e+05       80      0.000    11.4473     0.0195
   1.07978e+05       68      0.000    11.4284     0.0279
   1.13066e+05       68      0.000    11.4532     0.0241
   1.18395e+05       64      0.000    11.5111     0.0278
   1.23975e+05       60      0.000    11.5820     0.0364
   1.29818e+05       68      0.000    11.7053     0.0304
   1.35936e+05       50      0.000    11.8470     0.0407
   1.42342e+05       54      0.000    12.0274     0.0405
   1.49051e+05       56      0.000    12.2757     0.0369
   1.56075e+05       42      0.000    12.5765     0.0525
   1.63431e+05       54      0.000    12.9780     0.0505
   1.71133e+05       44      0.000    13.5204     0.0452
   1.79198e+05       38      0.000    14.2434     0.0547
   1.87644e+05       50      0.000    15.3649     0.0491
   1.96487e+05       32      0.000    17.1009     0.0642
   2.05747e+05       32      0.000    19.3152     0.0297
