! mass-weighted dust temperature of the middle part of the cylinder, |z| < 3.650 pc, against R
!        R(AU)    cells   frac T=0       T(K)     rms(K)
   8.64140e-02        1      0.833    20.4620     0.0000
   1.72419e-01        1      0.962    18.5915     0.0000
   1.89053e-01        1      0.971    18.4007     0.0000
   1.97963e-01        1      0.975    18.2106     0.0000
   2.07293e-01        1      0.977    18.0265     0.0000
   2.17062e-01        1      0.980    17.8485     0.0000
   2.27292e-01        1      0.981    17.6699     0.0000
   2.49221e-01        1      0.984    17.4980     0.0000
   2.60966e-01        1      0.984    17.3277     0.0000
   2.73265e-01        1      0.986    17.1598     0.0000
   2.86144e-01        1      0.987    16.9977     0.0000
   2.99629e-01        1      0.988    16.8333     0.0000
   3.28537e-01        1      0.989    16.6749     0.0000
   3.44020e-01        1      0.989    16.5169     0.0000
   3.60234e-01        1      0.990    16.3613     0.0000
   3.77211e-01        1      0.990    16.2096     0.0000
   3.94988e-01        1      0.991    16.0564     0.0000
   4.13603e-01        2      0.982    24.0907     0.6296
   4.33096e-01        1      0.991    11.2940     0.0000
   4.53507e-01        1      0.992    15.7595     0.0000
   4.74880e-01        1      0.992    15.6139     0.0000
   4.97261e-01        1      0.992    15.4698     0.0000
   5.20696e-01        1      0.993    15.3263     0.0000
   5.45236e-01        1      0.993    15.1870     0.0000
   5.97839e-01        1      0.993    15.0453     0.0000
   6.26014e-01        2      0.987     6.6610     1.0643
   6.55517e-01        2      0.987     5.9494     1.1383
   6.86411e-01        2      0.988     5.6432     1.1604
   7.18761e-01        2      0.988     5.4520     1.1678
   7.52635e-01        2      0.988     5.6914     2.8026
   7.88105e-01        4      0.977     7.5862     1.4426
   8.25247e-01        2      0.989    12.7974     0.7106
   8.64140e-01        5      0.973     7.3567     5.3458
   9.04866e-01        7      0.962     7.6073     5.1402
   9.47511e-01        8      0.959    11.5283     2.7963
   9.92166e-01        7      0.964     4.0864     2.4510
   1.03893e+00        8      0.960     7.8347     1.9665
   1.08789e+00        4      0.980     9.7371     1.3999
   1.13916e+00        7      0.966     9.2312     1.9255
   1.19285e+00        9      0.958     4.7453     2.0122
   1.24906e+00        8      0.964     8.6622     1.8660
   1.30793e+00       10      0.955     8.4030     1.7279
   1.36957e+00        7      0.970     6.8138     4.4877
   1.43412e+00        7      0.969    11.0482     0.4747
   1.50170e+00        7      0.962     6.6467     4.4124
   1.57248e+00       10      0.954     6.8529     4.3063
   1.64659e+00       11      0.943     6.6416     3.9334
   1.72419e+00       13      0.948     6.9423     4.1988
   1.80544e+00       11      0.945     6.7471     4.0913
   1.89053e+00       18      0.922     6.0295     3.5545
   1.97963e+00       13      0.946     7.9683     3.1852
   2.07293e+00       19      0.922     6.3245     3.3886
   2.17062e+00       20      0.910     6.5038     3.8110
   2.27292e+00       24      0.914     6.2855     3.4672
   2.38004e+00       24      0.903     6.6079     3.5292
   2.49221e+00       28      0.891     6.7633     3.5101
   2.60966e+00       24      0.906     7.9244     2.9653
   2.73265e+00       24      0.908     6.4483     3.4252
   2.86144e+00       33      0.878     7.1649     3.5517
   2.99629e+00       33      0.878     7.0872     3.5729
   3.13750e+00       35      0.862     6.6281     3.1671
   3.28537e+00       38      0.850     7.1876     3.4691
   3.44020e+00       34      0.858     8.2277     2.5831
   3.60234e+00       35      0.859     7.6307     2.9747
   3.77211e+00       35      0.849     7.4799     2.8261
   3.94988e+00       41      0.823     7.5998     2.8299
   4.13603e+00       41      0.835     7.2311     2.7448
   4.33096e+00       42      0.815     7.4950     2.9961
   4.53507e+00       40      0.824     8.0159     2.5216
   4.74880e+00       44      0.809     7.2560     3.0049
   4.97261e+00       43      0.791     8.0479     3.3942
   5.20696e+00       48      0.781     8.4451     3.5523
   5.45236e+00       53      0.749     8.1749     3.4481
   5.70932e+00       53      0.731     8.2275     3.4262
   5.97839e+00       55      0.723     7.8572     3.2090
   6.26014e+00       56      0.711     8.0636     2.6819
   6.55517e+00       57      0.704     7.9705     3.1289
   6.86411e+00       66      0.656     7.8701     2.9051
   7.18761e+00       67      0.651     7.8482     2.7644
   7.52635e+00       73      0.630     7.4069     2.8397
   7.88105e+00       76      0.616     7.4599     2.8192
   8.25247e+00       72      0.621     7.3718     2.4584
   8.64140e+00       72      0.614     7.3454     2.8172
   9.04866e+00       84      0.571     7.5378     2.3662
   9.47511e+00       83      0.568     7.3619     2.2712
   9.92166e+00       90      0.543     7.1554     2.4270
   1.03893e+01       90      0.531     7.0076     2.3459
   1.08789e+01       90      0.521     6.9409     2.2706
   1.13916e+01       90      0.525     6.9965     2.5763
   1.19285e+01       96      0.493     7.2333     2.5398
   1.24906e+01      102      0.475     7.0229     2.4225
   1.30793e+01      113      0.444     7.0448     2.3747
   1.36957e+01      110      0.430     7.0346     2.3476
   1.43412e+01      113      0.427     7.0452     2.2051
   1.50170e+01      117      0.403     6.8297     2.2965
   1.57248e+01      122      0.392     7.3985     2.1653
   1.64659e+01      134      0.355     7.3800     2.0541
   1.72419e+01      135      0.352     7.0308     2.1658
   1.80544e+01      138      0.341     6.8307     2.0726
   1.89053e+01      135      0.342     6.8683     2.1235
   1.97963e+01      145      0.317     6.5845     2.1358
   2.07293e+01      143      0.318     6.8205     2.1316
   2.17062e+01      158      0.274     6.9959     2.0203
   2.27292e+01      164      0.268     6.7841     2.1210
   2.38004e+01      163      0.264     6.7550     2.1011
   2.49221e+01      161      0.274     6.7564     2.0583
   2.60966e+01      168      0.247     6.7219     2.1918
   2.73265e+01      163      0.258     6.8620     1.9964
   2.86144e+01      174      0.229     6.8409     2.0250
   2.99629e+01      186      0.206     6.8845     1.9993
   3.13750e+01      183      0.214     6.8970     2.2946
   3.28537e+01      187      0.205     6.9615     2.1918
   3.44020e+01      190      0.192     6.9165     2.0610
   3.60234e+01      193      0.186     6.6978     2.1401
   3.77211e+01      200      0.170     6.9014     2.0398
   3.94988e+01      213      0.148     6.9915     1.9541
   4.13603e+01      210      0.149     6.9267     2.0331
   4.33096e+01      210      0.153     6.8889     1.9738
   4.53507e+01      216      0.137     7.1095     2.0345
   4.74880e+01      220      0.129     6.9114     1.9952
   4.97261e+01      222      0.126     7.0295     1.9347
   5.20696e+01      226      0.111     7.1499     1.9005
   5.45236e+01      229      0.113     7.1339     1.8835
   5.70932e+01      235      0.099     7.0697     1.8948
   5.97839e+01      233      0.104     7.0256     1.7178
   6.26014e+01      237      0.095     7.0285     1.8369
   6.55517e+01      244      0.081     6.9926     1.6446
   6.86411e+01      251      0.069     7.1144     1.6647
   7.18761e+01      252      0.070     7.2290     1.5423
   7.52635e+01      253      0.064     7.2607     1.6462
   7.88105e+01      260      0.056     7.2918     1.6072
   8.25247e+01      261      0.053     7.2811     1.5723
   8.64140e+01      264      0.045     7.1398     1.4984
   9.04866e+01      271      0.034     7.2978     1.4831
   9.47511e+01      275      0.033     7.2296     1.3909
   9.92166e+01      273      0.030     7.4105     1.5542
   1.03893e+02      279      0.024     7.2970     1.4363
   1.08789e+02      283      0.017     7.3420     1.4047
   1.13916e+02      279      0.021     7.3950     1.4695
   1.19285e+02      278      0.022     7.3686     1.5303
   1.24906e+02      277      0.021     7.4084     1.4410
   1.30793e+02      278      0.025     7.4701     1.3953
   1.36957e+02      280      0.022     7.4906     1.2898
   1.43412e+02      282      0.016     7.5362     1.2217
   1.50170e+02      291      0.008     7.5356     1.1305
   1.57248e+02      285      0.008     7.5344     1.1272
   1.64659e+02      289      0.005     7.5486     1.1906
   1.72419e+02      294      0.003     7.6370     1.1652
   1.80544e+02      294      0.003     7.6857     1.2239
   1.89053e+02      287      0.005     7.6107     1.1199
   1.97963e+02      300      0.000     7.6100     1.0699
   2.07293e+02      294      0.000     7.6682     1.0344
   2.17062e+02      296      0.000     7.6203     1.0021
   2.27292e+02      296      0.000     7.6430     1.0174
   2.38004e+02      294      0.000     7.7271     1.0109
   2.49221e+02      298      0.000     7.7640     0.9494
   2.60966e+02      291      0.002     7.7119     0.9511
   2.73265e+02      304      0.000     7.7607     0.9202
   2.86144e+02      290      0.000     7.7102     0.8624
   2.99629e+02      299      0.002     7.7017     0.7613
   3.13750e+02      298      0.000     7.6251     0.8391
   3.28537e+02      296      0.000     7.6717     0.8088
   3.44020e+02      302      0.000     7.7521     0.8161
   3.60234e+02      304      0.000     7.7436     0.7789
   3.77211e+02      308      0.000     7.7446     0.6941
   3.94988e+02      312      0.000     7.8181     0.7724
   4.13603e+02      312      0.000     7.8066     0.7335
   4.33096e+02      326      0.000     7.8499     0.7461
   4.53507e+02      326      0.000     7.8612     0.6809
   4.74880e+02      346      0.000     7.8152     0.6444
   4.97261e+02      372      0.000     7.8103     0.5707
   5.20696e+02      330      0.000     7.7696     0.6758
   5.45236e+02      342      0.000     7.7852     0.6542
   5.70932e+02      358      0.000     7.8285     0.6238
   5.97839e+02      348      0.000     7.7808     0.5612
   6.26014e+02      368      0.000     7.8448     0.6073
   6.55517e+02      394      0.000     7.8362     0.5905
   6.86411e+02      380      0.000     7.8311     0.5455
   7.18761e+02      410      0.000     7.8102     0.5653
   7.52635e+02      426      0.000     7.8052     0.5503
   7.88105e+02      436      0.000     7.8433     0.5430
   8.25247e+02      468      0.000     7.8466     0.5490
   8.64140e+02      484      0.000     7.8410     0.4785
   9.04866e+02      514      0.000     7.8598     0.4664
   9.47511e+02      576      0.000     7.9179     0.4695
   9.92166e+02      628      0.000     7.8522     0.4545
   1.03893e+03      690      0.000     7.8718     0.4584
   1.08789e+03      694      0.000     7.9133     0.4665
   1.13916e+03      680      0.000     7.9002     0.4507
   1.19285e+03      676      0.000     7.8399     0.4284
   1.24906e+03      678      0.000     7.9203     0.4405
   1.30793e+03      662      0.000     7.9258     0.4564
   1.36957e+03      682      0.000     7.9307     0.4420
   1.43412e+03      652      0.000     7.8623     0.4019
   1.50170e+03      650      0.000     7.8850     0.4073
   1.57248e+03      668      0.000     7.9008     0.3808
   1.64659e+03      642      0.000     7.9161     0.3782
   1.72419e+03      638      0.000     7.9301     0.3474
   1.80544e+03      648      0.000     7.9043     0.3246
   1.89053e+03      628      0.000     7.9260     0.3809
   1.97963e+03      632      0.000     7.9228     0.3321
   2.07293e+03      624      0.000     7.9626     0.3254
   2.17062e+03      614      0.000     7.9668     0.3135
   2.27292e+03      636      0.000     7.9669     0.3120
   2.38004e+03      602      0.000     7.9580     0.2990
   2.49221e+03      604      0.000     7.9451     0.2855
   2.60966e+03      610      0.000     7.9515     0.2739
   2.73265e+03      596      0.000     7.9522     0.2803
   2.86144e+03      590      0.000     7.9714     0.2668
   2.99629e+03      594      0.000     7.9635     0.2628
   3.13750e+03      580      0.000     7.9889     0.2513
   3.28537e+03      594      0.000     7.9585     0.2631
   3.44020e+03      572      0.000     8.0145     0.2530
   3.60234e+03      564      0.000     8.0299     0.2685
   3.77211e+03      584      0.000     8.0408     0.2454
   3.94988e+03      562      0.000     8.0724     0.2490
   4.13603e+03      554      0.000     8.0817     0.2408
   4.33096e+03      568      0.000     8.1190     0.2281
   4.53507e+03      542      0.000     8.1175     0.2122
   4.74880e+03      552      0.000     8.1149     0.2120
   4.97261e+03      534      0.000     8.1428     0.2086
   5.20696e+03      538      0.000     8.1416     0.1852
   5.45236e+03      552      0.000     8.1403     0.1903
   5.70932e+03      522      0.000     8.2030     0.2058
   5.97839e+03      522      0.000     8.2228     0.1893
   6.26014e+03      522      0.000     8.2369     0.1884
   6.55517e+03      518      0.000     8.2504     0.1726
   6.86411e+03      506      0.000     8.2955     0.1989
   7.18761e+03      518      0.000     8.3311     0.1841
   7.52635e+03      496      0.000     8.3364     0.1786
   7.88105e+03      512      0.000     8.3671     0.1834
   8.25247e+03      490      0.000     8.4048     0.1775
   8.64140e+03      476      0.000     8.4430     0.1727
   9.04866e+03      492      0.000     8.4991     0.1726
   9.47511e+03      472      0.000     8.5021     0.1719
   9.92166e+03      456      0.000     8.5443     0.1452
   1.03893e+04      470      0.000     8.5946     0.1531
   1.08789e+04      440      0.000     8.6270     0.1531
   1.13916e+04      442      0.000     8.6692     0.1477
   1.19285e+04      432      0.000     8.7198     0.1340
   1.24906e+04      420      0.000     8.7598     0.1433
   1.30793e+04      432      0.000     8.8175     0.1366
   1.36957e+04      402      0.000     8.8680     0.1442
   1.43412e+04      394      0.000     8.9071     0.1333
   1.50170e+04      394      0.000     8.9864     0.1274
   1.57248e+04      380      0.000     9.0480     0.1285
   1.64659e+04      364      0.000     9.1310     0.1289
   1.72419e+04      370      0.000     9.1653     0.1140
   1.80544e+04      346      0.000     9.2329     0.1088
   1.89053e+04      350      0.000     9.2948     0.1187
   1.97963e+04      336      0.000     9.3598     0.1113
   2.07293e+04      316      0.000     9.4369     0.1131
   2.17062e+04      318      0.000     9.5063     0.1104
   2.27292e+04      314      0.000     9.5865     0.1034
   2.38004e+04      286      0.000     9.6666     0.0973
   2.49221e+04      290      0.000     9.7522     0.1075
   2.60966e+04      280      0.000     9.8256     0.0957
   2.73265e+04      262      0.000     9.9039     0.0859
   2.86144e+04      260      0.000     9.9905     0.0866
   2.99629e+04      248      0.000    10.0839     0.0819
   3.13750e+04      244      0.000    10.1715     0.0830
   3.28537e+04      236      0.000    10.2580     0.0834
   3.44020e+04      218      0.000    10.3523     0.0769
   3.60234e+04      216      0.000    10.4304     0.0740
   3.77211e+04      204      0.000    10.5352     0.0805
   3.94988e+04      194      0.000    10.6464     0.0799
   4.13603e+04      202      0.000    10.7448     0.0717
   4.33096e+04      178      0.000    10.8497     0.0726
   4.53507e+04      180      0.000    10.9447     0.0796
   4.74880e+04      174      0.000    11.0501     0.0734
   4.97261e+04      154      0.000    11.1608     0.0695
   5.20696e+04      158      0.000    11.2633     0.0788
   5.45236e+04      156      0.000    11.3793     0.0690
   5.70932e+04      136      0.000    11.4900     0.0826
   5.97839e+04      144      0.000    11.6114     0.0820
   6.26014e+04      130      0.000    11.7419     0.0912
   6.55517e+04      124      0.000    11.8517     0.0868
   6.86411e+04      128      0.000    11.9762     0.1030
   7.18761e+04      108      0.000    12.0841     0.1093
   7.52635e+04      114      0.000    12.2099     0.1110
   7.88105e+04      110      0.000    12.3417     0.1139
   8.25247e+04       94      0.000    12.4664     0.1323
   8.64140e+04      100      0.000    12.5933     0.1468
   9.04866e+04       94      0.000    12.7247     0.1646
   9.47511e+04       84      0.000    12.8489     0.1874
   9.92166e+04       90      0.000    12.9806     0.2025
   1.03893e+05       76      0.000    13.0923     0.2283
   1.08789e+05       80      0.000    13.2042     0.2492
   1.13916e+05       78      0.000    13.3414     0.2435
   1.19285e+05       66      0.000    13.4793     0.2948
   1.24906e+05       70      0.000    13.6507     0.2689
   1.30793e+05       72      0.000    13.8595     0.2818
   1.36957e+05       54      0.000    14.0650     0.3339
   1.43412e+05       62      0.000    14.3139     0.3039
   1.50170e+05       56      0.000    14.6058     0.3661
   1.57248e+05       50      0.000    14.9488     0.3171
   1.64659e+05       60      0.000    15.3977     0.3855
   1.72419e+05       42      0.000    15.9170     0.4029
   1.80544e+05       50      0.000    16.5840     0.3853
   1.89053e+05       52      0.000    17.5857     0.4515
   1.97963e+05       32      0.000    18.8504     0.3676
   2.07293e+05       32      0.000    20.1167     0.3446
