# radiative transfer cores injected into simsky6.w40
# tag  y_pix  x_pix  M_BE(Msun)  R_BE(arcsec)  SD_emb(cm-2)  FWHM(arcsec)  Td_avg(K)  local_column(cm-2)
i04j19k15      226   197     0.1216      42.73        3e+21      69.23    13.13     4.09e+21
i04j19k15     1447   321     0.1216      42.73        3e+21      69.23    13.13    3.848e+21
i04j19k15     1008   103     0.1216      42.73        3e+21      69.23    13.13    3.602e+21
i04j19k15     1619   199     0.1216      42.73        3e+21      69.23    13.13    2.996e+21
i04j19k15     1655   300     0.1216      42.73        3e+21      69.23    13.13    2.372e+21
i04j19k15     1127  1691     0.1216      42.73        3e+21      69.23    13.13    3.638e+21
i04j19k15     1598   566     0.1216      42.73        3e+21      69.23    13.13     4.18e+21
i04j19k15     1190    56     0.1216      42.73        3e+21      69.23    13.13    4.023e+21
i08j19k09     1713  1126     0.1218      11.77      4.8e+22      19.13     7.46    6.503e+22
i08j19k09      690   895     0.1218      11.77      4.8e+22      19.13     7.46    5.796e+22
i08j19k09      809   673     0.1218      11.77      4.8e+22      19.13     7.46    4.063e+22
i08j19k09      983  1112     0.1218      11.77      4.8e+22      19.13     7.46    5.924e+22
i08j19k09     1104  1134     0.1218      11.77      4.8e+22      19.13     7.46    4.565e+22
i08j19k09      617   894     0.1218      11.77      4.8e+22      19.13     7.46    4.955e+22
i08j19k09     1040   893     0.1218      11.77      4.8e+22      19.13     7.46    6.066e+22
i08j19k09     1700   895     0.1218      11.77      4.8e+22      19.13     7.46    4.669e+22
i04j20k03      676    94     0.1808      10.17        3e+21      15.62     9.05    3.159e+21
i04j20k03       44    86     0.1808      10.17        3e+21      15.62     9.05    2.526e+21
i04j20k03      754   156     0.1808      10.17        3e+21      15.62     9.05    3.904e+21
i04j20k03      914   137     0.1808      10.17        3e+21      15.62     9.05    4.135e+21
i04j20k03      799  1703     0.1808      10.17        3e+21      15.62     9.05    2.276e+21
i04j20k03     1525   108     0.1808      10.17        3e+21      15.62     9.05    3.523e+21
i04j20k03     1666   101     0.1808      10.17        3e+21      15.62     9.05    3.584e+21
i04j20k03      448  1741     0.1808      10.17        3e+21      15.62     9.05    2.603e+21
i06j21k13      408  1002     0.2682      29.07      1.2e+22      43.34     9.18    1.184e+22
i06j21k13      200   660     0.2682      29.07      1.2e+22      43.34     9.18    1.466e+22
i06j21k13     1477   949     0.2682      29.07      1.2e+22      43.34     9.18    1.051e+22
i06j21k13     1707  1373     0.2682      29.07      1.2e+22      43.34     9.18    8.609e+21
i06j21k13      659   637     0.2682      29.07      1.2e+22      43.34     9.18    1.612e+22
i06j21k13     1664   686     0.2682      29.07      1.2e+22      43.34     9.18    1.462e+22
i06j21k13      226   827     0.2682      29.07      1.2e+22      43.34     9.18    1.005e+22
i06j21k13      707   759     0.2682      29.07      1.2e+22      43.34     9.18    1.373e+22
i05j21k04      105   599     0.2683      15.40        6e+21      17.17     8.87    5.312e+21
i05j21k04     1436  1278     0.2683      15.40        6e+21      17.17     8.87    6.882e+21
i05j21k04     1281   513     0.2683      15.40        6e+21      17.17     8.87    6.174e+21
i05j21k04     1140   339     0.2683      15.40        6e+21      17.17     8.87      5.7e+21
i05j21k04     1551  1458     0.2683      15.40        6e+21      17.17     8.87    5.417e+21
i05j21k04      805   224     0.2683      15.40        6e+21      17.17     8.87    8.424e+21
i05j21k04      660  1674     0.2683      15.40        6e+21      17.17     8.87    4.323e+21
i05j21k04     1154   235     0.2683      15.40        6e+21      17.17     8.87    6.146e+21
i06j22k15     1550  1168     0.3981      46.62      1.2e+22      71.75     9.35    1.594e+22
i06j22k15      964   574     0.3981      46.62      1.2e+22      71.75     9.35    1.608e+22
i06j22k15     1456   852     0.3981      46.62      1.2e+22      71.75     9.35     1.33e+22
i06j22k15     1146  1368     0.3981      46.62      1.2e+22      71.75     9.35    1.017e+22
i06j22k15     1142   495     0.3981      46.62      1.2e+22      71.75     9.35    8.635e+21
i06j22k15     1446  1176     0.3981      46.62      1.2e+22      71.75     9.35    1.461e+22
i06j22k15      419   455     0.3981      46.62      1.2e+22      71.75     9.35    1.282e+22
i06j22k15     1584  1539     0.3981      46.62      1.2e+22      71.75     9.35    1.205e+22
i04j23k08       83   162     0.5907      26.92        3e+21      22.78    10.05    3.538e+21
i04j23k08     1737   286     0.5907      26.92        3e+21      22.78    10.05    3.574e+21
i04j23k08      426    93     0.5907      26.92        3e+21      22.78    10.05    3.692e+21
i04j23k08      181   129     0.5907      26.92        3e+21      22.78    10.05    2.995e+21
i04j23k08     1395   163     0.5907      26.92        3e+21      22.78    10.05    3.843e+21
i04j23k08     1535   333     0.5907      26.92        3e+21      22.78    10.05    2.734e+21
i04j23k08      683  1753     0.5907      26.92        3e+21      22.78    10.05    3.103e+21
i04j23k08     1388  1690     0.5907      26.92        3e+21      22.78    10.05    4.229e+21
i04j24k15     1001  1665     0.8765      51.73        3e+21      73.33    11.72    3.945e+21
i04j24k15      222   321     0.8765      51.73        3e+21      73.33    11.72    4.211e+21
i04j24k15     1295    72     0.8765      51.73        3e+21      73.33    11.72    3.457e+21
i04j24k15     1372    68     0.8765      51.73        3e+21      73.33    11.72    4.186e+21
i04j24k15     1440    85     0.8765      51.73        3e+21      73.33    11.72    3.044e+21
i04j24k15      564  1683     0.8765      51.73        3e+21      73.33    11.72    3.773e+21
i04j24k15       77   346     0.8765      51.73        3e+21      73.33    11.72    4.172e+21
i04j24k15     1751   517     0.8765      51.73        3e+21      73.33    11.72    4.021e+21
i06j24k15     1387  1010     0.8770      54.88      1.2e+22      74.22     9.20    1.247e+22
i06j24k15     1593  1317     0.8770      54.88      1.2e+22      74.22     9.20    9.405e+21
i06j24k15      301   658     0.8770      54.88      1.2e+22      74.22     9.20    1.535e+22
i06j24k15      196  1007     0.8770      54.88      1.2e+22      74.22     9.20    1.022e+22
i06j24k15      503   468     0.8770      54.88      1.2e+22      74.22     9.20    9.706e+21
i06j24k15      721  1288     0.8770      54.88      1.2e+22      74.22     9.20    8.663e+21
i06j24k15     1592   870     0.8770      54.88      1.2e+22      74.22     9.20    1.479e+22
i06j24k15      866   544     0.8770      54.88      1.2e+22      74.22     9.20     1.36e+22
i08j25k14      719  1100     1.3015      68.05      4.8e+22      61.02     7.55     3.97e+22
i08j25k14      819   909     1.3015      68.05      4.8e+22      61.02     7.55     4.65e+22
i08j25k14      487  1132     1.3015      68.05      4.8e+22      61.02     7.55    4.896e+22
i08j25k14     1225   904     1.3015      68.05      4.8e+22      61.02     7.55    4.015e+22
i08j25k14      914   939     1.3015      68.05      4.8e+22      61.02     7.55     3.69e+22
i08j25k14     1138   908     1.3015      68.05      4.8e+22      61.02     7.55    3.774e+22
i08j25k14      793  1102     1.3015      68.05      4.8e+22      61.02     7.55    4.025e+22
i08j25k14      649  1108     1.3015      68.05      4.8e+22      61.02     7.55    5.207e+22
i07j27k10      352   887     2.8650     184.67      2.4e+22      28.15     8.23    3.088e+22
i07j27k10     1223  1339     2.8650     184.67      2.4e+22      28.15     8.23    2.446e+22
i07j27k10      307  1095     2.8650     184.67      2.4e+22      28.15     8.23    2.422e+22
i07j27k10     1471  1351     2.8650     184.67      2.4e+22      28.15     8.23    2.081e+22
i07j27k10      498   884     2.8650     184.67      2.4e+22      28.15     8.23    2.539e+22
i07j27k10      336  1353     2.8650     184.67      2.4e+22      28.15     8.23    1.796e+22
i07j27k10      579  1565     2.8650     184.67      2.4e+22      28.15     8.23    3.157e+22
i07j27k10      122   670     2.8650     184.67      2.4e+22      28.15     8.23    2.791e+22
i04j28k11      424   164     4.2534     235.81        3e+21      32.32    12.22    4.176e+21
i04j28k11     1549   202     4.2534     235.81        3e+21      32.32    12.22    3.643e+21
i04j28k11      605   149     4.2534     235.81        3e+21      32.32    12.22    4.104e+21
i04j28k11     1249   403     4.2534     235.81        3e+21      32.32    12.22    4.123e+21
i04j28k11     1613   382     4.2534     235.81        3e+21      32.32    12.22    4.144e+21
i04j28k11     1272   165     4.2534     235.81        3e+21      32.32    12.22    3.807e+21
i04j28k11      846   150     4.2534     235.81        3e+21      32.32    12.22    3.949e+21
i04j28k11     1466   249     4.2534     235.81        3e+21      32.32    12.22    4.164e+21
