# Injection truth table -- cmf2.00_n600_s2031_flat  seed=2031
# observed-size cut FWHMSDbs in [15.0, 80.0] arcsec: 356 of 518 grid nodes retained
# Core mass function sampling:
# dN/dM proportional to M^(-2.00)  (dN/dlogM proportional to M^(-1.00))
# 600 reported masses drawn on [0.05, 6] M_sun; median 0.0949 M_sun
# 1 of 600 draws discarded: the background column of the real source drawn lies outside every embedding rung
# 599 cores assigned to 71 distinct grid nodes
# drawn reported mass versus node reported mass M_SED4bs: median 0.0949 versus 0.0643 M_sun, median |log10 ratio| 0.175 dex
# drawn contrast versus node contrast at the drawn column: median 1.220 versus 1.238, median |log10 ratio| 0.011 dex
# drawn observed size versus node size FWHMSDbs: median 40.1 versus 41.4 arcsec, median |log10 ratio| 0.063 dex
# target background column: median 4.93e+21 cm^-2 (5th 3.08e+21, 95th 1.34e+22)
# slope of the true masses M_BE actually assigned, above 0.10 M_sun: x = 1.67 +/- 0.11  (nominal input x = 1.00)
# slope of the true masses M_BE actually assigned, above 0.20 M_sun: x = 1.51 +/- 0.16  (nominal input x = 1.00)
# centers of injected cores must clear the footprints of the real sources by 18.2 arcsec; the footprints themselves cover 6.5% of the field
# sep_criterion=36.3"  scale_factor=1  local_Sigma/SD_emb in cm-2  T_BE in K  rho_BE in cm-3  M_BE in Msun  R_BE_as in arcsec (truncation radius of the sphere)  FWHM_SD in arcsec (observed major axis at half maximum of the model in the surface-density image, FWHMSDbs)
# id    model         x_pix  y_pix  local_Sigma  SD_emb       T_BE   rho_BE       M_BE    R_BE_as  FWHM_SD  scale
#----------------------------------------------------------------------------------------------------------------
  001  i04j15k07       338    387    2.405e+22    2.400e+22    8.28    4.020e-19  3.2385   168.92    49.81  1
  002  i04j14k07       326    314    3.513e+22    2.400e+22    8.29    3.863e-19  2.1087    99.15    49.47  1
  003  i03j13k04       724    652    9.407e+21    1.200e+22    7.79    7.642e-18  1.3736    88.39    22.35  1
  004  i03j13k08       477    376    1.570e+22    1.200e+22    9.55    1.131e-19  1.3733    66.36    75.60  1
  005  i03j13k08       443    379    1.837e+22    1.200e+22    9.55    1.131e-19  1.3733    66.36    75.60  1
  006  i03j12k08       178    113    1.563e+22    1.200e+22    9.67    8.537e-20  0.8945    55.27    74.38  1
  007  i03j12k08       181    357    1.247e+22    1.200e+22    9.67    8.537e-20  0.8945    55.27    74.38  1
  008  i03j11k08       198    318    1.565e+22    1.200e+22    9.78    5.947e-20  0.5826    49.61    73.10  1
  009  i03j11k08        78    605    1.333e+22    1.200e+22    9.78    5.947e-20  0.5826    49.61    73.10  1
  010  i03j11k08       651    508    1.054e+22    1.200e+22    9.78    5.947e-20  0.5826    49.61    73.10  1
  011  i03j11k08       602    526    1.172e+22    1.200e+22    9.78    5.947e-20  0.5826    49.61    73.10  1
  012  i03j11k08       539    395    1.128e+22    1.200e+22    9.78    5.947e-20  0.5826    49.61    73.10  1
  013  i03j10k08       534    363    1.218e+22    1.200e+22    9.88    4.058e-20  0.3789    46.31    71.51  1
  014  i03j10k08       788    737    1.026e+22    1.200e+22    9.88    4.058e-20  0.3789    46.31    71.51  1
  015  i03j10k08       646    476    1.233e+22    1.200e+22    9.88    4.058e-20  0.3789    46.31    71.51  1
  016  i02j10k08       870    480    6.364e+21    6.000e+21   11.28    4.053e-20  0.3793    45.79    71.36  1
  017  i02j10k08       685    211    8.655e+21    6.000e+21   11.28    4.053e-20  0.3793    45.79    71.36  1
  018  i02j10k08       359    180    7.798e+21    6.000e+21   11.28    4.053e-20  0.3793    45.79    71.36  1
  019  i02j10k08       873    666    6.266e+21    6.000e+21   11.28    4.053e-20  0.3793    45.79    71.36  1
  020  i02j09k08       644    667    6.178e+21    6.000e+21   11.45    2.620e-20  0.2468    44.54    70.98  1
  021  i02j09k08       932    611    6.461e+21    6.000e+21   11.45    2.620e-20  0.2468    44.54    70.98  1
  022  i02j09k08        94    732    7.187e+21    6.000e+21   11.45    2.620e-20  0.2468    44.54    70.98  1
  023  i02j09k08       321    139    7.408e+21    6.000e+21   11.45    2.620e-20  0.2468    44.54    70.98  1
  024  i02j09k08       545    553    7.215e+21    6.000e+21   11.45    2.620e-20  0.2468    44.54    70.98  1
  025  i02j09k08       760    580    8.140e+21    6.000e+21   11.45    2.620e-20  0.2468    44.54    70.98  1
  026  i02j09k08       404    635    5.221e+21    6.000e+21   11.45    2.620e-20  0.2468    44.54    70.98  1
  027  i02j09k08       887    621    6.753e+21    6.000e+21   11.45    2.620e-20  0.2468    44.54    70.98  1
  028  i02j09k08        41    387    6.938e+21    6.000e+21   11.45    2.620e-20  0.2468    44.54    70.98  1
  029  i02j09k08       814    568    8.474e+21    6.000e+21   11.45    2.620e-20  0.2468    44.54    70.98  1
  030  i02j09k08       839    427    6.130e+21    6.000e+21   11.45    2.620e-20  0.2468    44.54    70.98  1
  031  i02j09k08       801    872    7.094e+21    6.000e+21   11.45    2.620e-20  0.2468    44.54    70.98  1
  032  i02j09k08       597    293    6.717e+21    6.000e+21   11.45    2.620e-20  0.2468    44.54    70.98  1
  033  i03j09k08       775    664    1.167e+22    1.200e+22    9.95    2.644e-20  0.2469    44.77    70.96  1
  034  i03j09k08       449    284    9.866e+21    1.200e+22    9.95    2.644e-20  0.2469    44.77    70.96  1
  035  i03j09k08       721    556    9.484e+21    1.200e+22    9.95    2.644e-20  0.2469    44.77    70.96  1
  036  i02j08k08       572    186    4.550e+21    6.000e+21   11.57    1.732e-20  0.1607    43.52    70.24  1
  037  i02j08k08       499    718    6.592e+21    6.000e+21   11.57    1.732e-20  0.1607    43.52    70.24  1
  038  i02j08k08       274    629    5.036e+21    6.000e+21   11.57    1.732e-20  0.1607    43.52    70.24  1
  039  i02j08k08        64    782    6.175e+21    6.000e+21   11.57    1.732e-20  0.1607    43.52    70.24  1
  040  i02j08k08       898    691    6.338e+21    6.000e+21   11.57    1.732e-20  0.1607    43.52    70.24  1
  041  i02j08k08        62    924    6.228e+21    6.000e+21   11.57    1.732e-20  0.1607    43.52    70.24  1
  042  i02j08k08       754    149    5.870e+21    6.000e+21   11.57    1.732e-20  0.1607    43.52    70.24  1
  043  i02j08k08       138    715    6.677e+21    6.000e+21   11.57    1.732e-20  0.1607    43.52    70.24  1
  044  i02j08k08       219    773    5.836e+21    6.000e+21   11.57    1.732e-20  0.1607    43.52    70.24  1
  045  i02j08k08       563    919    4.966e+21    6.000e+21   11.57    1.732e-20  0.1607    43.52    70.24  1
  046  i02j08k08       719    699    5.825e+21    6.000e+21   11.57    1.732e-20  0.1607    43.52    70.24  1
  047  i02j08k08       911    930    5.748e+21    6.000e+21   11.57    1.732e-20  0.1607    43.52    70.24  1
  048  i02j08k08       666    179    5.387e+21    6.000e+21   11.57    1.732e-20  0.1607    43.52    70.24  1
  049  i02j08k08       260    599    5.662e+21    6.000e+21   11.57    1.732e-20  0.1607    43.52    70.24  1
  050  i02j08k08       458    878    5.168e+21    6.000e+21   11.57    1.732e-20  0.1607    43.52    70.24  1
  051  i02j08k08       868    858    5.617e+21    6.000e+21   11.57    1.732e-20  0.1607    43.52    70.24  1
  052  i02j08k08       502    899    6.296e+21    6.000e+21   11.57    1.732e-20  0.1607    43.52    70.24  1
  053  i02j08k08       460    742    5.248e+21    6.000e+21   11.57    1.732e-20  0.1607    43.52    70.24  1
  054  i02j08k08       932    566    5.429e+21    6.000e+21   11.57    1.732e-20  0.1607    43.52    70.24  1
  055  i02j08k08       559    223    6.003e+21    6.000e+21   11.57    1.732e-20  0.1607    43.52    70.24  1
  056  i02j08k08       608    245    5.166e+21    6.000e+21   11.57    1.732e-20  0.1607    43.52    70.24  1
  057  i02j08k08       547    859    6.165e+21    6.000e+21   11.57    1.732e-20  0.1607    43.52    70.24  1
  058  i01j08k08       628     59    3.941e+21    3.000e+21   13.29    1.748e-20  0.1609    43.23    69.90  1
  059  i01j08k08       312    772    4.144e+21    3.000e+21   13.29    1.748e-20  0.1609    43.23    69.90  1
  060  i01j08k08       338    745    4.131e+21    3.000e+21   13.29    1.748e-20  0.1609    43.23    69.90  1
  061  i01j08k08       408    935    4.366e+21    3.000e+21   13.29    1.748e-20  0.1609    43.23    69.90  1
  062  i01j08k08       232    924    4.162e+21    3.000e+21   13.29    1.748e-20  0.1609    43.23    69.90  1
  063  i01j08k08       656    858    4.240e+21    3.000e+21   13.29    1.748e-20  0.1609    43.23    69.90  1
  064  i01j07k08       705    924    4.245e+21    3.000e+21   13.48    1.138e-20  0.1048    42.80    69.54  1
  065  i01j07k08       604    190    4.287e+21    3.000e+21   13.48    1.138e-20  0.1048    42.80    69.54  1
  066  i01j07k08       584    107    4.312e+21    3.000e+21   13.48    1.138e-20  0.1048    42.80    69.54  1
  067  i01j07k08       821    236    3.860e+21    3.000e+21   13.48    1.138e-20  0.1048    42.80    69.54  1
  068  i01j07k08       687    851    4.309e+21    3.000e+21   13.48    1.138e-20  0.1048    42.80    69.54  1
  069  i01j07k08       223    880    4.178e+21    3.000e+21   13.48    1.138e-20  0.1048    42.80    69.54  1
  070  i01j07k08       385    755    4.414e+21    3.000e+21   13.48    1.138e-20  0.1048    42.80    69.54  1
  071  i01j07k08       803    137    3.837e+21    3.000e+21   13.48    1.138e-20  0.1048    42.80    69.54  1
  072  i01j07k08       302    920    4.409e+21    3.000e+21   13.48    1.138e-20  0.1048    42.80    69.54  1
  073  i01j07k08       792    263    3.567e+21    3.000e+21   13.48    1.138e-20  0.1048    42.80    69.54  1
  074  i01j07k08       827    362    4.191e+21    3.000e+21   13.48    1.138e-20  0.1048    42.80    69.54  1
  075  i01j07k08       168    847    4.312e+21    3.000e+21   13.48    1.138e-20  0.1048    42.80    69.54  1
  076  i01j07k08       573     63    4.156e+21    3.000e+21   13.48    1.138e-20  0.1048    42.80    69.54  1
  077  i01j07k08       446    663    4.256e+21    3.000e+21   13.48    1.138e-20  0.1048    42.80    69.54  1
  078  i01j07k08       861    317    3.456e+21    3.000e+21   13.48    1.138e-20  0.1048    42.80    69.54  1
  079  i02j07k08       548    827    6.175e+21    6.000e+21   11.65    1.151e-20  0.1047    42.76    69.32  1
  080  i02j07k08       649    223    6.081e+21    6.000e+21   11.65    1.151e-20  0.1047    42.76    69.32  1
  081  i02j07k08       228    676    5.698e+21    6.000e+21   11.65    1.151e-20  0.1047    42.76    69.32  1
  082  i02j07k08       828    465    5.274e+21    6.000e+21   11.65    1.151e-20  0.1047    42.76    69.32  1
  083  i02j07k08       443    611    5.688e+21    6.000e+21   11.65    1.151e-20  0.1047    42.76    69.32  1
  084  i02j07k08       448    809    4.420e+21    6.000e+21   11.65    1.151e-20  0.1047    42.76    69.32  1
  085  i02j07k08       332    867    4.518e+21    6.000e+21   11.65    1.151e-20  0.1047    42.76    69.32  1
  086  i02j07k08       146    873    4.547e+21    6.000e+21   11.65    1.151e-20  0.1047    42.76    69.32  1
  087  i02j07k08       333    926    4.761e+21    6.000e+21   11.65    1.151e-20  0.1047    42.76    69.32  1
  088  i02j07k08       130    784    5.110e+21    6.000e+21   11.65    1.151e-20  0.1047    42.76    69.32  1
  089  i02j07k08        98    765    5.923e+21    6.000e+21   11.65    1.151e-20  0.1047    42.76    69.32  1
  090  i02j07k08       215    639    5.945e+21    6.000e+21   11.65    1.151e-20  0.1047    42.76    69.32  1
  091  i02j07k08       670    754    4.779e+21    6.000e+21   11.65    1.151e-20  0.1047    42.76    69.32  1
  092  i02j07k08       871    929    4.635e+21    6.000e+21   11.65    1.151e-20  0.1047    42.76    69.32  1
  093  i02j07k08       284    737    5.052e+21    6.000e+21   11.65    1.151e-20  0.1047    42.76    69.32  1
  094  i02j07k08       712    803    4.501e+21    6.000e+21   11.65    1.151e-20  0.1047    42.76    69.32  1
  095  i02j07k08       268    865    5.015e+21    6.000e+21   11.65    1.151e-20  0.1047    42.76    69.32  1
  096  i02j07k08       572    765    5.992e+21    6.000e+21   11.65    1.151e-20  0.1047    42.76    69.32  1
  097  i02j07k08       914    728    5.678e+21    6.000e+21   11.65    1.151e-20  0.1047    42.76    69.32  1
  098  i02j07k08       476    643    4.569e+21    6.000e+21   11.65    1.151e-20  0.1047    42.76    69.32  1
  099  i02j07k08       749    397    5.116e+21    6.000e+21   11.65    1.151e-20  0.1047    42.76    69.32  1
  100  i02j07k08       651    803    4.474e+21    6.000e+21   11.65    1.151e-20  0.1047    42.76    69.32  1
  101  i02j07k08       767    917    5.453e+21    6.000e+21   11.65    1.151e-20  0.1047    42.76    69.32  1
  102  i02j07k08       505    662    4.474e+21    6.000e+21   11.65    1.151e-20  0.1047    42.76    69.32  1
  103  i02j07k08       175    794    4.613e+21    6.000e+21   11.65    1.151e-20  0.1047    42.76    69.32  1
  104  i02j07k08       549    600    5.314e+21    6.000e+21   11.65    1.151e-20  0.1047    42.76    69.32  1
  105  i02j07k08       631    275    5.872e+21    6.000e+21   11.65    1.151e-20  0.1047    42.76    69.32  1
  106  i02j07k08       506    120    7.281e+21    6.000e+21   11.65    1.151e-20  0.1047    42.76    69.32  1
  107  i02j07k08       805    206    5.191e+21    6.000e+21   11.65    1.151e-20  0.1047    42.76    69.32  1
  108  i02j07k08        95    890    5.424e+21    6.000e+21   11.65    1.151e-20  0.1047    42.76    69.32  1
  109  i02j07k08       602    625    5.712e+21    6.000e+21   11.65    1.151e-20  0.1047    42.76    69.32  1
  110  i02j07k08       441    705    4.664e+21    6.000e+21   11.65    1.151e-20  0.1047    42.76    69.32  1
  111  i02j07k08       546    655    4.952e+21    6.000e+21   11.65    1.151e-20  0.1047    42.76    69.32  1
  112  i02j07k08       528     79    6.099e+21    6.000e+21   11.65    1.151e-20  0.1047    42.76    69.32  1
  113  i02j07k08       702    260    5.822e+21    6.000e+21   11.65    1.151e-20  0.1047    42.76    69.32  1
  114  i02j07k08       880    789    5.562e+21    6.000e+21   11.65    1.151e-20  0.1047    42.76    69.32  1
  115  i02j07k08       379    825    4.373e+21    6.000e+21   11.65    1.151e-20  0.1047    42.76    69.32  1
  116  i02j07k08       678    292    5.645e+21    6.000e+21   11.65    1.151e-20  0.1047    42.76    69.32  1
  117  i02j07k08       142    924    4.351e+21    6.000e+21   11.65    1.151e-20  0.1047    42.76    69.32  1
  118  i02j07k08       731    869    5.785e+21    6.000e+21   11.65    1.151e-20  0.1047    42.76    69.32  1
  119  i02j07k08       853    597    6.333e+21    6.000e+21   11.65    1.151e-20  0.1047    42.76    69.32  1
  120  i01j06k08       621    887    4.207e+21    3.000e+21   13.60    7.757e-21  0.0683    41.90    68.40  1
  121  i01j06k08       751    117    3.807e+21    3.000e+21   13.60    7.757e-21  0.0683    41.90    68.40  1
  122  i01j06k08       923    370    3.628e+21    3.000e+21   13.60    7.757e-21  0.0683    41.90    68.40  1
  123  i01j06k08       317    808    4.041e+21    3.000e+21   13.60    7.757e-21  0.0683    41.90    68.40  1
  124  i01j06k08       850    218    3.689e+21    3.000e+21   13.60    7.757e-21  0.0683    41.90    68.40  1
  125  i01j06k08       700    108    3.569e+21    3.000e+21   13.60    7.757e-21  0.0683    41.90    68.40  1
  126  i01j06k08       795     57    3.188e+21    3.000e+21   13.60    7.757e-21  0.0683    41.90    68.40  1
  127  i01j06k08       625    929    3.771e+21    3.000e+21   13.60    7.757e-21  0.0683    41.90    68.40  1
  128  i01j06k08       709     46    3.199e+21    3.000e+21   13.60    7.757e-21  0.0683    41.90    68.40  1
  129  i01j06k08       754    326    4.116e+21    3.000e+21   13.60    7.757e-21  0.0683    41.90    68.40  1
  130  i01j06k08       408    814    4.069e+21    3.000e+21   13.60    7.757e-21  0.0683    41.90    68.40  1
  131  i01j06k08       908    865    4.236e+21    3.000e+21   13.60    7.757e-21  0.0683    41.90    68.40  1
  132  i01j06k08       623    116    3.838e+21    3.000e+21   13.60    7.757e-21  0.0683    41.90    68.40  1
  133  i01j06k08       893    364    3.608e+21    3.000e+21   13.60    7.757e-21  0.0683    41.90    68.40  1
  134  i01j06k08       671     54    3.205e+21    3.000e+21   13.60    7.757e-21  0.0683    41.90    68.40  1
  135  i01j06k08       905    192    2.609e+21    3.000e+21   13.60    7.757e-21  0.0683    41.90    68.40  1
  136  i01j06k08       906    103    2.697e+21    3.000e+21   13.60    7.757e-21  0.0683    41.90    68.40  1
  137  i01j06k08       833    300    3.553e+21    3.000e+21   13.60    7.757e-21  0.0683    41.90    68.40  1
  138  i01j06k08       677    893    3.912e+21    3.000e+21   13.60    7.757e-21  0.0683    41.90    68.40  1
  139  i01j06k08       188    914    3.831e+21    3.000e+21   13.60    7.757e-21  0.0683    41.90    68.40  1
  140  i01j06k08       732    296    3.842e+21    3.000e+21   13.60    7.757e-21  0.0683    41.90    68.40  1
  141  i01j06k08       671    142    4.033e+21    3.000e+21   13.60    7.757e-21  0.0683    41.90    68.40  1
  142  i01j06k08       671    925    3.816e+21    3.000e+21   13.60    7.757e-21  0.0683    41.90    68.40  1
  143  i01j06k08       640     88    3.832e+21    3.000e+21   13.60    7.757e-21  0.0683    41.90    68.40  1
  144  i01j06k08       802    326    3.508e+21    3.000e+21   13.60    7.757e-21  0.0683    41.90    68.40  1
  145  i01j06k08       755    272    3.413e+21    3.000e+21   13.60    7.757e-21  0.0683    41.90    68.40  1
  146  i01j06k08       783    110    3.547e+21    3.000e+21   13.60    7.757e-21  0.0683    41.90    68.40  1
  147  i01j06k08       647    903    3.823e+21    3.000e+21   13.60    7.757e-21  0.0683    41.90    68.40  1
  148  i01j06k08       730     86    3.196e+21    3.000e+21   13.60    7.757e-21  0.0683    41.90    68.40  1
  149  i01j06k08       633    147    3.835e+21    3.000e+21   13.60    7.757e-21  0.0683    41.90    68.40  1
  150  i01j06k08       861    350    3.855e+21    3.000e+21   13.60    7.757e-21  0.0683    41.90    68.40  1
  151  i01j06k08       596    150    3.849e+21    3.000e+21   13.60    7.757e-21  0.0683    41.90    68.40  1
  152  i01j06k08       894    320    3.040e+21    3.000e+21   13.60    7.757e-21  0.0683    41.90    68.40  1
  153  i01j06k08       856    150    3.368e+21    3.000e+21   13.60    7.757e-21  0.0683    41.90    68.40  1
  154  i01j06k08       669    100    3.717e+21    3.000e+21   13.60    7.757e-21  0.0683    41.90    68.40  1
  155  i01j06k08       926    334    3.208e+21    3.000e+21   13.60    7.757e-21  0.0683    41.90    68.40  1
  156  i01j06k08       829    266    3.507e+21    3.000e+21   13.60    7.757e-21  0.0683    41.90    68.40  1
  157  i01j06k08       355    798    4.143e+21    3.000e+21   13.60    7.757e-21  0.0683    41.90    68.40  1
  158  i01j06k08       894    285    2.892e+21    3.000e+21   13.60    7.757e-21  0.0683    41.90    68.40  1
  159  i01j06k08       834    332    3.827e+21    3.000e+21   13.60    7.757e-21  0.0683    41.90    68.40  1
  160  i01j06k08       875    198    3.550e+21    3.000e+21   13.60    7.757e-21  0.0683    41.90    68.40  1
  161  i01j06k08       438    839    4.127e+21    3.000e+21   13.60    7.757e-21  0.0683    41.90    68.40  1
  162  i01j06k08       803    292    3.545e+21    3.000e+21   13.60    7.757e-21  0.0683    41.90    68.40  1
  163  i01j06k08       609     89    4.021e+21    3.000e+21   13.60    7.757e-21  0.0683    41.90    68.40  1
  164  i01j06k08       751     46    3.155e+21    3.000e+21   13.60    7.757e-21  0.0683    41.90    68.40  1
  165  i01j06k08       282    835    4.112e+21    3.000e+21   13.60    7.757e-21  0.0683    41.90    68.40  1
  166  i01j06k08       815     93    3.203e+21    3.000e+21   13.60    7.757e-21  0.0683    41.90    68.40  1
  167  i01j06k08       765     85    3.360e+21    3.000e+21   13.60    7.757e-21  0.0683    41.90    68.40  1
  168  i01j06k08       937    303    3.393e+21    3.000e+21   13.60    7.757e-21  0.0683    41.90    68.40  1
  169  i01j06k08       271    929    3.992e+21    3.000e+21   13.60    7.757e-21  0.0683    41.90    68.40  1
  170  i01j06k08       860    285    3.260e+21    3.000e+21   13.60    7.757e-21  0.0683    41.90    68.40  1
  171  i01j06k08       203    842    4.189e+21    3.000e+21   13.60    7.757e-21  0.0683    41.90    68.40  1
  172  i01j06k08       767    244    4.112e+21    3.000e+21   13.60    7.757e-21  0.0683    41.90    68.40  1
  173  i01j06k08       192    883    4.040e+21    3.000e+21   13.60    7.757e-21  0.0683    41.90    68.40  1
  174  i01j06k08       775    304    3.410e+21    3.000e+21   13.60    7.757e-21  0.0683    41.90    68.40  1
  175  i01j06k08       881    168    3.267e+21    3.000e+21   13.60    7.757e-21  0.0683    41.90    68.40  1
  176  i01j06k08       592    936    4.050e+21    3.000e+21   13.60    7.757e-21  0.0683    41.90    68.40  1
  177  i01j06k08       317    840    4.145e+21    3.000e+21   13.60    7.757e-21  0.0683    41.90    68.40  1
  178  i01j06k08       690     78    3.275e+21    3.000e+21   13.60    7.757e-21  0.0683    41.90    68.40  1
  179  i03j12k03       590    475    1.129e+22    1.200e+22    7.39    1.888e-17  0.8947    61.37    20.17  1
  180  i03j13k07       407    361    1.984e+22    1.200e+22    9.15    3.761e-19  1.3730    58.03    48.84  1
  181  i04j12k04        92    229    2.056e+22    2.400e+22    7.49    7.933e-18  0.8946    56.25    21.81  1
  182  i04j12k04       257    350    2.370e+22    2.400e+22    7.49    7.933e-18  0.8946    56.25    21.81  1
  183  i03j12k07       776    544    1.687e+22    1.200e+22    9.26    3.134e-19  0.8943    42.58    47.75  1
  184  i03j11k07       115    615    1.585e+22    1.200e+22    9.42    2.387e-19  0.5824    34.79    45.97  1
  185  i03j11k07       132    203    1.909e+22    1.200e+22    9.42    2.387e-19  0.5824    34.79    45.97  1
  186  i05j14k05       258    274    2.639e+22    4.800e+22    7.31    2.655e-18  2.1084   144.43    26.66  1
  187  i04j10k07       181    552    1.811e+22    2.400e+22    8.51    1.667e-19  0.3795    31.58    44.57  1
  188  i03j10k07       593    383    1.255e+22    1.200e+22    9.58    1.701e-19  0.3793    30.72    44.03  1
  189  i03j10k07       294    396    1.340e+22    1.200e+22    9.58    1.701e-19  0.3793    30.72    44.03  1
  190  i03j10k07       679    465    1.522e+22    1.200e+22    9.58    1.701e-19  0.3793    30.72    44.03  1
  191  i03j10k07       276    464    1.358e+22    1.200e+22    9.58    1.701e-19  0.3793    30.72    44.03  1
  192  i03j09k07       116    636    1.372e+22    1.200e+22    9.72    1.145e-19  0.2471    28.64    43.00  1
  193  i03j09k07       567    339    1.382e+22    1.200e+22    9.72    1.145e-19  0.2471    28.64    43.00  1
  194  i03j09k07       353     83    1.059e+22    1.200e+22    9.72    1.145e-19  0.2471    28.64    43.00  1
  195  i03j09k07       126     98    1.036e+22    1.200e+22    9.72    1.145e-19  0.2471    28.64    43.00  1
  196  i03j09k07       627    723    1.050e+22    1.200e+22    9.72    1.145e-19  0.2471    28.64    43.00  1
  197  i03j09k07       538    742    1.147e+22    1.200e+22    9.72    1.145e-19  0.2471    28.64    43.00  1
  198  i03j09k07       438    497    1.099e+22    1.200e+22    9.72    1.145e-19  0.2471    28.64    43.00  1
  199  i03j09k07       147    388    1.181e+22    1.200e+22    9.72    1.145e-19  0.2471    28.64    43.00  1
  200  i03j09k07        58    711    1.031e+22    1.200e+22    9.72    1.145e-19  0.2471    28.64    43.00  1
  201  i03j09k07       324    442    9.415e+21    1.200e+22    9.72    1.145e-19  0.2471    28.64    43.00  1
  202  i02j09k07       425    459    9.353e+21    6.000e+21   10.96    1.158e-19  0.2469    28.19    42.64  1
  203  i02j09k07       701    575    8.631e+21    6.000e+21   10.96    1.158e-19  0.2469    28.19    42.64  1
  204  i02j09k07       723    596    9.412e+21    6.000e+21   10.96    1.158e-19  0.2469    28.19    42.64  1
  205  i02j09k07       410    144    8.948e+21    6.000e+21   10.96    1.158e-19  0.2469    28.19    42.64  1
  206  i02j09k07       423    190    8.731e+21    6.000e+21   10.96    1.158e-19  0.2469    28.19    42.64  1
  207  i02j09k07        81    135    8.014e+21    6.000e+21   10.96    1.158e-19  0.2469    28.19    42.64  1
  208  i02j09k07       449    312    7.696e+21    6.000e+21   10.96    1.158e-19  0.2469    28.19    42.64  1
  209  i02j09k07       305     37    8.810e+21    6.000e+21   10.96    1.158e-19  0.2469    28.19    42.64  1
  210  i03j08k07       296     84    9.876e+21    1.200e+22    9.84    7.507e-20  0.1608    27.53    42.39  1
  211  i03j08k07        84    672    1.293e+22    1.200e+22    9.84    7.507e-20  0.1608    27.53    42.39  1
  212  i03j08k07       318    210    8.966e+21    1.200e+22    9.84    7.507e-20  0.1608    27.53    42.39  1
  213  i03j08k07       677    439    1.072e+22    1.200e+22    9.84    7.507e-20  0.1608    27.53    42.39  1
  214  i03j08k07       865    513    1.043e+22    1.200e+22    9.84    7.507e-20  0.1608    27.53    42.39  1
  215  i03j08k07       151    172    1.257e+22    1.200e+22    9.84    7.507e-20  0.1608    27.53    42.39  1
  216  i03j08k07       657    413    1.211e+22    1.200e+22    9.84    7.507e-20  0.1608    27.53    42.39  1
  217  i03j08k07       110    166    1.033e+22    1.200e+22    9.84    7.507e-20  0.1608    27.53    42.39  1
  218  i03j08k07       271    411    1.001e+22    1.200e+22    9.84    7.507e-20  0.1608    27.53    42.39  1
  219  i03j06k07       434    249    9.368e+21    1.200e+22    9.99    3.111e-20  0.0683    26.74    42.24  1
  220  i03j06k07       383    492    1.031e+22    1.200e+22    9.99    3.111e-20  0.0683    26.74    42.24  1
  221  i02j08k07       830    627    8.251e+21    6.000e+21   11.21    7.568e-20  0.1608    27.25    42.21  1
  222  i02j08k07       389    605    6.439e+21    6.000e+21   11.21    7.568e-20  0.1608    27.25    42.21  1
  223  i02j08k07       815    834    8.067e+21    6.000e+21   11.21    7.568e-20  0.1608    27.25    42.21  1
  224  i02j08k07       402    172    7.433e+21    6.000e+21   11.21    7.568e-20  0.1608    27.25    42.21  1
  225  i02j08k07       862    742    8.072e+21    6.000e+21   11.21    7.568e-20  0.1608    27.25    42.21  1
  226  i02j08k07       756    751    6.148e+21    6.000e+21   11.21    7.568e-20  0.1608    27.25    42.21  1
  227  i02j08k07       414    589    6.538e+21    6.000e+21   11.21    7.568e-20  0.1608    27.25    42.21  1
  228  i02j08k07        58    848    7.210e+21    6.000e+21   11.21    7.568e-20  0.1608    27.25    42.21  1
  229  i02j08k07       771    168    7.895e+21    6.000e+21   11.21    7.568e-20  0.1608    27.25    42.21  1
  230  i02j08k07       830    659    9.625e+21    6.000e+21   11.21    7.568e-20  0.1608    27.25    42.21  1
  231  i02j08k07       651    637    7.573e+21    6.000e+21   11.21    7.568e-20  0.1608    27.25    42.21  1
  232  i01j08k07       829     67    3.462e+21    3.000e+21   12.58    7.540e-20  0.1607    27.11    42.17  1
  233  i01j08k07       828    153    4.011e+21    3.000e+21   12.58    7.540e-20  0.1607    27.11    42.17  1
  234  i03j07k07       200    596    1.014e+22    1.200e+22    9.93    4.927e-20  0.1047    26.84    42.00  1
  235  i03j07k07       700    189    1.033e+22    1.200e+22    9.93    4.927e-20  0.1047    26.84    42.00  1
  236  i03j07k07       309     65    9.944e+21    1.200e+22    9.93    4.927e-20  0.1047    26.84    42.00  1
  237  i03j07k07       600    687    1.016e+22    1.200e+22    9.93    4.927e-20  0.1047    26.84    42.00  1
  238  i03j07k07       506    214    8.865e+21    1.200e+22    9.93    4.927e-20  0.1047    26.84    42.00  1
  239  i02j07k07        77    455    7.450e+21    6.000e+21   11.39    4.978e-20  0.1048    26.62    41.72  1
  240  i02j07k07        93    926    5.931e+21    6.000e+21   11.39    4.978e-20  0.1048    26.62    41.72  1
  241  i02j07k07       898    453    6.548e+21    6.000e+21   11.39    4.978e-20  0.1048    26.62    41.72  1
  242  i02j07k07       910    516    6.211e+21    6.000e+21   11.39    4.978e-20  0.1048    26.62    41.72  1
  243  i02j07k07       413    495    7.887e+21    6.000e+21   11.39    4.978e-20  0.1048    26.62    41.72  1
  244  i02j07k07       516    160    6.511e+21    6.000e+21   11.39    4.978e-20  0.1048    26.62    41.72  1
  245  i02j07k07       868    393    5.988e+21    6.000e+21   11.39    4.978e-20  0.1048    26.62    41.72  1
  246  i02j07k07        71    877    6.986e+21    6.000e+21   11.39    4.978e-20  0.1048    26.62    41.72  1
  247  i02j07k07       470    600    7.106e+21    6.000e+21   11.39    4.978e-20  0.1048    26.62    41.72  1
  248  i02j07k07       248    847    5.151e+21    6.000e+21   11.39    4.978e-20  0.1048    26.62    41.72  1
  249  i02j07k07       313    895    4.991e+21    6.000e+21   11.39    4.978e-20  0.1048    26.62    41.72  1
  250  i02j07k07       759    867    6.925e+21    6.000e+21   11.39    4.978e-20  0.1048    26.62    41.72  1
  251  i02j07k07       642    314    6.815e+21    6.000e+21   11.39    4.978e-20  0.1048    26.62    41.72  1
  252  i02j07k07       405    271    7.517e+21    6.000e+21   11.39    4.978e-20  0.1048    26.62    41.72  1
  253  i02j07k07       247    642    6.153e+21    6.000e+21   11.39    4.978e-20  0.1048    26.62    41.72  1
  254  i02j07k07       571    561    6.985e+21    6.000e+21   11.39    4.978e-20  0.1048    26.62    41.72  1
  255  i02j07k07        46    547    8.272e+21    6.000e+21   11.39    4.978e-20  0.1048    26.62    41.72  1
  256  i02j07k07       608    821    5.002e+21    6.000e+21   11.39    4.978e-20  0.1048    26.62    41.72  1
  257  i02j07k07       644    750    5.869e+21    6.000e+21   11.39    4.978e-20  0.1048    26.62    41.72  1
  258  i02j07k07       419    891    4.753e+21    6.000e+21   11.39    4.978e-20  0.1048    26.62    41.72  1
  259  i01j06k07       653     37    3.551e+21    3.000e+21   13.23    3.190e-20  0.0682    26.35    41.68  1
  260  i01j06k07       208    931    3.999e+21    3.000e+21   13.23    3.190e-20  0.0682    26.35    41.68  1
  261  i01j06k07       724    114    3.838e+21    3.000e+21   13.23    3.190e-20  0.0682    26.35    41.68  1
  262  i01j06k07       682    818    4.240e+21    3.000e+21   13.23    3.190e-20  0.0682    26.35    41.68  1
  263  i01j06k07       907    770    4.408e+21    3.000e+21   13.23    3.190e-20  0.0682    26.35    41.68  1
  264  i01j06k07       582    789    4.415e+21    3.000e+21   13.23    3.190e-20  0.0682    26.35    41.68  1
  265  i01j06k07       872     64    2.864e+21    3.000e+21   13.23    3.190e-20  0.0682    26.35    41.68  1
  266  i01j06k07       414    861    4.160e+21    3.000e+21   13.23    3.190e-20  0.0682    26.35    41.68  1
  267  i01j06k07       272    811    4.191e+21    3.000e+21   13.23    3.190e-20  0.0682    26.35    41.68  1
  268  i01j06k07       180    939    3.929e+21    3.000e+21   13.23    3.190e-20  0.0682    26.35    41.68  1
  269  i01j06k07       791     86    3.650e+21    3.000e+21   13.23    3.190e-20  0.0682    26.35    41.68  1
  270  i01j06k07       804    351    4.045e+21    3.000e+21   13.23    3.190e-20  0.0682    26.35    41.68  1
  271  i01j06k07       649    937    3.975e+21    3.000e+21   13.23    3.190e-20  0.0682    26.35    41.68  1
  272  i01j06k07       466    681    4.270e+21    3.000e+21   13.23    3.190e-20  0.0682    26.35    41.68  1
  273  i01j06k07       778    332    4.053e+21    3.000e+21   13.23    3.190e-20  0.0682    26.35    41.68  1
  274  i01j06k07       410    841    4.273e+21    3.000e+21   13.23    3.190e-20  0.0682    26.35    41.68  1
  275  i01j06k07       402    790    4.073e+21    3.000e+21   13.23    3.190e-20  0.0682    26.35    41.68  1
  276  i01j06k07       629    191    4.380e+21    3.000e+21   13.23    3.190e-20  0.0682    26.35    41.68  1
  277  i01j06k07       939    278    3.315e+21    3.000e+21   13.23    3.190e-20  0.0682    26.35    41.68  1
  278  i01j06k07       913    796    4.412e+21    3.000e+21   13.23    3.190e-20  0.0682    26.35    41.68  1
  279  i01j07k07       902    148    2.946e+21    3.000e+21   12.94    4.994e-20  0.1047    26.48    41.65  1
  280  i01j07k07       882    128    2.938e+21    3.000e+21   12.94    4.994e-20  0.1047    26.48    41.65  1
  281  i01j07k07       884    889    4.195e+21    3.000e+21   12.94    4.994e-20  0.1047    26.48    41.65  1
  282  i01j07k07       844     45    3.297e+21    3.000e+21   12.94    4.994e-20  0.1047    26.48    41.65  1
  283  i01j07k07       847    244    3.409e+21    3.000e+21   12.94    4.994e-20  0.1047    26.48    41.65  1
  284  i01j07k07       778     37    3.383e+21    3.000e+21   12.94    4.994e-20  0.1047    26.48    41.65  1
  285  i01j07k07       931    142    3.200e+21    3.000e+21   12.94    4.994e-20  0.1047    26.48    41.65  1
  286  i01j07k07       291    811    4.319e+21    3.000e+21   12.94    4.994e-20  0.1047    26.48    41.65  1
  287  i01j07k07       810     37    3.360e+21    3.000e+21   12.94    4.994e-20  0.1047    26.48    41.65  1
  288  i01j05k07       341    829    4.166e+21    3.000e+21   13.43    2.108e-20  0.0445    26.04    41.40  1
  289  i01j05k07       321    726    4.224e+21    3.000e+21   13.43    2.108e-20  0.0445    26.04    41.40  1
  290  i01j05k07       572    156    3.976e+21    3.000e+21   13.43    2.108e-20  0.0445    26.04    41.40  1
  291  i01j05k07       347    770    4.001e+21    3.000e+21   13.43    2.108e-20  0.0445    26.04    41.40  1
  292  i01j05k07       933    165    3.007e+21    3.000e+21   13.43    2.108e-20  0.0445    26.04    41.40  1
  293  i01j05k07       687    798    4.132e+21    3.000e+21   13.43    2.108e-20  0.0445    26.04    41.40  1
  294  i01j05k07       619    168    4.108e+21    3.000e+21   13.43    2.108e-20  0.0445    26.04    41.40  1
  295  i01j05k07       931     63    2.968e+21    3.000e+21   13.43    2.108e-20  0.0445    26.04    41.40  1
  296  i01j05k07       524    630    4.374e+21    3.000e+21   13.43    2.108e-20  0.0445    26.04    41.40  1
  297  i01j05k07       828    134    3.424e+21    3.000e+21   13.43    2.108e-20  0.0445    26.04    41.40  1
  298  i01j05k07       574    132    4.422e+21    3.000e+21   13.43    2.108e-20  0.0445    26.04    41.40  1
  299  i01j05k07       209    901    4.121e+21    3.000e+21   13.43    2.108e-20  0.0445    26.04    41.40  1
  300  i01j05k07       334    784    4.162e+21    3.000e+21   13.43    2.108e-20  0.0445    26.04    41.40  1
  301  i01j05k07       425    787    4.151e+21    3.000e+21   13.43    2.108e-20  0.0445    26.04    41.40  1
  302  i01j05k07       650    129    4.078e+21    3.000e+21   13.43    2.108e-20  0.0445    26.04    41.40  1
  303  i01j05k07       642    170    4.165e+21    3.000e+21   13.43    2.108e-20  0.0445    26.04    41.40  1
  304  i01j05k07       871    903    4.341e+21    3.000e+21   13.43    2.108e-20  0.0445    26.04    41.40  1
  305  i01j05k07       932     86    2.901e+21    3.000e+21   13.43    2.108e-20  0.0445    26.04    41.40  1
  306  i01j05k07       313    747    4.249e+21    3.000e+21   13.43    2.108e-20  0.0445    26.04    41.40  1
  307  i01j05k07       600    782    4.540e+21    3.000e+21   13.43    2.108e-20  0.0445    26.04    41.40  1
  308  i01j05k07       363    743    4.254e+21    3.000e+21   13.43    2.108e-20  0.0445    26.04    41.40  1
  309  i01j05k07       730     59    3.205e+21    3.000e+21   13.43    2.108e-20  0.0445    26.04    41.40  1
  310  i01j05k07       598     67    4.179e+21    3.000e+21   13.43    2.108e-20  0.0445    26.04    41.40  1
  311  i01j05k07       755    363    4.291e+21    3.000e+21   13.43    2.108e-20  0.0445    26.04    41.40  1
  312  i01j05k07       914    841    4.291e+21    3.000e+21   13.43    2.108e-20  0.0445    26.04    41.40  1
  313  i01j05k07       671    785    4.241e+21    3.000e+21   13.43    2.108e-20  0.0445    26.04    41.40  1
  314  i01j05k07       862     37    3.158e+21    3.000e+21   13.43    2.108e-20  0.0445    26.04    41.40  1
  315  i01j05k07       694    132    4.185e+21    3.000e+21   13.43    2.108e-20  0.0445    26.04    41.40  1
  316  i01j05k07       878     97    2.675e+21    3.000e+21   13.43    2.108e-20  0.0445    26.04    41.40  1
  317  i01j05k07       730    271    4.316e+21    3.000e+21   13.43    2.108e-20  0.0445    26.04    41.40  1
  318  i01j05k07       383    937    4.327e+21    3.000e+21   13.43    2.108e-20  0.0445    26.04    41.40  1
  319  i01j05k07       366    771    4.382e+21    3.000e+21   13.43    2.108e-20  0.0445    26.04    41.40  1
  320  i01j05k07       171    896    4.237e+21    3.000e+21   13.43    2.108e-20  0.0445    26.04    41.40  1
  321  i01j05k07       939    183    3.068e+21    3.000e+21   13.43    2.108e-20  0.0445    26.04    41.40  1
  322  i01j05k07       481    669    4.381e+21    3.000e+21   13.43    2.108e-20  0.0445    26.04    41.40  1
  323  i01j05k07       386    800    4.390e+21    3.000e+21   13.43    2.108e-20  0.0445    26.04    41.40  1
  324  i01j05k07       743    250    4.374e+21    3.000e+21   13.43    2.108e-20  0.0445    26.04    41.40  1
  325  i01j05k07       700    825    4.376e+21    3.000e+21   13.43    2.108e-20  0.0445    26.04    41.40  1
  326  i01j05k07       401    875    4.385e+21    3.000e+21   13.43    2.108e-20  0.0445    26.04    41.40  1
  327  i01j05k07       297    793    4.409e+21    3.000e+21   13.43    2.108e-20  0.0445    26.04    41.40  1
  328  i01j05k07       857    260    3.228e+21    3.000e+21   13.43    2.108e-20  0.0445    26.04    41.40  1
  329  i01j05k07       601     46    4.335e+21    3.000e+21   13.43    2.108e-20  0.0445    26.04    41.40  1
  330  i01j05k07       939    259    3.105e+21    3.000e+21   13.43    2.108e-20  0.0445    26.04    41.40  1
  331  i01j05k07       936    219    2.924e+21    3.000e+21   13.43    2.108e-20  0.0445    26.04    41.40  1
  332  i01j05k07       785    350    4.484e+21    3.000e+21   13.43    2.108e-20  0.0445    26.04    41.40  1
  333  i01j05k07       838     84    3.212e+21    3.000e+21   13.43    2.108e-20  0.0445    26.04    41.40  1
  334  i01j05k07       774    133    4.352e+21    3.000e+21   13.43    2.108e-20  0.0445    26.04    41.40  1
  335  i01j05k07       396    855    4.634e+21    3.000e+21   13.43    2.108e-20  0.0445    26.04    41.40  1
  336  i01j05k07       442    779    4.354e+21    3.000e+21   13.43    2.108e-20  0.0445    26.04    41.40  1
  337  i01j05k07       904    386    4.434e+21    3.000e+21   13.43    2.108e-20  0.0445    26.04    41.40  1
  338  i01j05k07       838    939    4.242e+21    3.000e+21   13.43    2.108e-20  0.0445    26.04    41.40  1
  339  i01j05k07       258    908    4.387e+21    3.000e+21   13.43    2.108e-20  0.0445    26.04    41.40  1
  340  i01j05k07       303    720    4.475e+21    3.000e+21   13.43    2.108e-20  0.0445    26.04    41.40  1
  341  i01j05k07       538     37    4.241e+21    3.000e+21   13.43    2.108e-20  0.0445    26.04    41.40  1
  342  i01j05k07       463    717    4.574e+21    3.000e+21   13.43    2.108e-20  0.0445    26.04    41.40  1
  343  i01j05k07       713    130    4.505e+21    3.000e+21   13.43    2.108e-20  0.0445    26.04    41.40  1
  344  i01j05k07       826    115    3.157e+21    3.000e+21   13.43    2.108e-20  0.0445    26.04    41.40  1
  345  i01j05k07       912    303    3.107e+21    3.000e+21   13.43    2.108e-20  0.0445    26.04    41.40  1
  346  i01j05k07       320    707    4.483e+21    3.000e+21   13.43    2.108e-20  0.0445    26.04    41.40  1
  347  i01j05k07       557     44    4.330e+21    3.000e+21   13.43    2.108e-20  0.0445    26.04    41.40  1
  348  i01j05k07       890    907    4.625e+21    3.000e+21   13.43    2.108e-20  0.0445    26.04    41.40  1
  349  i01j05k07       553    156    4.402e+21    3.000e+21   13.43    2.108e-20  0.0445    26.04    41.40  1
  350  i01j05k07       903    890    4.595e+21    3.000e+21   13.43    2.108e-20  0.0445    26.04    41.40  1
  351  i01j05k07       689    779    4.485e+21    3.000e+21   13.43    2.108e-20  0.0445    26.04    41.40  1
  352  i01j05k07       937    123    3.055e+21    3.000e+21   13.43    2.108e-20  0.0445    26.04    41.40  1
  353  i01j05k07       921    284    3.192e+21    3.000e+21   13.43    2.108e-20  0.0445    26.04    41.40  1
  354  i01j05k07       930    854    4.399e+21    3.000e+21   13.43    2.108e-20  0.0445    26.04    41.40  1
  355  i01j05k07       278    793    4.532e+21    3.000e+21   13.43    2.108e-20  0.0445    26.04    41.40  1
  356  i01j05k07       389    918    4.432e+21    3.000e+21   13.43    2.108e-20  0.0445    26.04    41.40  1
  357  i01j05k07       655    775    4.533e+21    3.000e+21   13.43    2.108e-20  0.0445    26.04    41.40  1
  358  i01j05k07       701    899    4.372e+21    3.000e+21   13.43    2.108e-20  0.0445    26.04    41.40  1
  359  i01j05k07       939    454    4.354e+21    3.000e+21   13.43    2.108e-20  0.0445    26.04    41.40  1
  360  i01j05k07       331    901    4.547e+21    3.000e+21   13.43    2.108e-20  0.0445    26.04    41.40  1
  361  i01j05k07       183    827    4.457e+21    3.000e+21   13.43    2.108e-20  0.0445    26.04    41.40  1
  362  i01j05k07       668    835    4.563e+21    3.000e+21   13.43    2.108e-20  0.0445    26.04    41.40  1
  363  i01j05k07       932    873    4.398e+21    3.000e+21   13.43    2.108e-20  0.0445    26.04    41.40  1
  364  i02j06k07       475    700    4.750e+21    6.000e+21   11.53    3.285e-20  0.0683    26.18    41.31  1
  365  i02j06k07       419    768    4.832e+21    6.000e+21   11.53    3.285e-20  0.0683    26.18    41.31  1
  366  i02j06k07       627    776    5.010e+21    6.000e+21   11.53    3.285e-20  0.0683    26.18    41.31  1
  367  i02j06k07       471    850    5.400e+21    6.000e+21   11.53    3.285e-20  0.0683    26.18    41.31  1
  368  i02j06k07       730    752    5.804e+21    6.000e+21   11.53    3.285e-20  0.0683    26.18    41.31  1
  369  i02j06k07       249    699    5.404e+21    6.000e+21   11.53    3.285e-20  0.0683    26.18    41.31  1
  370  i02j06k07       691    322    6.502e+21    6.000e+21   11.53    3.285e-20  0.0683    26.18    41.31  1
  371  i02j06k07       813    394    4.827e+21    6.000e+21   11.53    3.285e-20  0.0683    26.18    41.31  1
  372  i02j06k07       236    747    6.237e+21    6.000e+21   11.53    3.285e-20  0.0683    26.18    41.31  1
  373  i02j06k07       550    629    4.898e+21    6.000e+21   11.53    3.285e-20  0.0683    26.18    41.31  1
  374  i02j06k07       515    685    5.189e+21    6.000e+21   11.53    3.285e-20  0.0683    26.18    41.31  1
  375  i02j06k07       117    869    4.900e+21    6.000e+21   11.53    3.285e-20  0.0683    26.18    41.31  1
  376  i02j06k07       358    660    5.279e+21    6.000e+21   11.53    3.285e-20  0.0683    26.18    41.31  1
  377  i02j06k07       712    732    5.380e+21    6.000e+21   11.53    3.285e-20  0.0683    26.18    41.31  1
  378  i02j06k07       800    904    6.313e+21    6.000e+21   11.53    3.285e-20  0.0683    26.18    41.31  1
  379  i02j06k07        69    432    6.175e+21    6.000e+21   11.53    3.285e-20  0.0683    26.18    41.31  1
  380  i02j06k07        99    792    5.437e+21    6.000e+21   11.53    3.285e-20  0.0683    26.18    41.31  1
  381  i02j06k07       439    916    5.028e+21    6.000e+21   11.53    3.285e-20  0.0683    26.18    41.31  1
  382  i02j06k07       535    132    5.494e+21    6.000e+21   11.53    3.285e-20  0.0683    26.18    41.31  1
  383  i02j06k07       907    485    5.297e+21    6.000e+21   11.53    3.285e-20  0.0683    26.18    41.31  1
  384  i02j06k07       121    822    5.341e+21    6.000e+21   11.53    3.285e-20  0.0683    26.18    41.31  1
  385  i02j06k07       929    749    5.759e+21    6.000e+21   11.53    3.285e-20  0.0683    26.18    41.31  1
  386  i02j06k07       242    727    5.730e+21    6.000e+21   11.53    3.285e-20  0.0683    26.18    41.31  1
  387  i02j06k07       732    905    5.466e+21    6.000e+21   11.53    3.285e-20  0.0683    26.18    41.31  1
  388  i02j06k07       908    596    6.636e+21    6.000e+21   11.53    3.285e-20  0.0683    26.18    41.31  1
  389  i02j06k07       934    799    5.583e+21    6.000e+21   11.53    3.285e-20  0.0683    26.18    41.31  1
  390  i02j06k07       574    829    5.114e+21    6.000e+21   11.53    3.285e-20  0.0683    26.18    41.31  1
  391  i02j06k07       360    130    7.532e+21    6.000e+21   11.53    3.285e-20  0.0683    26.18    41.31  1
  392  i02j06k07       752    715    6.596e+21    6.000e+21   11.53    3.285e-20  0.0683    26.18    41.31  1
  393  i02j06k07       575    269    6.566e+21    6.000e+21   11.53    3.285e-20  0.0683    26.18    41.31  1
  394  i02j06k07       596    866    4.893e+21    6.000e+21   11.53    3.285e-20  0.0683    26.18    41.31  1
  395  i02j06k07       780    825    6.834e+21    6.000e+21   11.53    3.285e-20  0.0683    26.18    41.31  1
  396  i02j06k07       206    750    6.415e+21    6.000e+21   11.53    3.285e-20  0.0683    26.18    41.31  1
  397  i02j06k07        70    408    5.827e+21    6.000e+21   11.53    3.285e-20  0.0683    26.18    41.31  1
  398  i02j06k07       351    639    5.636e+21    6.000e+21   11.53    3.285e-20  0.0683    26.18    41.31  1
  399  i02j06k07       801    413    5.457e+21    6.000e+21   11.53    3.285e-20  0.0683    26.18    41.31  1
  400  i02j06k07       311    105    7.955e+21    6.000e+21   11.53    3.285e-20  0.0683    26.18    41.31  1
  401  i02j06k07       532    918    5.120e+21    6.000e+21   11.53    3.285e-20  0.0683    26.18    41.31  1
  402  i02j06k07       636    347    6.987e+21    6.000e+21   11.53    3.285e-20  0.0683    26.18    41.31  1
  403  i02j06k07       830    919    4.965e+21    6.000e+21   11.53    3.285e-20  0.0683    26.18    41.31  1
  404  i02j06k07       270    574    5.655e+21    6.000e+21   11.53    3.285e-20  0.0683    26.18    41.31  1
  405  i02j06k07       725    229    7.322e+21    6.000e+21   11.53    3.285e-20  0.0683    26.18    41.31  1
  406  i02j06k07       349    704    4.792e+21    6.000e+21   11.53    3.285e-20  0.0683    26.18    41.31  1
  407  i02j06k07       179    612    7.593e+21    6.000e+21   11.53    3.285e-20  0.0683    26.18    41.31  1
  408  i02j06k07       143     46    7.641e+21    6.000e+21   11.53    3.285e-20  0.0683    26.18    41.31  1
  409  i02j06k07       385    139    7.614e+21    6.000e+21   11.53    3.285e-20  0.0683    26.18    41.31  1
  410  i02j06k07       462    777    4.838e+21    6.000e+21   11.53    3.285e-20  0.0683    26.18    41.31  1
  411  i02j06k07       351     53    7.690e+21    6.000e+21   11.53    3.285e-20  0.0683    26.18    41.31  1
  412  i02j06k07       697    753    5.203e+21    6.000e+21   11.53    3.285e-20  0.0683    26.18    41.31  1
  413  i02j06k07       836    821    7.762e+21    6.000e+21   11.53    3.285e-20  0.0683    26.18    41.31  1
  414  i02j06k07       384    729    4.877e+21    6.000e+21   11.53    3.285e-20  0.0683    26.18    41.31  1
  415  i02j06k07       464    340    7.773e+21    6.000e+21   11.53    3.285e-20  0.0683    26.18    41.31  1
  416  i02j06k07       537    688    7.001e+21    6.000e+21   11.53    3.285e-20  0.0683    26.18    41.31  1
  417  i02j06k07       324    671    4.857e+21    6.000e+21   11.53    3.285e-20  0.0683    26.18    41.31  1
  418  i02j06k07       890    831    5.285e+21    6.000e+21   11.53    3.285e-20  0.0683    26.18    41.31  1
  419  i02j06k07       730    823    5.839e+21    6.000e+21   11.53    3.285e-20  0.0683    26.18    41.31  1
  420  i02j06k07       803    170    5.489e+21    6.000e+21   11.53    3.285e-20  0.0683    26.18    41.31  1
  421  i02j06k07       370    916    4.840e+21    6.000e+21   11.53    3.285e-20  0.0683    26.18    41.31  1
  422  i02j06k07       283    699    5.007e+21    6.000e+21   11.53    3.285e-20  0.0683    26.18    41.31  1
  423  i02j06k07       638    839    4.981e+21    6.000e+21   11.53    3.285e-20  0.0683    26.18    41.31  1
  424  i02j06k07       139    759    5.529e+21    6.000e+21   11.53    3.285e-20  0.0683    26.18    41.31  1
  425  i02j06k07        97    846    5.969e+21    6.000e+21   11.53    3.285e-20  0.0683    26.18    41.31  1
  426  i02j06k07       522    188    7.243e+21    6.000e+21   11.53    3.285e-20  0.0683    26.18    41.31  1
  427  i02j06k07       617    665    7.103e+21    6.000e+21   11.53    3.285e-20  0.0683    26.18    41.31  1
  428  i02j06k07       409    670    4.772e+21    6.000e+21   11.53    3.285e-20  0.0683    26.18    41.31  1
  429  i02j06k07       559    576    5.398e+21    6.000e+21   11.53    3.285e-20  0.0683    26.18    41.31  1
  430  i02j05k07       264    675    4.774e+21    6.000e+21   11.63    2.133e-20  0.0444    25.98    41.23  1
  431  i02j05k07       783    375    4.911e+21    6.000e+21   11.63    2.133e-20  0.0444    25.98    41.23  1
  432  i02j05k07       917    822    4.605e+21    6.000e+21   11.63    2.133e-20  0.0444    25.98    41.23  1
  433  i02j05k07       736    783    5.270e+21    6.000e+21   11.63    2.133e-20  0.0444    25.98    41.23  1
  434  i02j05k07       191    768    5.212e+21    6.000e+21   11.63    2.133e-20  0.0444    25.98    41.23  1
  435  i02j05k07       308    688    4.577e+21    6.000e+21   11.63    2.133e-20  0.0444    25.98    41.23  1
  436  i02j05k07       573    638    4.738e+21    6.000e+21   11.63    2.133e-20  0.0444    25.98    41.23  1
  437  i02j05k07       841    885    5.478e+21    6.000e+21   11.63    2.133e-20  0.0444    25.98    41.23  1
  438  i02j05k07       617    219    4.571e+21    6.000e+21   11.63    2.133e-20  0.0444    25.98    41.23  1
  439  i02j05k07       344    675    5.113e+21    6.000e+21   11.63    2.133e-20  0.0444    25.98    41.23  1
  440  i02j05k07       886    580    6.905e+21    6.000e+21   11.63    2.133e-20  0.0444    25.98    41.23  1
  441  i02j05k07       517     52    5.147e+21    6.000e+21   11.63    2.133e-20  0.0444    25.98    41.23  1
  442  i02j05k07       636    620    6.003e+21    6.000e+21   11.63    2.133e-20  0.0444    25.98    41.23  1
  443  i02j05k07       186    747    5.960e+21    6.000e+21   11.63    2.133e-20  0.0444    25.98    41.23  1
  444  i02j05k07       694    162    5.665e+21    6.000e+21   11.63    2.133e-20  0.0444    25.98    41.23  1
  445  i02j05k07       689    679    5.328e+21    6.000e+21   11.63    2.133e-20  0.0444    25.98    41.23  1
  446  i02j05k07       195    658    5.561e+21    6.000e+21   11.63    2.133e-20  0.0444    25.98    41.23  1
  447  i02j05k07       736    371    5.237e+21    6.000e+21   11.63    2.133e-20  0.0444    25.98    41.23  1
  448  i02j05k07       934    490    4.809e+21    6.000e+21   11.63    2.133e-20  0.0444    25.98    41.23  1
  449  i02j05k07       350    885    4.950e+21    6.000e+21   11.63    2.133e-20  0.0444    25.98    41.23  1
  450  i02j05k07       737    937    4.639e+21    6.000e+21   11.63    2.133e-20  0.0444    25.98    41.23  1
  451  i02j05k07       121    846    5.262e+21    6.000e+21   11.63    2.133e-20  0.0444    25.98    41.23  1
  452  i02j05k07       848    392    5.866e+21    6.000e+21   11.63    2.133e-20  0.0444    25.98    41.23  1
  453  i02j05k07       654    606    7.537e+21    6.000e+21   11.63    2.133e-20  0.0444    25.98    41.23  1
  454  i02j05k07       143    810    4.753e+21    6.000e+21   11.63    2.133e-20  0.0444    25.98    41.23  1
  455  i02j05k07       889    754    4.829e+21    6.000e+21   11.63    2.133e-20  0.0444    25.98    41.23  1
  456  i02j05k07       741    349    5.570e+21    6.000e+21   11.63    2.133e-20  0.0444    25.98    41.23  1
  457  i02j05k07       853    461    5.875e+21    6.000e+21   11.63    2.133e-20  0.0444    25.98    41.23  1
  458  i02j05k07       544    177    5.292e+21    6.000e+21   11.63    2.133e-20  0.0444    25.98    41.23  1
  459  i02j05k07       217    815    4.682e+21    6.000e+21   11.63    2.133e-20  0.0444    25.98    41.23  1
  460  i02j05k07       668    705    5.679e+21    6.000e+21   11.63    2.133e-20  0.0444    25.98    41.23  1
  461  i02j05k07       159    760    5.331e+21    6.000e+21   11.63    2.133e-20  0.0444    25.98    41.23  1
  462  i02j05k07       379    709    5.556e+21    6.000e+21   11.63    2.133e-20  0.0444    25.98    41.23  1
  463  i02j05k07       922    889    4.625e+21    6.000e+21   11.63    2.133e-20  0.0444    25.98    41.23  1
  464  i02j05k07        42    890    6.818e+21    6.000e+21   11.63    2.133e-20  0.0444    25.98    41.23  1
  465  i02j05k07        65    819    5.497e+21    6.000e+21   11.63    2.133e-20  0.0444    25.98    41.23  1
  466  i02j05k07       629    815    4.869e+21    6.000e+21   11.63    2.133e-20  0.0444    25.98    41.23  1
  467  i02j05k07       583    248    5.347e+21    6.000e+21   11.63    2.133e-20  0.0444    25.98    41.23  1
  468  i02j05k07       882    730    6.027e+21    6.000e+21   11.63    2.133e-20  0.0444    25.98    41.23  1
  469  i02j05k07       791    396    5.484e+21    6.000e+21   11.63    2.133e-20  0.0444    25.98    41.23  1
  470  i02j05k07       374    682    5.621e+21    6.000e+21   11.63    2.133e-20  0.0444    25.98    41.23  1
  471  i02j05k07       308    603    5.544e+21    6.000e+21   11.63    2.133e-20  0.0444    25.98    41.23  1
  472  i02j05k07       694    712    5.122e+21    6.000e+21   11.63    2.133e-20  0.0444    25.98    41.23  1
  473  i02j05k07       617    840    4.860e+21    6.000e+21   11.63    2.133e-20  0.0444    25.98    41.23  1
  474  i02j05k07       848    907    4.821e+21    6.000e+21   11.63    2.133e-20  0.0444    25.98    41.23  1
  475  i02j05k07       115    938    4.689e+21    6.000e+21   11.63    2.133e-20  0.0444    25.98    41.23  1
  476  i02j05k07       290    880    5.326e+21    6.000e+21   11.63    2.133e-20  0.0444    25.98    41.23  1
  477  i02j05k07       939    835    5.026e+21    6.000e+21   11.63    2.133e-20  0.0444    25.98    41.23  1
  478  i02j05k07       521    781    7.101e+21    6.000e+21   11.63    2.133e-20  0.0444    25.98    41.23  1
  479  i02j05k07       859    630    5.916e+21    6.000e+21   11.63    2.133e-20  0.0444    25.98    41.23  1
  480  i02j05k07       300    665    4.890e+21    6.000e+21   11.63    2.133e-20  0.0444    25.98    41.23  1
  481  i02j05k07       138    837    5.018e+21    6.000e+21   11.63    2.133e-20  0.0444    25.98    41.23  1
  482  i02j05k07       377    570    7.038e+21    6.000e+21   11.63    2.133e-20  0.0444    25.98    41.23  1
  483  i02j05k07       375    888    4.820e+21    6.000e+21   11.63    2.133e-20  0.0444    25.98    41.23  1
  484  i02j05k07       590    887    4.849e+21    6.000e+21   11.63    2.133e-20  0.0444    25.98    41.23  1
  485  i02j05k07       244    828    5.035e+21    6.000e+21   11.63    2.133e-20  0.0444    25.98    41.23  1
  486  i02j05k07       890    498    5.850e+21    6.000e+21   11.63    2.133e-20  0.0444    25.98    41.23  1
  487  i02j05k07       375    639    5.376e+21    6.000e+21   11.63    2.133e-20  0.0444    25.98    41.23  1
  488  i02j05k07       414    697    5.571e+21    6.000e+21   11.63    2.133e-20  0.0444    25.98    41.23  1
  489  i02j05k07       786    937    4.711e+21    6.000e+21   11.63    2.133e-20  0.0444    25.98    41.23  1
  490  i02j05k07       475    824    5.521e+21    6.000e+21   11.63    2.133e-20  0.0444    25.98    41.23  1
  491  i02j05k07       302    627    5.507e+21    6.000e+21   11.63    2.133e-20  0.0444    25.98    41.23  1
  492  i02j05k07       276    893    5.063e+21    6.000e+21   11.63    2.133e-20  0.0444    25.98    41.23  1
  493  i02j05k07        84    808    5.424e+21    6.000e+21   11.63    2.133e-20  0.0444    25.98    41.23  1
  494  i02j05k07       878    711    5.940e+21    6.000e+21   11.63    2.133e-20  0.0444    25.98    41.23  1
  495  i02j05k07       481    765    5.552e+21    6.000e+21   11.63    2.133e-20  0.0444    25.98    41.23  1
  496  i04j12k06       381    380    2.908e+22    2.400e+22    8.13    9.315e-19  0.8945    41.83    33.72  1
  497  i03j11k03       252    458    1.594e+22    1.200e+22    7.36    2.043e-17  0.5827    37.85    19.63  1
  498  i03j11k03       253    419    1.258e+22    1.200e+22    7.36    2.043e-17  0.5827    37.85    19.63  1
  499  i04j11k06       179    165    2.375e+22    2.400e+22    8.19    8.069e-19  0.5826    29.27    32.17  1
  500  i04j11k06       197    162    2.534e+22    2.400e+22    8.19    8.069e-19  0.5826    29.27    32.17  1
  501  i04j10k06       425    416    2.484e+22    2.400e+22    8.28    6.371e-19  0.3792    22.98    29.92  1
  502  i03j10k06       525    537    1.106e+22    1.200e+22    9.08    6.594e-19  0.3795    22.10    29.49  1
  503  i04j09k06       286    359    2.452e+22    2.400e+22    8.38    4.674e-19  0.2472    19.72    27.88  1
  504  i03j09k06       682    599    1.298e+22    1.200e+22    9.29    4.724e-19  0.2469    19.24    27.56  1
  505  i03j09k06       517    293    1.210e+22    1.200e+22    9.29    4.724e-19  0.2469    19.24    27.56  1
  506  i03j09k06       403     89    1.123e+22    1.200e+22    9.29    4.724e-19  0.2469    19.24    27.56  1
  507  i03j09k06       357    478    1.296e+22    1.200e+22    9.29    4.724e-19  0.2469    19.24    27.56  1
  508  i03j09k06       813    513    1.710e+22    1.200e+22    9.29    4.724e-19  0.2469    19.24    27.56  1
  509  i02j09k06       372    148    8.889e+21    6.000e+21   10.13    4.836e-19  0.2470    18.81    27.25  1
  510  i02j09k06       499    235    9.344e+21    6.000e+21   10.13    4.836e-19  0.2470    18.81    27.25  1
  511  i02j09k06       767    430    9.254e+21    6.000e+21   10.13    4.836e-19  0.2470    18.81    27.25  1
  512  i04j08k06       368    409    2.113e+22    2.400e+22    8.47    3.221e-19  0.1608    18.00    26.74  1
  513  i04j08k06       149    488    1.896e+22    2.400e+22    8.47    3.221e-19  0.1608    18.00    26.74  1
  514  i04j08k06        67    662    1.801e+22    2.400e+22    8.47    3.221e-19  0.1608    18.00    26.74  1
  515  i03j08k06       683    411    1.182e+22    1.200e+22    9.50    3.197e-19  0.1608    17.78    26.65  1
  516  i03j08k06       820    721    1.464e+22    1.200e+22    9.50    3.197e-19  0.1608    17.78    26.65  1
  517  i03j08k06       154    407    1.694e+22    1.200e+22    9.50    3.197e-19  0.1608    17.78    26.65  1
  518  i03j08k06        39    645    1.304e+22    1.200e+22    9.50    3.197e-19  0.1608    17.78    26.65  1
  519  i03j08k06        80    520    9.686e+21    1.200e+22    9.50    3.197e-19  0.1608    17.78    26.65  1
  520  i02j08k06        43     64    9.590e+21    6.000e+21   10.51    3.265e-19  0.1607    17.47    26.37  1
  521  i04j07k06       108    590    1.764e+22    2.400e+22    8.55    2.143e-19  0.1047    17.07    26.08  1
  522  i02j07k06        69    745    7.155e+21    6.000e+21   10.86    2.114e-19  0.1048    16.86    26.00  1
  523  i03j07k06       310    509    1.331e+22    1.200e+22    9.67    2.138e-19  0.1047    16.93    25.99  1
  524  i03j07k06       671    399    1.148e+22    1.200e+22    9.67    2.138e-19  0.1047    16.93    25.99  1
  525  i03j07k06       844    546    1.214e+22    1.200e+22    9.67    2.138e-19  0.1047    16.93    25.99  1
  526  i03j07k06       867    559    1.000e+22    1.200e+22    9.67    2.138e-19  0.1047    16.93    25.99  1
  527  i03j07k06       736    538    1.809e+22    1.200e+22    9.67    2.138e-19  0.1047    16.93    25.99  1
  528  i03j06k06       142     98    9.927e+21    1.200e+22    9.80    1.402e-19  0.0682    16.48    25.62  1
  529  i01j06k06       709    301    4.767e+21    3.000e+21   12.44    1.404e-19  0.0682    16.31    25.50  1
  530  i01j06k06       661     79    3.910e+21    3.000e+21   12.44    1.404e-19  0.0682    16.31    25.50  1
  531  i02j06k06       859    409    7.517e+21    6.000e+21   11.13    1.422e-19  0.0682    16.32    25.45  1
  532  i02j06k06       732    678    8.823e+21    6.000e+21   11.13    1.422e-19  0.0682    16.32    25.45  1
  533  i02j06k06       852    377    5.738e+21    6.000e+21   11.13    1.422e-19  0.0682    16.32    25.45  1
  534  i02j06k06       330    168    8.320e+21    6.000e+21   11.13    1.422e-19  0.0682    16.32    25.45  1
  535  i02j06k06       851    828    7.637e+21    6.000e+21   11.13    1.422e-19  0.0682    16.32    25.45  1
  536  i02j06k06        51    482    7.340e+21    6.000e+21   11.13    1.422e-19  0.0682    16.32    25.45  1
  537  i02j06k06       197    679    6.269e+21    6.000e+21   11.13    1.422e-19  0.0682    16.32    25.45  1
  538  i02j06k06       867    813    7.424e+21    6.000e+21   11.13    1.422e-19  0.0682    16.32    25.45  1
  539  i02j06k06       377    282    8.441e+21    6.000e+21   11.13    1.422e-19  0.0682    16.32    25.45  1
  540  i02j06k06       820    440    5.983e+21    6.000e+21   11.13    1.422e-19  0.0682    16.32    25.45  1
  541  i01j04k06       636     36    3.916e+21    3.000e+21   13.16    5.827e-20  0.0289    16.10    25.43  1
  542  i01j04k06       166    932    4.252e+21    3.000e+21   13.16    5.827e-20  0.0289    16.10    25.43  1
  543  i01j04k06       304    858    4.384e+21    3.000e+21   13.16    5.827e-20  0.0289    16.10    25.43  1
  544  i01j04k06       357    836    4.417e+21    3.000e+21   13.16    5.827e-20  0.0289    16.10    25.43  1
  545  i01j04k06       648     68    3.823e+21    3.000e+21   13.16    5.827e-20  0.0289    16.10    25.43  1
  546  i01j04k06       941    350    3.528e+21    3.000e+21   13.16    5.827e-20  0.0289    16.10    25.43  1
  547  i01j04k06       730     40    3.592e+21    3.000e+21   13.16    5.827e-20  0.0289    16.10    25.43  1
  548  i03j05k06       368    217    9.093e+21    1.200e+22    9.90    9.190e-20  0.0445    16.19    25.41  1
  549  i03j05k06        78    568    9.636e+21    1.200e+22    9.90    9.190e-20  0.0445    16.19    25.41  1
  550  i03j05k06       502    517    1.171e+22    1.200e+22    9.90    9.190e-20  0.0445    16.19    25.41  1
  551  i03j05k06       283    535    9.242e+21    1.200e+22    9.90    9.190e-20  0.0445    16.19    25.41  1
  552  i02j05k06       651    246    6.537e+21    6.000e+21   11.34    9.133e-20  0.0445    16.16    25.40  1
  553  i02j05k06        49    872    7.490e+21    6.000e+21   11.34    9.133e-20  0.0445    16.16    25.40  1
  554  i02j05k06       917    452    5.026e+21    6.000e+21   11.34    9.133e-20  0.0445    16.16    25.40  1
  555  i02j05k06       253    890    5.012e+21    6.000e+21   11.34    9.133e-20  0.0445    16.16    25.40  1
  556  i02j05k06       501    620    5.239e+21    6.000e+21   11.34    9.133e-20  0.0445    16.16    25.40  1
  557  i02j05k06       303    870    5.267e+21    6.000e+21   11.34    9.133e-20  0.0445    16.16    25.40  1
  558  i02j05k06       603    849    5.198e+21    6.000e+21   11.34    9.133e-20  0.0445    16.16    25.40  1
  559  i02j05k06       937    470    4.918e+21    6.000e+21   11.34    9.133e-20  0.0445    16.16    25.40  1
  560  i01j05k06       919    264    3.037e+21    3.000e+21   12.83    9.354e-20  0.0444    15.98    25.18  1
  561  i01j05k06       649     52    3.987e+21    3.000e+21   12.83    9.354e-20  0.0444    15.98    25.18  1
  562  i01j05k06       892    261    3.009e+21    3.000e+21   12.83    9.354e-20  0.0444    15.98    25.18  1
  563  i01j05k06       810     72    3.699e+21    3.000e+21   12.83    9.354e-20  0.0444    15.98    25.18  1
  564  i01j05k06       769     64    3.419e+21    3.000e+21   12.83    9.354e-20  0.0444    15.98    25.18  1
  565  i01j05k06       863    107    3.000e+21    3.000e+21   12.83    9.354e-20  0.0444    15.98    25.18  1
  566  i01j05k06       612    136    4.177e+21    3.000e+21   12.83    9.354e-20  0.0444    15.98    25.18  1
  567  i01j03k06       197    811    4.365e+21    3.000e+21   13.37    3.904e-20  0.0188    15.87    25.15  1
  568  i01j03k06       587    806    4.467e+21    3.000e+21   13.37    3.904e-20  0.0188    15.87    25.15  1
  569  i01j03k06       622     37    4.268e+21    3.000e+21   13.37    3.904e-20  0.0188    15.87    25.15  1
  570  i01j03k06       646    879    3.943e+21    3.000e+21   13.37    3.904e-20  0.0188    15.87    25.15  1
  571  i01j03k06       218    858    4.323e+21    3.000e+21   13.37    3.904e-20  0.0188    15.87    25.15  1
  572  i01j03k06       882    346    3.458e+21    3.000e+21   13.37    3.904e-20  0.0188    15.87    25.15  1
  573  i01j03k06       165    913    4.285e+21    3.000e+21   13.37    3.904e-20  0.0188    15.87    25.15  1
  574  i01j03k06       867    886    4.576e+21    3.000e+21   13.37    3.904e-20  0.0188    15.87    25.15  1
  575  i01j03k06       691     35    3.371e+21    3.000e+21   13.37    3.904e-20  0.0188    15.87    25.15  1
  576  i02j04k06       941    940    5.444e+21    6.000e+21   11.49    6.197e-20  0.0289    15.80    24.99  1
  577  i02j04k06       672    722    5.592e+21    6.000e+21   11.49    6.197e-20  0.0289    15.80    24.99  1
  578  i02j04k06       713    778    4.838e+21    6.000e+21   11.49    6.197e-20  0.0289    15.80    24.99  1
  579  i02j04k06       926    777    4.916e+21    6.000e+21   11.49    6.197e-20  0.0289    15.80    24.99  1
  580  i02j04k06       355    727    4.719e+21    6.000e+21   11.49    6.197e-20  0.0289    15.80    24.99  1
  581  i02j04k06        74    502    7.843e+21    6.000e+21   11.49    6.197e-20  0.0289    15.80    24.99  1
  582  i02j04k06       705    144    5.028e+21    6.000e+21   11.49    6.197e-20  0.0289    15.80    24.99  1
  583  i02j04k06       262    738    5.573e+21    6.000e+21   11.49    6.197e-20  0.0289    15.80    24.99  1
  584  i02j04k06       921    501    5.593e+21    6.000e+21   11.49    6.197e-20  0.0289    15.80    24.99  1
  585  i02j04k06       891    810    4.891e+21    6.000e+21   11.49    6.197e-20  0.0289    15.80    24.99  1
  586  i02j03k06       872    378    4.725e+21    6.000e+21   11.59    4.201e-20  0.0189    15.52    24.64  1
  587  i03j09k01       298    416    1.086e+22    1.200e+22    6.75    1.266e-16  0.2471    18.10    17.25  1
  588  i03j09k05       364    253    1.145e+22    1.200e+22    8.66    1.787e-18  0.2470    14.19    20.54  1
  589  i03j07k05       549    486    1.775e+22    1.200e+22    9.17    9.131e-19  0.1047    11.00    18.55  1
  590  i02j07k05        69    578    9.969e+21    6.000e+21    9.94    9.124e-19  0.1048    10.89    18.48  1
  591  i03j09k04       814    771    1.606e+22    1.200e+22    8.01    5.863e-18  0.2472    12.21    17.80  1
  592  i01j03k05       683    872    4.550e+21    3.000e+21   12.71    1.750e-19  0.0188     9.68    17.79  1
  593  i02j08k04       704    679    9.736e+21    6.000e+21    8.47    5.026e-18  0.1609     9.00    16.39  1
  594  i05j08k01       271    292    4.503e+22    4.800e+22    6.65    1.170e-16  0.1609    10.89    15.59  1
  595  i05j08k01       292    310    5.015e+22    4.800e+22    6.65    1.170e-16  0.1609    10.89    15.59  1
  596  i04j07k04       249    190    2.205e+22    2.400e+22    7.92    3.655e-18  0.1048     7.78    15.83  1
  597  i02j07k04       454    930    8.857e+21    6.000e+21    8.82    3.753e-18  0.1048     7.52    15.75  1
  598  i02j07k04       508    931    8.630e+21    6.000e+21    8.82    3.753e-18  0.1048     7.52    15.75  1
  599  i03j08k02       276    391    1.628e+22    1.200e+22    7.08    4.488e-17  0.1610     8.93    15.30  1
