! mass-weighted dust temperature of the middle part of the cylinder, |z| < 2.032 pc, against R
!        R(AU)    cells   frac T=0       T(K)     rms(K)
   1.95308e-01      136      0.993    22.7598     0.0000
   2.69599e-01      162      0.994     6.7792     0.0000
   2.95610e-01      168      0.994    10.9395     0.0000
   3.09542e-01      176      0.994    12.1183     0.0000
   3.24130e-01      172      0.988    11.0181     0.2014
   3.55401e-01      188      0.995    11.9152     0.0000
   3.72151e-01      184      0.995    11.3851     0.0000
   3.89690e-01      200      0.990     5.1157     0.5276
   4.08055e-01      190      0.989    16.7590     4.5341
   4.27286e-01      208      0.990    16.4024     3.6874
   4.47424e-01      198      0.980    11.6960     0.9083
   4.68510e-01      216      0.981     9.4431     0.2743
   4.90590e-01      208      0.986    13.8448     4.5564
   5.13711e-01      222      0.973    10.4090     0.8121
   5.37922e-01      216      0.986    10.4400     0.9180
   5.63273e-01      230      0.970     6.7766     2.6094
   5.89819e-01      224      0.978     7.7710     0.5986
   6.17617e-01      240      0.963     8.5988     0.9891
   6.46724e-01      230      0.961     6.9337     1.1391
   6.77203e-01      244      0.955     8.3594     2.0746
   7.09119e-01      242      0.955     3.1459     2.5412
   7.42538e-01      248      0.960    10.5310     2.5498
   7.77533e-01      256      0.949     9.1431     1.8396
   8.14177e-01      252      0.944     7.2816     1.4842
   8.52548e-01      266      0.951     7.0579     1.3395
   8.92728e-01      260      0.938     9.4336     3.6693
   9.34800e-01      276      0.931     3.5120     2.4964
   9.78856e-01      268      0.925     5.8252     1.3958
   1.02499e+00      282      0.926     7.7282     1.0819
   1.07329e+00      276      0.920     4.7817     1.4674
   1.12388e+00      290      0.903     6.4093     1.3968
   1.17684e+00      286      0.899     6.6028     1.6243
   1.23231e+00      298      0.899     7.5626     2.8831
   1.29038e+00      292      0.873     6.1113     1.8325
   1.35120e+00      302      0.884     6.3829     4.3752
   1.41488e+00      304      0.872     6.4853     1.6830
   1.48156e+00      308      0.857     7.1210     2.8867
   1.55138e+00      316      0.864     6.8588     2.5043
   1.62450e+00      310      0.855     6.2530     2.6059
   1.70106e+00      328      0.851     7.7433     1.6518
   1.78123e+00      318      0.840     6.7502     1.4993
   1.86517e+00      340      0.821     6.2573     1.2156
   1.95308e+00      324      0.836     7.6438     1.8451
   2.04512e+00      346      0.821     7.6141     2.0446
   2.14150e+00      332      0.807     7.4985     1.8097
   2.24243e+00      354      0.785     6.6378     2.0027
   2.34811e+00      344      0.767     7.6424     2.0911
   2.45878e+00      360      0.764     7.4514     1.8413
   2.57465e+00      350      0.737     6.4482     1.2251
   2.69599e+00      364      0.720     7.1288     1.9630
   2.82305e+00      362      0.707     7.3746     1.3748
   2.95610e+00      370      0.676     7.7976     1.2536
   3.09542e+00      374      0.687     6.8268     1.3686
   3.24130e+00      372      0.648     7.6173     1.5942
   3.39406e+00      386      0.630     7.2932     1.1474
   3.55401e+00      378      0.630     8.0359     1.3008
   3.72151e+00      400      0.595     7.0019     1.3438
   3.89690e+00      384      0.594     7.5280     0.9726
   4.08055e+00      408      0.554     7.0392     1.1049
   4.27286e+00      390      0.551     7.4030     1.1242
   4.47424e+00      416      0.536     7.2046     1.0752
   4.68510e+00      402      0.502     7.6417     1.0783
   4.90590e+00      422      0.495     7.5064     0.9431
   5.13711e+00      410      0.488     7.7961     1.1544
   5.37922e+00      424      0.467     7.9500     1.0765
   5.63273e+00      422      0.476     7.7888     0.9738
   5.89819e+00      430      0.433     7.4698     1.0620
   6.17617e+00      434      0.440     7.5932     1.0239
   6.46724e+00      434      0.433     7.6633     1.0876
   6.77203e+00      444      0.403     7.9675     0.8435
   7.09119e+00      438      0.386     7.5068     0.8649
   7.42538e+00      460      0.359     7.4580     0.7870
   7.77533e+00      444      0.342     7.8321     0.9354
   8.14177e+00      470      0.351     8.1346     0.8632
   8.52548e+00      448      0.328     7.6440     0.7967
   8.92728e+00      478      0.316     7.8492     0.6545
   9.34800e+00      460      0.304     7.8939     0.7639
   9.78856e+00      484      0.302     8.0573     0.7181
   1.02499e+01      470      0.287     8.0052     0.7500
   1.07329e+01      484      0.267     7.7200     0.5893
   1.12388e+01      482      0.268     8.0222     0.7048
   1.17684e+01      490      0.237     7.9301     0.5153
   1.23231e+01      494      0.237     7.8487     0.5913
   1.29038e+01      496      0.226     7.9689     0.5807
   1.35120e+01      502      0.215     8.1712     0.6568
   1.41488e+01      500      0.204     7.9291     0.4781
   1.48156e+01      518      0.197     7.7702     0.4804
   1.55138e+01      502      0.169     8.0896     0.4936
   1.62450e+01      532      0.188     7.8172     0.4665
   1.70106e+01      508      0.179     7.8565     0.4081
   1.78123e+01      540      0.169     7.9106     0.4266
   1.86517e+01      516      0.143     8.0018     0.3804
   1.95308e+01      548      0.139     8.0490     0.4154
   2.04512e+01      520      0.142     7.8783     0.8028
   2.14150e+01      550      0.133     7.8900     0.7695
   2.24243e+01      528      0.121     7.8580     0.7588
   2.34811e+01      550      0.113     7.8922     0.7376
   2.45878e+01      544      0.105     7.8839     0.7068
   2.57465e+01      554      0.106     7.8954     0.6950
   2.69599e+01      556      0.074     7.8752     0.6833
   2.82305e+01      556      0.059     7.8734     0.6262
   2.95610e+01      570      0.053     7.8826     0.6361
   3.09542e+01      560      0.050     7.8922     0.5825
   3.24130e+01      584      0.048     7.8770     0.5689
   3.39406e+01      566      0.053     7.8943     0.5392
   3.55401e+01      592      0.061     7.8840     0.5064
   3.72151e+01      574      0.052     7.9184     0.5088
   3.89690e+01      602      0.048     7.9207     0.5066
   4.08055e+01      580      0.031     7.9817     0.5139
   4.27286e+01      604      0.033     7.9861     0.4965
   4.47424e+01      578      0.038     7.9716     0.4575
   4.68510e+01      602      0.028     7.9356     0.4556
   4.90590e+01      582      0.022     7.9487     0.4219
   5.13711e+01      594      0.020     7.9600     0.4113
   5.37922e+01      590      0.022     7.9685     0.4229
   5.63273e+01      586      0.020     7.9600     0.4003
   5.89819e+01      596      0.015     7.9488     0.4048
   6.17617e+01      582      0.009     7.9821     0.4015
   6.46724e+01      602      0.008     7.9627     0.3703
   6.77203e+01      582      0.009     7.9770     0.3802
   7.09119e+01      600      0.003     7.9730     0.3734
   7.42538e+01      582      0.003     7.9918     0.3668
   7.77533e+01      600      0.005     7.9705     0.3519
   8.14177e+01      580      0.007     7.9797     0.3414
   8.52548e+01      608      0.007     7.9871     0.3488
   8.92728e+01      578      0.003     7.9859     0.3268
   9.34800e+01      608      0.002     7.9816     0.3183
   9.78856e+01      578      0.005     8.0027     0.3222
   1.02499e+02      602      0.002     7.9962     0.3090
   1.07329e+02      588      0.003     7.9802     0.2859
   1.12388e+02      592      0.000     7.9837     0.2763
   1.17684e+02      598      0.000     8.0124     0.2888
   1.23231e+02      586      0.002     7.9940     0.2627
   1.29038e+02      606      0.000     8.0044     0.2775
   1.35120e+02      582      0.000     8.0114     0.2657
   1.41488e+02      612      0.000     8.0026     0.2641
   1.48156e+02      580      0.000     8.0089     0.2711
   1.55138e+02      614      0.000     7.9883     0.2391
   1.62450e+02      582      0.000     8.0207     0.2458
   1.70106e+02      616      0.000     8.0106     0.2338
   1.78123e+02      592      0.000     8.0142     0.2379
   1.86517e+02      622      0.000     8.0049     0.2292
   1.95308e+02      598      0.000     8.0059     0.2179
   2.04512e+02      638      0.000     8.0007     0.2211
   2.14150e+02      606      0.000     8.0232     0.2166
   2.24243e+02      650      0.000     8.0076     0.2031
   2.34811e+02      648      0.000     8.0103     0.1993
   2.45878e+02      648      0.000     7.9980     0.1847
   2.57465e+02      632      0.000     8.0230     0.1848
   2.69599e+02      646      0.000     8.0229     0.1896
   2.82305e+02      658      0.000     8.0228     0.1823
   2.95610e+02      658      0.000     8.0202     0.1828
   3.09542e+02      680      0.000     8.0282     0.1751
   3.24130e+02      678      0.000     8.0213     0.1680
   3.39406e+02      708      0.000     8.0221     0.1662
   3.55401e+02      704      0.000     8.0205     0.1722
   3.72151e+02      742      0.000     8.0107     0.1623
   3.89690e+02      744      0.000     8.0102     0.1527
   4.08055e+02      784      0.000     8.0083     0.1474
   4.27286e+02      794      0.000     8.0194     0.1460
   4.47424e+02      846      0.000     8.0212     0.1419
   4.68510e+02      884      0.000     8.0267     0.1573
   4.90590e+02      988      0.000     8.0315     0.1487
   5.13711e+02      960      0.000     8.0321     0.1468
   5.37922e+02      978      0.000     8.0411     0.1391
   5.63273e+02      952      0.000     8.0341     0.1322
   5.89819e+02      966      0.000     8.0425     0.1348
   6.17617e+02      950      0.000     8.0368     0.1284
   6.46724e+02      956      0.000     8.0484     0.1316
   6.77203e+02      942      0.000     8.0515     0.1200
   7.09119e+02      948      0.000     8.0626     0.1205
   7.42538e+02      934      0.000     8.0642     0.1203
   7.77533e+02      938      0.000     8.0548     0.1109
   8.14177e+02      928      0.000     8.0686     0.1086
   8.52548e+02      932      0.000     8.0750     0.1062
   8.92728e+02      922      0.000     8.0825     0.1101
   9.34800e+02      920      0.000     8.0807     0.1043
   9.78856e+02      904      0.000     8.0792     0.1025
   1.02499e+03      922      0.000     8.0836     0.1008
   1.07329e+03      892      0.000     8.0892     0.0944
   1.12388e+03      916      0.000     8.0990     0.0907
   1.17684e+03      886      0.000     8.1049     0.0912
   1.23231e+03      910      0.000     8.1021     0.0825
   1.29038e+03      878      0.000     8.1116     0.0801
   1.35120e+03      900      0.000     8.1196     0.0831
   1.41488e+03      870      0.000     8.1259     0.0815
   1.48156e+03      894      0.000     8.1334     0.0771
   1.55138e+03      862      0.000     8.1473     0.0756
   1.62450e+03      884      0.000     8.1539     0.0748
   1.70106e+03      856      0.000     8.1631     0.0730
   1.78123e+03      876      0.000     8.1831     0.0738
   1.86517e+03      848      0.000     8.1969     0.0733
   1.95308e+03      860      0.000     8.2091     0.0687
   2.04512e+03      842      0.000     8.2231     0.0697
   2.14150e+03      852      0.000     8.2368     0.0674
   2.24243e+03      836      0.000     8.2562     0.0669
   2.34811e+03      842      0.000     8.2763     0.0649
   2.45878e+03      834      0.000     8.2956     0.0635
   2.57465e+03      830      0.000     8.3156     0.0642
   2.69599e+03      826      0.000     8.3379     0.0610
   2.82305e+03      828      0.000     8.3653     0.0584
   2.95610e+03      816      0.000     8.3921     0.0598
   3.09542e+03      820      0.000     8.4193     0.0599
   3.24130e+03      806      0.000     8.4493     0.0574
   3.39406e+03      812      0.000     8.4799     0.0578
   3.55401e+03      798      0.000     8.5106     0.0579
   3.72151e+03      804      0.000     8.5430     0.0605
   3.89690e+03      788      0.000     8.5790     0.0601
   4.08055e+03      790      0.000     8.6151     0.0610
   4.27286e+03      782      0.000     8.6590     0.0532
   4.47424e+03      790      0.000     8.6964     0.0597
   4.68510e+03      770      0.000     8.7363     0.0553
   4.90590e+03      784      0.000     8.7850     0.0550
   5.13711e+03      762      0.000     8.8346     0.0537
   5.37922e+03      778      0.000     8.8864     0.0534
   5.63273e+03      754      0.000     8.9391     0.0540
   5.89819e+03      766      0.000     8.9970     0.0527
   6.17617e+03      748      0.000     9.0598     0.0509
   6.46724e+03      756      0.000     9.1188     0.0526
   6.77203e+03      742      0.000     9.1814     0.0497
   7.09119e+03      742      0.000     9.2479     0.0488
   7.42538e+03      742      0.000     9.3175     0.0498
   7.77533e+03      732      0.000     9.3845     0.0490
   8.14177e+03      734      0.000     9.4592     0.0479
   8.52548e+03      726      0.000     9.5378     0.0500
   8.92728e+03      722      0.000     9.6128     0.0484
   9.34800e+03      716      0.000     9.6966     0.0481
   9.78856e+03      720      0.000     9.7833     0.0453
   1.02499e+04      704      0.000     9.8675     0.0478
   1.07329e+04      710      0.000     9.9584     0.0455
   1.12388e+04      698      0.000    10.0518     0.0454
   1.17684e+04      704      0.000    10.1498     0.0448
   1.23231e+04      692      0.000    10.2459     0.0441
   1.29038e+04      692      0.000    10.3489     0.0457
   1.35120e+04      684      0.000    10.4522     0.0472
   1.41488e+04      684      0.000    10.5583     0.0442
   1.48156e+04      680      0.000    10.6688     0.0450
   1.55138e+04      674      0.000    10.7820     0.0447
   1.62450e+04      670      0.000    10.8952     0.0424
   1.70106e+04      670      0.000    11.0132     0.0443
   1.78123e+04      660      0.000    11.1323     0.0458
   1.86517e+04      662      0.000    11.2572     0.0452
   1.95308e+04      648      0.000    11.3842     0.0414
   2.04512e+04      656      0.000    11.5136     0.0468
   2.14150e+04      640      0.000    11.6461     0.0452
   2.24243e+04      650      0.000    11.7841     0.0438
   2.34811e+04      632      0.000    11.9253     0.0469
   2.45878e+04      638      0.000    12.0661     0.0451
   2.57465e+04      628      0.000    12.2132     0.0504
   2.69599e+04      632      0.000    12.3648     0.0474
   2.82305e+04      618      0.000    12.5194     0.0505
   2.95610e+04      626      0.000    12.6815     0.0509
   3.09542e+04      606      0.000    12.8470     0.0531
   3.24130e+04      618      0.000    13.0172     0.0552
   3.39406e+04      600      0.000    13.1924     0.0548
   3.55401e+04      610      0.000    13.3740     0.0545
   3.72151e+04      592      0.000    13.5635     0.0571
   3.89690e+04      598      0.000    13.7567     0.0565
   4.08055e+04      588      0.000    13.9598     0.0625
   4.27286e+04      586      0.000    14.1660     0.0614
   4.47424e+04      584      0.000    14.3827     0.0677
   4.68510e+04      580      0.000    14.6129     0.0654
   4.90590e+04      576      0.000    14.8458     0.0755
   5.13711e+04      574      0.000    15.0912     0.0730
   5.37922e+04      566      0.000    15.3475     0.0770
   5.63273e+04      568      0.000    15.6162     0.0797
   5.89819e+04      554      0.000    15.8952     0.0826
   6.17617e+04      562      0.000    16.1860     0.0886
   6.46724e+04      544      0.000    16.4932     0.0916
   6.77203e+04      554      0.000    16.8114     0.0899
   7.09119e+04      538      0.000    17.1518     0.1053
   7.42538e+04      544      0.000    17.5049     0.0981
   7.77533e+04      532      0.000    17.8794     0.1184
   8.14177e+04      534      0.000    18.2725     0.1073
   8.52548e+04      522      0.000    18.6962     0.1331
   8.92728e+04      532      0.000    19.1527     0.1267
   9.34800e+04      512      0.000    19.6591     0.1614
   9.78856e+04      526      0.000    20.2256     0.1687
   1.02499e+05      464      0.000    20.7893     0.1605
   1.07329e+05        8      0.000    21.2261     0.0230
