! mass-weighted dust temperature of the middle part of the cylinder, |z| < 2.032 pc, against R
!        R(AU)    cells   frac T=0       T(K)     rms(K)
   3.39406e-02        8      0.875    14.0545     0.0000
   6.77203e-02       42      0.976    16.6942     0.0000
   7.42538e-02       48      0.979    16.0317     0.0000
   7.77533e-02       54      0.963    12.9238     0.2811
   8.14177e-02       54      0.981    15.1926     0.0000
   8.52548e-02       60      0.983    14.8803     0.0000
   9.34800e-02       66      0.985    14.6090     0.0000
   9.78856e-02       76      0.987    14.3671     0.0000
   1.02499e-01       72      0.986    14.1470     0.0000
   1.07329e-01       84      0.988    13.9441     0.0000
   1.17684e-01       90      0.989    13.7551     0.0000
   1.23231e-01       92      0.989    13.5762     0.0000
   1.29038e-01       96      0.990    13.4052     0.0000
   1.35120e-01      100      0.990    13.2428     0.0000
   1.48156e-01      104      0.990    13.0880     0.0000
   1.55138e-01      120      0.992    12.9384     0.0000
   1.62450e-01      108      0.981    12.0308     0.4905
   1.70106e-01      122      0.984    11.8988     0.4851
   1.86517e-01      128      0.984    11.7711     0.4800
   1.95308e-01      136      0.978    22.5834     1.3905
   2.04512e-01      132      0.985    11.5242     0.4684
   2.14150e-01      144      0.986    11.4051     0.4636
   2.24243e-01      144      0.993     5.0303     0.0000
   2.34811e-01      150      0.987    11.2887     0.4572
   2.45878e-01      154      0.987    11.1730     0.4533
   2.57465e-01      154      0.987    11.0605     0.4484
   2.69599e-01      162      0.963     9.3376     2.5190
   2.82305e-01      166      0.982    16.8565     2.5384
   2.95610e-01      168      0.976    11.0236     0.6990
   3.09542e-01      176      0.972     8.5907     0.9457
   3.24130e-01      172      0.983     9.5535     0.1198
   3.39406e-01      180      0.972     9.6171     0.6803
   3.55401e-01      188      0.984    14.3475     1.5570
   3.72151e-01      184      0.978    14.9156     2.7264
   3.89690e-01      200      0.970     9.5734     0.9042
   4.08055e-01      190      0.979    16.2272     3.9695
   4.27286e-01      208      0.971    15.5100     3.5132
   4.47424e-01      198      0.975    11.7273     0.9350
   4.68510e-01      216      0.977    10.0015     4.5042
   4.90590e-01      208      0.966    12.0557     5.5451
   5.13711e-01      222      0.955    10.7648     0.9214
   5.37922e-01      216      0.977    14.6846     3.6577
   5.63273e-01      230      0.952     4.7531     2.2064
   5.89819e-01      224      0.955     7.3051     0.9125
   6.17617e-01      240      0.938     8.8370     1.1930
   6.46724e-01      230      0.935     7.1010     1.5484
   6.77203e-01      244      0.947    10.4944     2.9347
   7.09119e-01      242      0.938     3.1168     2.4640
   7.42538e-01      248      0.935     8.8530     2.6455
   7.77533e-01      256      0.914    10.1233     2.3160
   8.14177e-01      252      0.917     9.8552     1.2341
   8.52548e-01      266      0.929     6.2619     1.4306
   8.92728e-01      260      0.935     6.4820     3.3524
   9.34800e-01      276      0.917     7.7399     3.2303
   9.78856e-01      268      0.896     4.9638     1.4674
   1.02499e+00      282      0.901     9.7624     1.0487
   1.07329e+00      276      0.913     5.3606     1.6150
   1.12388e+00      290      0.886     6.9346     3.3409
   1.17684e+00      286      0.899     8.7631     1.2010
   1.23231e+00      298      0.872     7.3665     0.9014
   1.29038e+00      292      0.866     6.0343     2.7392
   1.35120e+00      302      0.877     6.7784     2.6493
   1.41488e+00      304      0.842     6.5141     2.0179
   1.48156e+00      308      0.847     7.0475     1.9293
   1.55138e+00      316      0.835     7.3560     2.6255
   1.62450e+00      310      0.839     6.4110     1.0174
   1.70106e+00      328      0.832     7.0971     1.9303
   1.78123e+00      318      0.811     5.9293     1.6896
   1.86517e+00      340      0.812     6.0730     0.9715
   1.95308e+00      324      0.806     5.4747     1.5209
   2.04512e+00      346      0.786     6.4720     2.1435
   2.14150e+00      332      0.792     7.6111     1.4082
   2.24243e+00      354      0.746     7.5739     1.3246
   2.34811e+00      344      0.744     7.2605     2.1104
   2.45878e+00      360      0.742     7.0094     2.5394
   2.57465e+00      350      0.723     7.1220     1.0569
   2.69599e+00      364      0.734     6.9864     1.1467
   2.82305e+00      362      0.691     6.5698     1.3735
   2.95610e+00      370      0.673     7.3707     1.1226
   3.09542e+00      374      0.674     7.0366     1.1726
   3.24130e+00      372      0.634     7.3931     1.1290
   3.39406e+00      386      0.642     7.1847     1.0489
   3.55401e+00      378      0.601     6.9083     1.3576
   3.72151e+00      400      0.600     6.9982     0.9530
   3.89690e+00      384      0.565     7.1018     0.7646
   4.08055e+00      408      0.537     6.8562     1.1914
   4.27286e+00      390      0.521     6.9918     0.9425
   4.47424e+00      416      0.495     7.0718     1.2530
   4.68510e+00      402      0.498     7.1626     0.7911
   4.90590e+00      422      0.467     7.1235     1.0043
   5.13711e+00      410      0.434     6.9158     0.8057
   5.37922e+00      424      0.441     7.0317     0.9724
   5.63273e+00      422      0.419     7.4713     0.8383
   5.89819e+00      430      0.412     7.4445     0.9195
   6.17617e+00      434      0.394     7.2667     0.7292
   6.46724e+00      434      0.355     7.3000     0.9169
   6.77203e+00      444      0.381     7.5962     0.7806
   7.09119e+00      438      0.349     7.6307     0.9389
   7.42538e+00      460      0.359     7.1199     0.6621
   7.77533e+00      444      0.322     7.1554     0.6972
   8.14177e+00      470      0.304     7.3626     0.6072
   8.52548e+00      448      0.310     7.4076     0.6789
   8.92728e+00      478      0.291     7.3841     0.5804
   9.34800e+00      460      0.287     7.4783     0.6379
   9.78856e+00      484      0.258     7.2726     0.5364
   1.02499e+01      470      0.240     7.4905     0.6686
   1.07329e+01      484      0.254     7.3835     0.6469
   1.12388e+01      482      0.245     7.5223     0.6144
   1.17684e+01      490      0.227     7.4127     0.4812
   1.23231e+01      494      0.215     7.5760     0.6045
   1.29038e+01      496      0.200     7.5979     0.5590
   1.35120e+01      502      0.207     7.5396     0.5458
   1.41488e+01      500      0.196     7.6050     0.5361
   1.48156e+01      518      0.181     7.3730     0.4350
   1.55138e+01      502      0.167     7.4936     0.4009
   1.62450e+01      532      0.156     7.3681     0.4460
   1.70106e+01      508      0.152     7.5449     0.3979
   1.78123e+01      540      0.148     7.5055     0.3948
   1.86517e+01      516      0.136     7.4690     0.3234
   1.95308e+01      548      0.131     7.5726     0.3642
   2.04512e+01      520      0.121     7.3620     0.6878
   2.14150e+01      550      0.111     7.3850     0.6705
   2.24243e+01      528      0.116     7.4073     0.7327
   2.34811e+01      550      0.096     7.4277     0.6706
   2.45878e+01      544      0.101     7.3959     0.6651
   2.57465e+01      554      0.088     7.4409     0.6186
   2.69599e+01      556      0.079     7.4373     0.5920
   2.82305e+01      556      0.083     7.4436     0.5621
   2.95610e+01      570      0.061     7.5143     0.5761
   3.09542e+01      560      0.068     7.5072     0.5202
   3.24130e+01      584      0.060     7.4677     0.5137
   3.39406e+01      566      0.049     7.5037     0.4870
   3.55401e+01      592      0.054     7.5219     0.4620
   3.72151e+01      574      0.045     7.5089     0.4296
   3.89690e+01      602      0.048     7.5096     0.4300
   4.08055e+01      580      0.048     7.5354     0.3966
   4.27286e+01      604      0.035     7.5338     0.4047
   4.47424e+01      578      0.040     7.5353     0.3979
   4.68510e+01      602      0.033     7.5108     0.3742
   4.90590e+01      582      0.027     7.5236     0.3767
   5.13711e+01      594      0.020     7.5299     0.3475
   5.37922e+01      590      0.017     7.5332     0.3566
   5.63273e+01      586      0.019     7.5240     0.3475
   5.89819e+01      596      0.018     7.4960     0.3407
   6.17617e+01      582      0.010     7.5286     0.3354
   6.46724e+01      602      0.015     7.5173     0.3304
   6.77203e+01      582      0.014     7.5193     0.3213
   7.09119e+01      600      0.008     7.5326     0.3142
   7.42538e+01      582      0.009     7.5353     0.3010
   7.77533e+01      600      0.003     7.5411     0.3115
   8.14177e+01      580      0.002     7.5468     0.3085
   8.52548e+01      608      0.003     7.5311     0.2885
   8.92728e+01      578      0.002     7.5318     0.2796
   9.34800e+01      608      0.003     7.5314     0.2719
   9.78856e+01      578      0.005     7.5201     0.2751
   1.02499e+02      602      0.002     7.5404     0.2646
   1.07329e+02      588      0.000     7.5275     0.2577
   1.12388e+02      592      0.000     7.5280     0.2522
   1.17684e+02      598      0.000     7.5368     0.2544
   1.23231e+02      586      0.000     7.5448     0.2506
   1.29038e+02      606      0.000     7.5543     0.2407
   1.35120e+02      582      0.000     7.5514     0.2407
   1.41488e+02      612      0.000     7.5523     0.2377
   1.48156e+02      580      0.000     7.5520     0.2340
   1.55138e+02      614      0.000     7.5470     0.2115
   1.62450e+02      582      0.000     7.5476     0.2134
   1.70106e+02      616      0.000     7.5464     0.2085
   1.78123e+02      592      0.000     7.5403     0.1959
   1.86517e+02      622      0.000     7.5428     0.1928
   1.95308e+02      598      0.000     7.5449     0.1901
   2.04512e+02      638      0.000     7.5396     0.1880
   2.14150e+02      606      0.000     7.5480     0.1833
   2.24243e+02      650      0.000     7.5370     0.1763
   2.34811e+02      648      0.000     7.5441     0.1794
   2.45878e+02      648      0.000     7.5475     0.1639
   2.57465e+02      632      0.000     7.5558     0.1668
   2.69599e+02      646      0.000     7.5527     0.1642
   2.82305e+02      658      0.000     7.5494     0.1572
   2.95610e+02      658      0.000     7.5471     0.1550
   3.09542e+02      680      0.000     7.5560     0.1467
   3.24130e+02      678      0.000     7.5521     0.1491
   3.39406e+02      708      0.000     7.5566     0.1449
   3.55401e+02      704      0.000     7.5608     0.1474
   3.72151e+02      742      0.000     7.5578     0.1383
   3.89690e+02      744      0.000     7.5616     0.1369
   4.08055e+02      784      0.000     7.5556     0.1319
   4.27286e+02      794      0.000     7.5612     0.1300
   4.47424e+02      846      0.000     7.5580     0.1332
   4.68510e+02      884      0.000     7.5574     0.1238
   4.90590e+02      988      0.000     7.5577     0.1202
   5.13711e+02      960      0.000     7.5647     0.1206
   5.37922e+02      978      0.000     7.5650     0.1155
   5.63273e+02      952      0.000     7.5587     0.1098
   5.89819e+02      966      0.000     7.5660     0.1124
   6.17617e+02      950      0.000     7.5613     0.1003
   6.46724e+02      956      0.000     7.5695     0.1011
   6.77203e+02      942      0.000     7.5797     0.1001
   7.09119e+02      948      0.000     7.5753     0.0960
   7.42538e+02      934      0.000     7.5883     0.1001
   7.77533e+02      938      0.000     7.5821     0.0928
   8.14177e+02      928      0.000     7.5889     0.0945
   8.52548e+02      932      0.000     7.5894     0.0872
   8.92728e+02      922      0.000     7.5894     0.0849
   9.34800e+02      920      0.000     7.5955     0.0819
   9.78856e+02      904      0.000     7.5962     0.0801
   1.02499e+03      922      0.000     7.5998     0.0785
   1.07329e+03      892      0.000     7.6048     0.0756
   1.12388e+03      916      0.000     7.6084     0.0751
   1.17684e+03      886      0.000     7.6140     0.0745
   1.23231e+03      910      0.000     7.6140     0.0697
   1.29038e+03      878      0.000     7.6261     0.0679
   1.35120e+03      900      0.000     7.6282     0.0662
   1.41488e+03      870      0.000     7.6340     0.0648
   1.48156e+03      894      0.000     7.6458     0.0663
   1.55138e+03      862      0.000     7.6522     0.0653
   1.62450e+03      884      0.000     7.6615     0.0615
   1.70106e+03      856      0.000     7.6654     0.0611
   1.78123e+03      876      0.000     7.6734     0.0612
   1.86517e+03      848      0.000     7.6878     0.0602
   1.95308e+03      860      0.000     7.6969     0.0581
   2.04512e+03      842      0.000     7.7047     0.0595
   2.14150e+03      852      0.000     7.7185     0.0561
   2.24243e+03      836      0.000     7.7288     0.0530
   2.34811e+03      842      0.000     7.7467     0.0505
   2.45878e+03      834      0.000     7.7580     0.0527
   2.57465e+03      830      0.000     7.7735     0.0529
   2.69599e+03      826      0.000     7.7970     0.0526
   2.82305e+03      828      0.000     7.8076     0.0510
   2.95610e+03      816      0.000     7.8275     0.0481
   3.09542e+03      820      0.000     7.8486     0.0464
   3.24130e+03      806      0.000     7.8672     0.0469
   3.39406e+03      812      0.000     7.8857     0.0428
   3.55401e+03      798      0.000     7.9069     0.0446
   3.72151e+03      804      0.000     7.9285     0.0420
   3.89690e+03      788      0.000     7.9548     0.0414
   4.08055e+03      790      0.000     7.9785     0.0435
   4.27286e+03      782      0.000     8.0086     0.0420
   4.47424e+03      790      0.000     8.0341     0.0432
   4.68510e+03      770      0.000     8.0613     0.0420
   4.90590e+03      784      0.000     8.0953     0.0436
   5.13711e+03      762      0.000     8.1301     0.0420
   5.37922e+03      778      0.000     8.1638     0.0419
   5.63273e+03      754      0.000     8.1978     0.0405
   5.89819e+03      766      0.000     8.2373     0.0386
   6.17617e+03      748      0.000     8.2735     0.0383
   6.46724e+03      756      0.000     8.3119     0.0414
   6.77203e+03      742      0.000     8.3562     0.0383
   7.09119e+03      742      0.000     8.4008     0.0389
   7.42538e+03      742      0.000     8.4453     0.0377
   7.77533e+03      732      0.000     8.4941     0.0402
   8.14177e+03      734      0.000     8.5449     0.0393
   8.52548e+03      726      0.000     8.5959     0.0388
   8.92728e+03      722      0.000     8.6535     0.0395
   9.34800e+03      716      0.000     8.7103     0.0407
   9.78856e+03      720      0.000     8.7711     0.0386
   1.02499e+04      704      0.000     8.8352     0.0385
   1.07329e+04      710      0.000     8.9001     0.0384
   1.12388e+04      698      0.000     8.9676     0.0377
   1.17684e+04      704      0.000     9.0415     0.0373
   1.23231e+04      692      0.000     9.1151     0.0380
   1.29038e+04      692      0.000     9.1926     0.0390
   1.35120e+04      684      0.000     9.2716     0.0380
   1.41488e+04      684      0.000     9.3531     0.0383
   1.48156e+04      680      0.000     9.4391     0.0378
   1.55138e+04      674      0.000     9.5304     0.0370
   1.62450e+04      670      0.000     9.6240     0.0399
   1.70106e+04      670      0.000     9.7175     0.0394
   1.78123e+04      660      0.000     9.8182     0.0412
   1.86517e+04      662      0.000     9.9205     0.0406
   1.95308e+04      648      0.000    10.0257     0.0378
   2.04512e+04      656      0.000    10.1381     0.0407
   2.14150e+04      640      0.000    10.2544     0.0416
   2.24243e+04      650      0.000    10.3706     0.0415
   2.34811e+04      632      0.000    10.4935     0.0415
   2.45878e+04      638      0.000    10.6159     0.0420
   2.57465e+04      628      0.000    10.7473     0.0461
   2.69599e+04      632      0.000    10.8793     0.0443
   2.82305e+04      618      0.000    11.0203     0.0462
   2.95610e+04      626      0.000    11.1629     0.0470
   3.09542e+04      606      0.000    11.3109     0.0481
   3.24130e+04      618      0.000    11.4650     0.0503
   3.39406e+04      600      0.000    11.6229     0.0487
   3.55401e+04      610      0.000    11.7894     0.0510
   3.72151e+04      592      0.000    11.9627     0.0529
   3.89690e+04      598      0.000    12.1411     0.0542
   4.08055e+04      588      0.000    12.3251     0.0582
   4.27286e+04      586      0.000    12.5167     0.0559
   4.47424e+04      584      0.000    12.7212     0.0640
   4.68510e+04      580      0.000    12.9364     0.0606
   4.90590e+04      576      0.000    13.1607     0.0710
   5.13711e+04      574      0.000    13.3967     0.0702
   5.37922e+04      566      0.000    13.6480     0.0760
   5.63273e+04      568      0.000    13.9173     0.0797
   5.89819e+04      554      0.000    14.2007     0.0857
   6.17617e+04      562      0.000    14.5043     0.0922
   6.46724e+04      544      0.000    14.8343     0.1003
   6.77203e+04      554      0.000    15.1833     0.1012
   7.09119e+04      538      0.000    15.5706     0.1211
   7.42538e+04      544      0.000    15.9857     0.1167
   7.77533e+04      532      0.000    16.4411     0.1477
   8.14177e+04      534      0.000    16.9361     0.1379
   8.52548e+04      522      0.000    17.4916     0.1771
   8.92728e+04      532      0.000    18.1098     0.1741
   9.34800e+04      512      0.000    18.8207     0.2296
   9.78856e+04      526      0.000    19.6453     0.2489
   1.02499e+05      464      0.000    20.4735     0.2373
   1.07329e+05        8      0.000    21.0919     0.0236
