! Date: 14/08/2026  Time: 20:19:37  Created by RADMC3D compiled on Aug 14 2026 12:46    
! Alexander Men’shchikov, DAp IRFU CEA Saclay, France                         
!
! RADIAL PROFILES OF SURFACE DENSITIES (cm^-2)
!
! Distance (pc): 2.60000000E+02  Mass-averaged Tdust (K): 1.13695855E+01
!
!   N   RADIUS(au)     RADIUS(pc)     RADIUS(as)      PROFILE        SLOPE          PROFILEBS      SLOPEBS
!
    1  1.0802449E+01  5.2371032E-05  4.1547882E-02  4.2306718E+22  1.6270409E-02  4.0807697E+22  1.6888867E-02
    2  6.0593494E+02  2.9376151E-03  2.3305190E+00  3.9623603E+22  1.6270409E-02  3.8124581E+22  1.6888867E-02
    3  1.2010674E+03  5.8228591E-03  4.6194901E+00  3.3224543E+22  1.6270409E-02  3.1725522E+22  1.6888867E-02
    4  1.7961999E+03  8.7081032E-03  6.9084612E+00  2.6186324E+22  1.6270409E-02  2.4687303E+22  1.6888867E-02
    5  2.3913324E+03  1.1593347E-02  9.1974323E+00  2.0168798E+22  2.5743617E-01  1.8669777E+22  2.6854659E-01
    6  2.9864649E+03  1.4478591E-02  1.1486403E+01  1.5561160E+22  5.9148738E-01  1.4062139E+22  6.2324398E-01
    7  3.5815974E+03  1.7363835E-02  1.3775374E+01  1.2307785E+22  9.1237302E-01  1.0808764E+22  9.7625828E-01
    8  4.1767299E+03  2.0249079E-02  1.6064346E+01  9.6757923E+21  1.1670223E+00  8.1767713E+21  1.2752897E+00
    9  4.7718623E+03  2.3134323E-02  1.8353317E+01  7.9442399E+21  1.2907109E+00  6.4452189E+21  1.4480016E+00
   10  5.3669948E+03  2.6019567E-02  2.0642288E+01  6.5731500E+21  1.4802409E+00  5.0741290E+21  1.7863693E+00
   11  5.9621273E+03  2.8904812E-02  2.2931259E+01  5.7929818E+21  1.4802409E+00  4.2939608E+21  1.7863693E+00
   12  6.5572598E+03  3.1790056E-02  2.5220230E+01  4.9601532E+21  1.4802409E+00  3.4611322E+21  1.7863693E+00
   13  7.1523923E+03  3.4675300E-02  2.7509201E+01  4.2068419E+21  1.6119423E+00  2.7078209E+21  2.0350610E+00
   14  7.7475248E+03  3.7560544E-02  2.9798172E+01  3.7224504E+21  1.5305316E+00  2.2234294E+21  2.2661494E+00
   15  8.3426573E+03  4.0445788E-02  3.2087143E+01  3.2197936E+21  1.6312973E+00  1.7207725E+21  2.4659329E+00
   16  8.9377897E+03  4.3331032E-02  3.4376114E+01  2.7368867E+21  1.8961282E+00  1.2378656E+21  2.8253713E+00
   17  9.5329222E+03  4.6216276E-02  3.6665085E+01  2.3332522E+21  1.9601149E+00  8.3423116E+20  3.4628167E+00
   18  1.0128055E+04  4.9101520E-02  3.8954057E+01  1.6934910E+21  2.3582118E+00  1.0000000E-99  3.4628167E+00
   19  1.0723187E+04  5.1986764E-02  4.1243028E+01  1.4990604E+21  2.3582118E+00  1.0000000E-99  1.0000000E-99
   20  1.1318320E+04  5.4872008E-02  4.3531999E+01  1.4989531E+21  2.1358204E+00  1.0000000E-99  1.0000000E-99
   21  1.1913452E+04  5.7757252E-02  4.5820970E+01  1.4988400E+21  1.4729998E-03  1.0000000E-99  1.0000000E-99
   22  1.2508585E+04  6.0642496E-02  4.8109941E+01  1.4987210E+21  1.4729998E-03  1.0000000E-99  1.0000000E-99
   23  1.3103717E+04  6.3527740E-02  5.0398912E+01  1.4985962E+21  1.4729998E-03  1.0000000E-99  1.0000000E-99
   24  1.3698850E+04  6.6412984E-02  5.2687883E+01  1.4984657E+21  1.6281626E-03  1.0000000E-99  1.0000000E-99
   25  1.4293982E+04  6.9298228E-02  5.4976854E+01  1.4983293E+21  1.7911318E-03  1.0000000E-99  1.0000000E-99
   26  1.4889115E+04  7.2183472E-02  5.7265825E+01  1.4981870E+21  1.9619149E-03  1.0000000E-99  1.0000000E-99
   27  1.5484247E+04  7.5068716E-02  5.9554796E+01  1.4980390E+21  2.1405199E-03  1.0000000E-99  1.0000000E-99
   28  1.6079380E+04  7.7953960E-02  6.1843768E+01  1.4978851E+21  2.3269552E-03  1.0000000E-99  1.0000000E-99
   29  1.6674512E+04  8.0839204E-02  6.4132739E+01  1.4977255E+21  2.5212294E-03  1.0000000E-99  1.0000000E-99
   30  1.7269645E+04  8.3724448E-02  6.6421710E+01  1.4975600E+21  2.7233517E-03  1.0000000E-99  1.0000000E-99
   31  1.7864777E+04  8.6609693E-02  6.8710681E+01  1.4973886E+21  2.9333315E-03  1.0000000E-99  1.0000000E-99
   32  1.8459910E+04  8.9494937E-02  7.0999652E+01  1.4972115E+21  3.1511785E-03  1.0000000E-99  1.0000000E-99
   33  1.9055042E+04  9.2380181E-02  7.3288623E+01  1.4970285E+21  3.3769031E-03  1.0000000E-99  1.0000000E-99
   34  1.9650174E+04  9.5265425E-02  7.5577594E+01  1.4968397E+21  3.6105157E-03  1.0000000E-99  1.0000000E-99
   35  2.0245307E+04  9.8150669E-02  7.7866565E+01  1.4966450E+21  3.8520274E-03  1.0000000E-99  1.0000000E-99
   36  2.0840439E+04  1.0103591E-01  8.0155536E+01  1.4964445E+21  4.1014493E-03  1.0000000E-99  1.0000000E-99
   37  2.1435572E+04  1.0392116E-01  8.2444507E+01  1.4962382E+21  4.3587934E-03  1.0000000E-99  1.0000000E-99
   38  2.2030704E+04  1.0680640E-01  8.4733479E+01  1.4960260E+21  4.6240715E-03  1.0000000E-99  1.0000000E-99
   39  2.2625837E+04  1.0969164E-01  8.7022450E+01  1.4958080E+21  4.8972963E-03  1.0000000E-99  1.0000000E-99
   40  2.3220969E+04  1.1257689E-01  8.9311421E+01  1.4955841E+21  5.1784805E-03  1.0000000E-99  1.0000000E-99
   41  2.3816102E+04  1.1546213E-01  9.1600392E+01  1.4953544E+21  5.4676375E-03  1.0000000E-99  1.0000000E-99
   42  2.4411234E+04  1.1834738E-01  9.3889363E+01  1.4951189E+21  5.7647807E-03  1.0000000E-99  1.0000000E-99
   43  2.5006367E+04  1.2123262E-01  9.6178334E+01  1.4948774E+21  6.0699243E-03  1.0000000E-99  1.0000000E-99
   44  2.5601499E+04  1.2411787E-01  9.8467305E+01  1.4946302E+21  6.3830826E-03  1.0000000E-99  1.0000000E-99
   45  2.6196632E+04  1.2700311E-01  1.0075628E+02  1.4943770E+21  6.7042704E-03  1.0000000E-99  1.0000000E-99
   46  2.6791764E+04  1.2988835E-01  1.0304525E+02  1.4941180E+21  7.0335030E-03  1.0000000E-99  1.0000000E-99
   47  2.7386897E+04  1.3277360E-01  1.0533422E+02  1.4938531E+21  7.3707959E-03  1.0000000E-99  1.0000000E-99
   48  2.7982029E+04  1.3565884E-01  1.0762319E+02  1.4935824E+21  7.7161651E-03  1.0000000E-99  1.0000000E-99
   49  2.8577162E+04  1.3854409E-01  1.0991216E+02  1.4933058E+21  8.0696270E-03  1.0000000E-99  1.0000000E-99
   50  2.9172294E+04  1.4142933E-01  1.1220113E+02  1.4930233E+21  8.4311983E-03  1.0000000E-99  1.0000000E-99
   51  2.9767427E+04  1.4431457E-01  1.1449010E+02  1.4927349E+21  8.8008962E-03  1.0000000E-99  1.0000000E-99
   52  3.0362559E+04  1.4719982E-01  1.1677907E+02  1.4924407E+21  9.1787385E-03  1.0000000E-99  1.0000000E-99
   53  3.0957692E+04  1.5008506E-01  1.1906805E+02  1.4921405E+21  9.5647429E-03  1.0000000E-99  1.0000000E-99
   54  3.1552824E+04  1.5297031E-01  1.2135702E+02  1.4918345E+21  9.9589280E-03  1.0000000E-99  1.0000000E-99
   55  3.2147957E+04  1.5585555E-01  1.2364599E+02  1.4915226E+21  1.0361313E-02  1.0000000E-99  1.0000000E-99
   56  3.2743089E+04  1.5874079E-01  1.2593496E+02  1.4912048E+21  1.0771916E-02  1.0000000E-99  1.0000000E-99
   57  3.3338222E+04  1.6162604E-01  1.2822393E+02  1.4908811E+21  1.1190757E-02  1.0000000E-99  1.0000000E-99
   58  3.3933354E+04  1.6451128E-01  1.3051290E+02  1.4905514E+21  1.1617858E-02  1.0000000E-99  1.0000000E-99
   59  3.4528487E+04  1.6739653E-01  1.3280187E+02  1.4902159E+21  1.2053236E-02  1.0000000E-99  1.0000000E-99
   60  3.5123619E+04  1.7028177E-01  1.3509084E+02  1.4898744E+21  1.2496915E-02  1.0000000E-99  1.0000000E-99
   61  3.5718752E+04  1.7316701E-01  1.3737981E+02  1.4895271E+21  1.2948915E-02  1.0000000E-99  1.0000000E-99
   62  3.6313884E+04  1.7605226E-01  1.3966878E+02  1.4891738E+21  1.3409258E-02  1.0000000E-99  1.0000000E-99
   63  3.6909017E+04  1.7893750E-01  1.4195776E+02  1.4888146E+21  1.3877966E-02  1.0000000E-99  1.0000000E-99
   64  3.7504149E+04  1.8182275E-01  1.4424673E+02  1.4884494E+21  1.4355062E-02  1.0000000E-99  1.0000000E-99
   65  3.8099282E+04  1.8470799E-01  1.4653570E+02  1.4880784E+21  1.4840569E-02  1.0000000E-99  1.0000000E-99
   66  3.8694414E+04  1.8759323E-01  1.4882467E+02  1.4877014E+21  1.5334510E-02  1.0000000E-99  1.0000000E-99
   67  3.9289547E+04  1.9047848E-01  1.5111364E+02  1.4873184E+21  1.5836909E-02  1.0000000E-99  1.0000000E-99
   68  3.9884679E+04  1.9336372E-01  1.5340261E+02  1.4869295E+21  1.6347792E-02  1.0000000E-99  1.0000000E-99
   69  4.0479811E+04  1.9624897E-01  1.5569158E+02  1.4865346E+21  1.6867181E-02  1.0000000E-99  1.0000000E-99
   70  4.1074944E+04  1.9913421E-01  1.5798055E+02  1.4861338E+21  1.7395104E-02  1.0000000E-99  1.0000000E-99
   71  4.1670076E+04  2.0201945E-01  1.6026952E+02  1.4857271E+21  1.7931585E-02  1.0000000E-99  1.0000000E-99
   72  4.2265209E+04  2.0490470E-01  1.6255850E+02  1.4853143E+21  1.8476651E-02  1.0000000E-99  1.0000000E-99
   73  4.2860341E+04  2.0778994E-01  1.6484747E+02  1.4848956E+21  1.9030329E-02  1.0000000E-99  1.0000000E-99
   74  4.3455474E+04  2.1067519E-01  1.6713644E+02  1.4844709E+21  1.9592646E-02  1.0000000E-99  1.0000000E-99
   75  4.4050606E+04  2.1356043E-01  1.6942541E+02  1.4840402E+21  2.0163628E-02  1.0000000E-99  1.0000000E-99
   76  4.4645739E+04  2.1644567E-01  1.7171438E+02  1.4836036E+21  2.0743305E-02  1.0000000E-99  1.0000000E-99
   77  4.5240871E+04  2.1933092E-01  1.7400335E+02  1.4831609E+21  2.1331705E-02  1.0000000E-99  1.0000000E-99
   78  4.5836004E+04  2.2221616E-01  1.7629232E+02  1.4827123E+21  2.1928857E-02  1.0000000E-99  1.0000000E-99
   79  4.6431136E+04  2.2510141E-01  1.7858129E+02  1.4822576E+21  2.2534791E-02  1.0000000E-99  1.0000000E-99
   80  4.7026269E+04  2.2798665E-01  1.8087026E+02  1.4817970E+21  2.3149536E-02  1.0000000E-99  1.0000000E-99
   81  4.7621401E+04  2.3087190E-01  1.8315924E+02  1.4813303E+21  2.3773123E-02  1.0000000E-99  1.0000000E-99
   82  4.8216534E+04  2.3375714E-01  1.8544821E+02  1.4808576E+21  2.4405582E-02  1.0000000E-99  1.0000000E-99
   83  4.8811666E+04  2.3664238E-01  1.8773718E+02  1.4803789E+21  2.5046947E-02  1.0000000E-99  1.0000000E-99
   84  4.9406799E+04  2.3952763E-01  1.9002615E+02  1.4798941E+21  2.5697248E-02  1.0000000E-99  1.0000000E-99
   85  5.0001931E+04  2.4241287E-01  1.9231512E+02  1.4794033E+21  2.6356518E-02  1.0000000E-99  1.0000000E-99
   86  5.0597064E+04  2.4529812E-01  1.9460409E+02  1.4789065E+21  2.7024789E-02  1.0000000E-99  1.0000000E-99
   87  5.1192196E+04  2.4818336E-01  1.9689306E+02  1.4784036E+21  2.7702097E-02  1.0000000E-99  1.0000000E-99
   88  5.1787329E+04  2.5106860E-01  1.9918203E+02  1.4778947E+21  2.8388473E-02  1.0000000E-99  1.0000000E-99
   89  5.2382461E+04  2.5395385E-01  2.0147100E+02  1.4773797E+21  2.9083954E-02  1.0000000E-99  1.0000000E-99
   90  5.2977594E+04  2.5683909E-01  2.0375998E+02  1.4768586E+21  2.9788574E-02  1.0000000E-99  1.0000000E-99
   91  5.3572726E+04  2.5972434E-01  2.0604895E+02  1.4763315E+21  3.0502369E-02  1.0000000E-99  1.0000000E-99
   92  5.4167859E+04  2.6260958E-01  2.0833792E+02  1.4757982E+21  3.1225375E-02  1.0000000E-99  1.0000000E-99
   93  5.4762991E+04  2.6549482E-01  2.1062689E+02  1.4752589E+21  3.1957629E-02  1.0000000E-99  1.0000000E-99
   94  5.5358124E+04  2.6838007E-01  2.1291586E+02  1.4747135E+21  3.2699167E-02  1.0000000E-99  1.0000000E-99
   95  5.5953256E+04  2.7126531E-01  2.1520483E+02  1.4741620E+21  3.3450028E-02  1.0000000E-99  1.0000000E-99
   96  5.6548389E+04  2.7415056E-01  2.1749380E+02  1.4736044E+21  3.4210251E-02  1.0000000E-99  1.0000000E-99
   97  5.7143521E+04  2.7703580E-01  2.1978277E+02  1.4730407E+21  3.4979873E-02  1.0000000E-99  1.0000000E-99
   98  5.7738654E+04  2.7992104E-01  2.2207174E+02  1.4724708E+21  3.5758935E-02  1.0000000E-99  1.0000000E-99
   99  5.8333786E+04  2.8280629E-01  2.2436072E+02  1.4718948E+21  3.6547476E-02  1.0000000E-99  1.0000000E-99
  100  5.8928919E+04  2.8569153E-01  2.2664969E+02  1.4713127E+21  3.7345537E-02  1.0000000E-99  1.0000000E-99
  101  5.9524051E+04  2.8857678E-01  2.2893866E+02  1.4707244E+21  3.8153160E-02  1.0000000E-99  1.0000000E-99
  102  6.0119184E+04  2.9146202E-01  2.3122763E+02  1.4701300E+21  3.8970386E-02  1.0000000E-99  1.0000000E-99
  103  6.0714316E+04  2.9434726E-01  2.3351660E+02  1.4695294E+21  3.9797258E-02  1.0000000E-99  1.0000000E-99
  104  6.1309449E+04  2.9723251E-01  2.3580557E+02  1.4689227E+21  4.0633818E-02  1.0000000E-99  1.0000000E-99
  105  6.1904581E+04  3.0011775E-01  2.3809454E+02  1.4683098E+21  4.1480111E-02  1.0000000E-99  1.0000000E-99
  106  6.2499713E+04  3.0300300E-01  2.4038351E+02  1.4676907E+21  4.2336180E-02  1.0000000E-99  1.0000000E-99
  107  6.3094846E+04  3.0588824E-01  2.4267248E+02  1.4670654E+21  4.3202070E-02  1.0000000E-99  1.0000000E-99
  108  6.3689978E+04  3.0877348E-01  2.4496146E+02  1.4664339E+21  4.4077827E-02  1.0000000E-99  1.0000000E-99
  109  6.4285111E+04  3.1165873E-01  2.4725043E+02  1.4657962E+21  4.4963497E-02  1.0000000E-99  1.0000000E-99
  110  6.4880243E+04  3.1454397E-01  2.4953940E+02  1.4651523E+21  4.5859126E-02  1.0000000E-99  1.0000000E-99
  111  6.5475376E+04  3.1742922E-01  2.5182837E+02  1.4645022E+21  4.6764763E-02  1.0000000E-99  1.0000000E-99
  112  6.6070508E+04  3.2031446E-01  2.5411734E+02  1.4638459E+21  4.7680454E-02  1.0000000E-99  1.0000000E-99
  113  6.6665641E+04  3.2319970E-01  2.5640631E+02  1.4631833E+21  4.8606249E-02  1.0000000E-99  1.0000000E-99
  114  6.7260773E+04  3.2608495E-01  2.5869528E+02  1.4625144E+21  4.9542197E-02  1.0000000E-99  1.0000000E-99
  115  6.7855906E+04  3.2897019E-01  2.6098425E+02  1.4618393E+21  5.0488347E-02  1.0000000E-99  1.0000000E-99
  116  6.8451038E+04  3.3185544E-01  2.6327322E+02  1.4611580E+21  5.1444752E-02  1.0000000E-99  1.0000000E-99
  117  6.9046171E+04  3.3474068E-01  2.6556220E+02  1.4604703E+21  5.2411461E-02  1.0000000E-99  1.0000000E-99
  118  6.9641303E+04  3.3762592E-01  2.6785117E+02  1.4597764E+21  5.3388528E-02  1.0000000E-99  1.0000000E-99
  119  7.0236436E+04  3.4051117E-01  2.7014014E+02  1.4590762E+21  5.4376005E-02  1.0000000E-99  1.0000000E-99
  120  7.0831568E+04  3.4339641E-01  2.7242911E+02  1.4583697E+21  5.5373945E-02  1.0000000E-99  1.0000000E-99
  121  7.1426701E+04  3.4628166E-01  2.7471808E+02  1.4576569E+21  5.6382402E-02  1.0000000E-99  1.0000000E-99
  122  7.2021833E+04  3.4916690E-01  2.7700705E+02  1.4569378E+21  5.7401432E-02  1.0000000E-99  1.0000000E-99
  123  7.2616966E+04  3.5205215E-01  2.7929602E+02  1.4562123E+21  5.8431090E-02  1.0000000E-99  1.0000000E-99
  124  7.3212098E+04  3.5493739E-01  2.8158499E+02  1.4554805E+21  5.9471432E-02  1.0000000E-99  1.0000000E-99
  125  7.3807231E+04  3.5782263E-01  2.8387396E+02  1.4547424E+21  6.0522516E-02  1.0000000E-99  1.0000000E-99
  126  7.4402363E+04  3.6070788E-01  2.8616294E+02  1.4539979E+21  6.1584399E-02  1.0000000E-99  1.0000000E-99
  127  7.4997496E+04  3.6359312E-01  2.8845191E+02  1.4532470E+21  6.2657141E-02  1.0000000E-99  1.0000000E-99
  128  7.5592628E+04  3.6647837E-01  2.9074088E+02  1.4524898E+21  6.3740800E-02  1.0000000E-99  1.0000000E-99
  129  7.6187761E+04  3.6936361E-01  2.9302985E+02  1.4517262E+21  6.4835436E-02  1.0000000E-99  1.0000000E-99
  130  7.6782893E+04  3.7224885E-01  2.9531882E+02  1.4509562E+21  6.5941112E-02  1.0000000E-99  1.0000000E-99
  131  7.7378026E+04  3.7513410E-01  2.9760779E+02  1.4501797E+21  6.7057887E-02  1.0000000E-99  1.0000000E-99
  132  7.7973158E+04  3.7801934E-01  2.9989676E+02  1.4493969E+21  6.8185826E-02  1.0000000E-99  1.0000000E-99
  133  7.8568291E+04  3.8090459E-01  3.0218573E+02  1.4486076E+21  6.9324991E-02  1.0000000E-99  1.0000000E-99
  134  7.9163423E+04  3.8378983E-01  3.0447470E+02  1.4478119E+21  7.0475447E-02  1.0000000E-99  1.0000000E-99
  135  7.9758556E+04  3.8667507E-01  3.0676368E+02  1.4470098E+21  7.1637259E-02  1.0000000E-99  1.0000000E-99
  136  8.0353688E+04  3.8956032E-01  3.0905265E+02  1.4462012E+21  7.2810493E-02  1.0000000E-99  1.0000000E-99
  137  8.0948821E+04  3.9244556E-01  3.1134162E+02  1.4453861E+21  7.3995214E-02  1.0000000E-99  1.0000000E-99
  138  8.1543953E+04  3.9533081E-01  3.1363059E+02  1.4445645E+21  7.5191492E-02  1.0000000E-99  1.0000000E-99
  139  8.2139086E+04  3.9821605E-01  3.1591956E+02  1.4437365E+21  7.6399395E-02  1.0000000E-99  1.0000000E-99
  140  8.2734218E+04  4.0110129E-01  3.1820853E+02  1.4429019E+21  7.7618992E-02  1.0000000E-99  1.0000000E-99
  141  8.3329350E+04  4.0398654E-01  3.2049750E+02  1.4420608E+21  7.8850352E-02  1.0000000E-99  1.0000000E-99
  142  8.3924483E+04  4.0687178E-01  3.2278647E+02  1.4412133E+21  8.0093549E-02  1.0000000E-99  1.0000000E-99
  143  8.4519615E+04  4.0975703E-01  3.2507544E+02  1.4403591E+21  8.1348653E-02  1.0000000E-99  1.0000000E-99
  144  8.5114748E+04  4.1264227E-01  3.2736442E+02  1.4394984E+21  8.2615738E-02  1.0000000E-99  1.0000000E-99
  145  8.5709880E+04  4.1552751E-01  3.2965339E+02  1.4386312E+21  8.3894878E-02  1.0000000E-99  1.0000000E-99
  146  8.6305013E+04  4.1841276E-01  3.3194236E+02  1.4377574E+21  8.5186147E-02  1.0000000E-99  1.0000000E-99
  147  8.6900145E+04  4.2129800E-01  3.3423133E+02  1.4368770E+21  8.6489622E-02  1.0000000E-99  1.0000000E-99
  148  8.7495278E+04  4.2418325E-01  3.3652030E+02  1.4359900E+21  8.7805380E-02  1.0000000E-99  1.0000000E-99
  149  8.8090410E+04  4.2706849E-01  3.3880927E+02  1.4350964E+21  8.9133498E-02  1.0000000E-99  1.0000000E-99
  150  8.8685543E+04  4.2995373E-01  3.4109824E+02  1.4341962E+21  9.0474056E-02  1.0000000E-99  1.0000000E-99
  151  8.9280675E+04  4.3283898E-01  3.4338721E+02  1.4332893E+21  9.1827133E-02  1.0000000E-99  1.0000000E-99
  152  8.9875808E+04  4.3572422E-01  3.4567618E+02  1.4323758E+21  9.3192810E-02  1.0000000E-99  1.0000000E-99
  153  9.0470940E+04  4.3860947E-01  3.4796516E+02  1.4314557E+21  9.4571170E-02  1.0000000E-99  1.0000000E-99
  154  9.1066073E+04  4.4149471E-01  3.5025413E+02  1.4305288E+21  9.5962295E-02  1.0000000E-99  1.0000000E-99
  155  9.1661205E+04  4.4437995E-01  3.5254310E+02  1.4295953E+21  9.7366270E-02  1.0000000E-99  1.0000000E-99
  156  9.2256338E+04  4.4726520E-01  3.5483207E+02  1.4286551E+21  9.8783179E-02  1.0000000E-99  1.0000000E-99
  157  9.2851470E+04  4.5015044E-01  3.5712104E+02  1.4277082E+21  1.0021311E-01  1.0000000E-99  1.0000000E-99
  158  9.3446603E+04  4.5303569E-01  3.5941001E+02  1.4267545E+21  1.0165615E-01  1.0000000E-99  1.0000000E-99
  159  9.4041735E+04  4.5592093E-01  3.6169898E+02  1.4257942E+21  1.0311238E-01  1.0000000E-99  1.0000000E-99
  160  9.4636868E+04  4.5880617E-01  3.6398795E+02  1.4248270E+21  1.0458191E-01  1.0000000E-99  1.0000000E-99
  161  9.5232000E+04  4.6169142E-01  3.6627692E+02  1.4238531E+21  1.0606481E-01  1.0000000E-99  1.0000000E-99
  162  9.5827133E+04  4.6457666E-01  3.6856589E+02  1.4228724E+21  1.0756118E-01  1.0000000E-99  1.0000000E-99
  163  9.6422265E+04  4.6746191E-01  3.7085487E+02  1.4218850E+21  1.0907111E-01  1.0000000E-99  1.0000000E-99
  164  9.7017398E+04  4.7034715E-01  3.7314384E+02  1.4208907E+21  1.1059470E-01  1.0000000E-99  1.0000000E-99
  165  9.7612530E+04  4.7323240E-01  3.7543281E+02  1.4198896E+21  1.1213204E-01  1.0000000E-99  1.0000000E-99
  166  9.8207663E+04  4.7611764E-01  3.7772178E+02  1.4188816E+21  1.1368324E-01  1.0000000E-99  1.0000000E-99
  167  9.8802795E+04  4.7900288E-01  3.8001075E+02  1.4178669E+21  1.1524838E-01  1.0000000E-99  1.0000000E-99
  168  9.9397928E+04  4.8188813E-01  3.8229972E+02  1.4168452E+21  1.1682757E-01  1.0000000E-99  1.0000000E-99
  169  9.9993060E+04  4.8477337E-01  3.8458869E+02  1.4158167E+21  1.1842090E-01  1.0000000E-99  1.0000000E-99
  170  1.0058819E+05  4.8765862E-01  3.8687766E+02  1.4147812E+21  1.2002849E-01  1.0000000E-99  1.0000000E-99
  171  1.0118333E+05  4.9054386E-01  3.8916663E+02  1.4137389E+21  1.2165043E-01  1.0000000E-99  1.0000000E-99
  172  1.0177846E+05  4.9342910E-01  3.9145561E+02  1.4126896E+21  1.2328683E-01  1.0000000E-99  1.0000000E-99
  173  1.0237359E+05  4.9631435E-01  3.9374458E+02  1.4116334E+21  1.2493779E-01  1.0000000E-99  1.0000000E-99
  174  1.0296872E+05  4.9919959E-01  3.9603355E+02  1.4105703E+21  1.2660343E-01  1.0000000E-99  1.0000000E-99
  175  1.0356386E+05  5.0208484E-01  3.9832252E+02  1.4095002E+21  1.2828384E-01  1.0000000E-99  1.0000000E-99
  176  1.0415899E+05  5.0497008E-01  4.0061149E+02  1.4084230E+21  1.2997915E-01  1.0000000E-99  1.0000000E-99
  177  1.0475412E+05  5.0785532E-01  4.0290046E+02  1.4073389E+21  1.3168946E-01  1.0000000E-99  1.0000000E-99
  178  1.0534925E+05  5.1074057E-01  4.0518943E+02  1.4062478E+21  1.3341488E-01  1.0000000E-99  1.0000000E-99
  179  1.0594438E+05  5.1362581E-01  4.0747840E+02  1.4051496E+21  1.3515554E-01  1.0000000E-99  1.0000000E-99
  180  1.0653952E+05  5.1651106E-01  4.0976737E+02  1.4040444E+21  1.3691154E-01  1.0000000E-99  1.0000000E-99
  181  1.0713465E+05  5.1939630E-01  4.1205635E+02  1.4029320E+21  1.3868301E-01  1.0000000E-99  1.0000000E-99
  182  1.0772978E+05  5.2228154E-01  4.1434532E+02  1.4018127E+21  1.4047006E-01  1.0000000E-99  1.0000000E-99
  183  1.0832491E+05  5.2516679E-01  4.1663429E+02  1.4006862E+21  1.4227281E-01  1.0000000E-99  1.0000000E-99
  184  1.0892005E+05  5.2805203E-01  4.1892326E+02  1.3995525E+21  1.4409139E-01  1.0000000E-99  1.0000000E-99
  185  1.0951518E+05  5.3093728E-01  4.2121223E+02  1.3984118E+21  1.4592592E-01  1.0000000E-99  1.0000000E-99
  186  1.1011031E+05  5.3382252E-01  4.2350120E+02  1.3972639E+21  1.4777653E-01  1.0000000E-99  1.0000000E-99
  187  1.1070544E+05  5.3670776E-01  4.2579017E+02  1.3961088E+21  1.4964335E-01  1.0000000E-99  1.0000000E-99
  188  1.1130058E+05  5.3959301E-01  4.2807914E+02  1.3949465E+21  1.5152649E-01  1.0000000E-99  1.0000000E-99
  189  1.1189571E+05  5.4247825E-01  4.3036811E+02  1.3937771E+21  1.5342610E-01  1.0000000E-99  1.0000000E-99
  190  1.1249084E+05  5.4536350E-01  4.3265709E+02  1.3926003E+21  1.5534231E-01  1.0000000E-99  1.0000000E-99
  191  1.1308597E+05  5.4824874E-01  4.3494606E+02  1.3914164E+21  1.5727524E-01  1.0000000E-99  1.0000000E-99
  192  1.1368111E+05  5.5113398E-01  4.3723503E+02  1.3902252E+21  1.5922504E-01  1.0000000E-99  1.0000000E-99
  193  1.1427624E+05  5.5401923E-01  4.3952400E+02  1.3890267E+21  1.6119185E-01  1.0000000E-99  1.0000000E-99
  194  1.1487137E+05  5.5690447E-01  4.4181297E+02  1.3878209E+21  1.6317580E-01  1.0000000E-99  1.0000000E-99
  195  1.1546650E+05  5.5978972E-01  4.4410194E+02  1.3866077E+21  1.6517704E-01  1.0000000E-99  1.0000000E-99
  196  1.1606164E+05  5.6267496E-01  4.4639091E+02  1.3853873E+21  1.6719570E-01  1.0000000E-99  1.0000000E-99
  197  1.1665677E+05  5.6556020E-01  4.4867988E+02  1.3841595E+21  1.6923195E-01  1.0000000E-99  1.0000000E-99
  198  1.1725190E+05  5.6844545E-01  4.5096885E+02  1.3829243E+21  1.7128591E-01  1.0000000E-99  1.0000000E-99
  199  1.1784703E+05  5.7133069E-01  4.5325783E+02  1.3816816E+21  1.7335774E-01  1.0000000E-99  1.0000000E-99
  200  1.1844217E+05  5.7421594E-01  4.5554680E+02  1.3804316E+21  1.7544760E-01  1.0000000E-99  1.0000000E-99
  201  1.1903730E+05  5.7710118E-01  4.5783577E+02  1.3791742E+21  1.7755564E-01  1.0000000E-99  1.0000000E-99
  202  1.1963243E+05  5.7998643E-01  4.6012474E+02  1.3779093E+21  1.7968201E-01  1.0000000E-99  1.0000000E-99
  203  1.2022756E+05  5.8287167E-01  4.6241371E+02  1.3766369E+21  1.8182687E-01  1.0000000E-99  1.0000000E-99
  204  1.2082270E+05  5.8575691E-01  4.6470268E+02  1.3753570E+21  1.8399037E-01  1.0000000E-99  1.0000000E-99
  205  1.2141783E+05  5.8864216E-01  4.6699165E+02  1.3740695E+21  1.8617269E-01  1.0000000E-99  1.0000000E-99
  206  1.2201296E+05  5.9152740E-01  4.6928062E+02  1.3727746E+21  1.8837399E-01  1.0000000E-99  1.0000000E-99
  207  1.2260809E+05  5.9441265E-01  4.7156959E+02  1.3714721E+21  1.9059443E-01  1.0000000E-99  1.0000000E-99
  208  1.2320323E+05  5.9729789E-01  4.7385857E+02  1.3701619E+21  1.9283418E-01  1.0000000E-99  1.0000000E-99
  209  1.2379836E+05  6.0018313E-01  4.7614754E+02  1.3688442E+21  1.9509342E-01  1.0000000E-99  1.0000000E-99
  210  1.2439349E+05  6.0306838E-01  4.7843651E+02  1.3675189E+21  1.9737231E-01  1.0000000E-99  1.0000000E-99
  211  1.2498862E+05  6.0595362E-01  4.8072548E+02  1.3661859E+21  1.9967104E-01  1.0000000E-99  1.0000000E-99
  212  1.2558376E+05  6.0883887E-01  4.8301445E+02  1.3648452E+21  2.0198978E-01  1.0000000E-99  1.0000000E-99
  213  1.2617889E+05  6.1172411E-01  4.8530342E+02  1.3634968E+21  2.0432871E-01  1.0000000E-99  1.0000000E-99
  214  1.2677402E+05  6.1460935E-01  4.8759239E+02  1.3621407E+21  2.0668802E-01  1.0000000E-99  1.0000000E-99
  215  1.2736915E+05  6.1749460E-01  4.8988136E+02  1.3607769E+21  2.0906789E-01  1.0000000E-99  1.0000000E-99
  216  1.2796429E+05  6.2037984E-01  4.9217033E+02  1.3594053E+21  2.1146851E-01  1.0000000E-99  1.0000000E-99
  217  1.2855942E+05  6.2326509E-01  4.9445931E+02  1.3580259E+21  2.1389007E-01  1.0000000E-99  1.0000000E-99
  218  1.2915455E+05  6.2615033E-01  4.9674828E+02  1.3566387E+21  2.1633277E-01  1.0000000E-99  1.0000000E-99
  219  1.2974968E+05  6.2903557E-01  4.9903725E+02  1.3552437E+21  2.1879681E-01  1.0000000E-99  1.0000000E-99
  220  1.3034482E+05  6.3192082E-01  5.0132622E+02  1.3538408E+21  2.2128237E-01  1.0000000E-99  1.0000000E-99
  221  1.3093995E+05  6.3480606E-01  5.0361519E+02  1.3524300E+21  2.2378968E-01  1.0000000E-99  1.0000000E-99
  222  1.3153508E+05  6.3769131E-01  5.0590416E+02  1.3510113E+21  2.2631892E-01  1.0000000E-99  1.0000000E-99
  223  1.3213021E+05  6.4057655E-01  5.0819313E+02  1.3495847E+21  2.2887032E-01  1.0000000E-99  1.0000000E-99
  224  1.3272535E+05  6.4346179E-01  5.1048210E+02  1.3481501E+21  2.3144407E-01  1.0000000E-99  1.0000000E-99
  225  1.3332048E+05  6.4634704E-01  5.1277107E+02  1.3467075E+21  2.3404040E-01  1.0000000E-99  1.0000000E-99
  226  1.3391561E+05  6.4923228E-01  5.1506005E+02  1.3452569E+21  2.3665953E-01  1.0000000E-99  1.0000000E-99
  227  1.3451074E+05  6.5211753E-01  5.1734902E+02  1.3437983E+21  2.3930167E-01  1.0000000E-99  1.0000000E-99
  228  1.3510588E+05  6.5500277E-01  5.1963799E+02  1.3423316E+21  2.4196704E-01  1.0000000E-99  1.0000000E-99
  229  1.3570101E+05  6.5788801E-01  5.2192696E+02  1.3408568E+21  2.4465589E-01  1.0000000E-99  1.0000000E-99
  230  1.3629614E+05  6.6077326E-01  5.2421593E+02  1.3393739E+21  2.4736842E-01  1.0000000E-99  1.0000000E-99
  231  1.3689127E+05  6.6365850E-01  5.2650490E+02  1.3378829E+21  2.5010489E-01  1.0000000E-99  1.0000000E-99
  232  1.3748641E+05  6.6654375E-01  5.2879387E+02  1.3363836E+21  2.5286552E-01  1.0000000E-99  1.0000000E-99
  233  1.3808154E+05  6.6942899E-01  5.3108284E+02  1.3348762E+21  2.5565056E-01  1.0000000E-99  1.0000000E-99
  234  1.3867667E+05  6.7231423E-01  5.3337181E+02  1.3333606E+21  2.5846026E-01  1.0000000E-99  1.0000000E-99
  235  1.3927180E+05  6.7519948E-01  5.3566079E+02  1.3318367E+21  2.6129485E-01  1.0000000E-99  1.0000000E-99
  236  1.3986694E+05  6.7808472E-01  5.3794976E+02  1.3303045E+21  2.6415459E-01  1.0000000E-99  1.0000000E-99
  237  1.4046207E+05  6.8096997E-01  5.4023873E+02  1.3287640E+21  2.6703975E-01  1.0000000E-99  1.0000000E-99
  238  1.4105720E+05  6.8385521E-01  5.4252770E+02  1.3272152E+21  2.6995056E-01  1.0000000E-99  1.0000000E-99
  239  1.4165233E+05  6.8674045E-01  5.4481667E+02  1.3256580E+21  2.7288731E-01  1.0000000E-99  1.0000000E-99
  240  1.4224747E+05  6.8962570E-01  5.4710564E+02  1.3240924E+21  2.7585026E-01  1.0000000E-99  1.0000000E-99
  241  1.4284260E+05  6.9251094E-01  5.4939461E+02  1.3225184E+21  2.7883967E-01  1.0000000E-99  1.0000000E-99
  242  1.4343773E+05  6.9539619E-01  5.5168358E+02  1.3209359E+21  2.8185583E-01  1.0000000E-99  1.0000000E-99
  243  1.4403286E+05  6.9828143E-01  5.5397255E+02  1.3193449E+21  2.8489901E-01  1.0000000E-99  1.0000000E-99
  244  1.4462800E+05  7.0116668E-01  5.5626153E+02  1.3177454E+21  2.8796950E-01  1.0000000E-99  1.0000000E-99
  245  1.4522313E+05  7.0405192E-01  5.5855050E+02  1.3161373E+21  2.9106758E-01  1.0000000E-99  1.0000000E-99
  246  1.4581826E+05  7.0693716E-01  5.6083947E+02  1.3145207E+21  2.9419355E-01  1.0000000E-99  1.0000000E-99
  247  1.4641339E+05  7.0982241E-01  5.6312844E+02  1.3128954E+21  2.9734771E-01  1.0000000E-99  1.0000000E-99
  248  1.4700853E+05  7.1270765E-01  5.6541741E+02  1.3112616E+21  3.0053035E-01  1.0000000E-99  1.0000000E-99
  249  1.4760366E+05  7.1559290E-01  5.6770638E+02  1.3096190E+21  3.0374179E-01  1.0000000E-99  1.0000000E-99
  250  1.4819879E+05  7.1847814E-01  5.6999535E+02  1.3079677E+21  3.0698233E-01  1.0000000E-99  1.0000000E-99
  251  1.4879392E+05  7.2136338E-01  5.7228432E+02  1.3063077E+21  3.1025229E-01  1.0000000E-99  1.0000000E-99
  252  1.4938906E+05  7.2424863E-01  5.7457329E+02  1.3046388E+21  3.1355199E-01  1.0000000E-99  1.0000000E-99
  253  1.4998419E+05  7.2713387E-01  5.7686227E+02  1.3029612E+21  3.1688176E-01  1.0000000E-99  1.0000000E-99
  254  1.5057932E+05  7.3001912E-01  5.7915124E+02  1.3012747E+21  3.2024192E-01  1.0000000E-99  1.0000000E-99
  255  1.5117445E+05  7.3290436E-01  5.8144021E+02  1.2995794E+21  3.2363282E-01  1.0000000E-99  1.0000000E-99
  256  1.5176959E+05  7.3578960E-01  5.8372918E+02  1.2978751E+21  3.2705480E-01  1.0000000E-99  1.0000000E-99
  257  1.5236472E+05  7.3867485E-01  5.8601815E+02  1.2961619E+21  3.3050820E-01  1.0000000E-99  1.0000000E-99
  258  1.5295985E+05  7.4156009E-01  5.8830712E+02  1.2944397E+21  3.3399338E-01  1.0000000E-99  1.0000000E-99
  259  1.5355498E+05  7.4444534E-01  5.9059609E+02  1.2927085E+21  3.3751070E-01  1.0000000E-99  1.0000000E-99
  260  1.5415012E+05  7.4733058E-01  5.9288506E+02  1.2909682E+21  3.4106051E-01  1.0000000E-99  1.0000000E-99
  261  1.5474525E+05  7.5021582E-01  5.9517403E+02  1.2892188E+21  3.4464319E-01  1.0000000E-99  1.0000000E-99
  262  1.5534038E+05  7.5310107E-01  5.9746300E+02  1.2874603E+21  3.4825912E-01  1.0000000E-99  1.0000000E-99
  263  1.5593551E+05  7.5598631E-01  5.9975198E+02  1.2856926E+21  3.5190868E-01  1.0000000E-99  1.0000000E-99
  264  1.5653065E+05  7.5887156E-01  6.0204095E+02  1.2839157E+21  3.5559225E-01  1.0000000E-99  1.0000000E-99
  265  1.5712578E+05  7.6175680E-01  6.0432992E+02  1.2821296E+21  3.5931024E-01  1.0000000E-99  1.0000000E-99
  266  1.5772091E+05  7.6464204E-01  6.0661889E+02  1.2803342E+21  3.6306303E-01  1.0000000E-99  1.0000000E-99
  267  1.5831604E+05  7.6752729E-01  6.0890786E+02  1.2785294E+21  3.6685105E-01  1.0000000E-99  1.0000000E-99
  268  1.5891118E+05  7.7041253E-01  6.1119683E+02  1.2767153E+21  3.7067471E-01  1.0000000E-99  1.0000000E-99
  269  1.5950631E+05  7.7329778E-01  6.1348580E+02  1.2748918E+21  3.7453442E-01  1.0000000E-99  1.0000000E-99
  270  1.6010144E+05  7.7618302E-01  6.1577477E+02  1.2730589E+21  3.7843062E-01  1.0000000E-99  1.0000000E-99
  271  1.6069657E+05  7.7906826E-01  6.1806374E+02  1.2712164E+21  3.8236374E-01  1.0000000E-99  1.0000000E-99
  272  1.6129171E+05  7.8195351E-01  6.2035272E+02  1.2693645E+21  3.8633422E-01  1.0000000E-99  1.0000000E-99
  273  1.6188684E+05  7.8483875E-01  6.2264169E+02  1.2675030E+21  3.9034253E-01  1.0000000E-99  1.0000000E-99
  274  1.6248197E+05  7.8772400E-01  6.2493066E+02  1.2656318E+21  3.9438911E-01  1.0000000E-99  1.0000000E-99
  275  1.6307710E+05  7.9060924E-01  6.2721963E+02  1.2637510E+21  3.9847443E-01  1.0000000E-99  1.0000000E-99
  276  1.6367224E+05  7.9349448E-01  6.2950860E+02  1.2618605E+21  4.0259897E-01  1.0000000E-99  1.0000000E-99
  277  1.6426737E+05  7.9637973E-01  6.3179757E+02  1.2599603E+21  4.0676321E-01  1.0000000E-99  1.0000000E-99
  278  1.6486250E+05  7.9926497E-01  6.3408654E+02  1.2580503E+21  4.1096763E-01  1.0000000E-99  1.0000000E-99
  279  1.6545763E+05  8.0215022E-01  6.3637551E+02  1.2561305E+21  4.1521275E-01  1.0000000E-99  1.0000000E-99
  280  1.6605277E+05  8.0503546E-01  6.3866448E+02  1.2542008E+21  4.1949906E-01  1.0000000E-99  1.0000000E-99
  281  1.6664790E+05  8.0792070E-01  6.4095346E+02  1.2522611E+21  4.2382709E-01  1.0000000E-99  1.0000000E-99
  282  1.6724303E+05  8.1080595E-01  6.4324243E+02  1.2503115E+21  4.2819736E-01  1.0000000E-99  1.0000000E-99
  283  1.6783816E+05  8.1369119E-01  6.4553140E+02  1.2483519E+21  4.3261040E-01  1.0000000E-99  1.0000000E-99
  284  1.6843330E+05  8.1657644E-01  6.4782037E+02  1.2463823E+21  4.3706677E-01  1.0000000E-99  1.0000000E-99
  285  1.6902843E+05  8.1946168E-01  6.5010934E+02  1.2444025E+21  4.4156701E-01  1.0000000E-99  1.0000000E-99
  286  1.6962356E+05  8.2234693E-01  6.5239831E+02  1.2424126E+21  4.4611168E-01  1.0000000E-99  1.0000000E-99
  287  1.7021869E+05  8.2523217E-01  6.5468728E+02  1.2404124E+21  4.5070138E-01  1.0000000E-99  1.0000000E-99
  288  1.7081383E+05  8.2811741E-01  6.5697625E+02  1.2384021E+21  4.5533667E-01  1.0000000E-99  1.0000000E-99
  289  1.7140896E+05  8.3100266E-01  6.5926522E+02  1.2363814E+21  4.6001816E-01  1.0000000E-99  1.0000000E-99
  290  1.7200409E+05  8.3388790E-01  6.6155420E+02  1.2343503E+21  4.6474644E-01  1.0000000E-99  1.0000000E-99
  291  1.7259922E+05  8.3677315E-01  6.6384317E+02  1.2323089E+21  4.6952215E-01  1.0000000E-99  1.0000000E-99
  292  1.7319436E+05  8.3965839E-01  6.6613214E+02  1.2302570E+21  4.7434590E-01  1.0000000E-99  1.0000000E-99
  293  1.7378949E+05  8.4254363E-01  6.6842111E+02  1.2281946E+21  4.7921834E-01  1.0000000E-99  1.0000000E-99
  294  1.7438462E+05  8.4542888E-01  6.7071008E+02  1.2261216E+21  4.8414012E-01  1.0000000E-99  1.0000000E-99
  295  1.7497975E+05  8.4831412E-01  6.7299905E+02  1.2240380E+21  4.8911190E-01  1.0000000E-99  1.0000000E-99
  296  1.7557489E+05  8.5119937E-01  6.7528802E+02  1.2219438E+21  4.9413436E-01  1.0000000E-99  1.0000000E-99
  297  1.7617002E+05  8.5408461E-01  6.7757699E+02  1.2198388E+21  4.9920818E-01  1.0000000E-99  1.0000000E-99
  298  1.7676515E+05  8.5696985E-01  6.7986596E+02  1.2177230E+21  5.0433408E-01  1.0000000E-99  1.0000000E-99
  299  1.7736028E+05  8.5985510E-01  6.8215494E+02  1.2155964E+21  5.0951277E-01  1.0000000E-99  1.0000000E-99
  300  1.7795542E+05  8.6274034E-01  6.8444391E+02  1.2134590E+21  5.1474497E-01  1.0000000E-99  1.0000000E-99
  301  1.7855055E+05  8.6562559E-01  6.8673288E+02  1.2113105E+21  5.2003142E-01  1.0000000E-99  1.0000000E-99
  302  1.7914568E+05  8.6851083E-01  6.8902185E+02  1.2091511E+21  5.2537290E-01  1.0000000E-99  1.0000000E-99
  303  1.7974081E+05  8.7139607E-01  6.9131082E+02  1.2069805E+21  5.3077015E-01  1.0000000E-99  1.0000000E-99
  304  1.8033595E+05  8.7428132E-01  6.9359979E+02  1.2047989E+21  5.3622399E-01  1.0000000E-99  1.0000000E-99
  305  1.8093108E+05  8.7716656E-01  6.9588876E+02  1.2026060E+21  5.4173519E-01  1.0000000E-99  1.0000000E-99
  306  1.8152621E+05  8.8005181E-01  6.9817773E+02  1.2004019E+21  5.4730459E-01  1.0000000E-99  1.0000000E-99
  307  1.8212134E+05  8.8293705E-01  7.0046670E+02  1.1981865E+21  5.5293302E-01  1.0000000E-99  1.0000000E-99
  308  1.8271648E+05  8.8582229E-01  7.0275568E+02  1.1959598E+21  5.5862132E-01  1.0000000E-99  1.0000000E-99
  309  1.8331161E+05  8.8870754E-01  7.0504465E+02  1.1937215E+21  5.6437036E-01  1.0000000E-99  1.0000000E-99
  310  1.8390674E+05  8.9159278E-01  7.0733362E+02  1.1914718E+21  5.7018103E-01  1.0000000E-99  1.0000000E-99
  311  1.8450187E+05  8.9447803E-01  7.0962259E+02  1.1892105E+21  5.7605423E-01  1.0000000E-99  1.0000000E-99
  312  1.8509701E+05  8.9736327E-01  7.1191156E+02  1.1869376E+21  5.8199087E-01  1.0000000E-99  1.0000000E-99
  313  1.8569214E+05  9.0024851E-01  7.1420053E+02  1.1846530E+21  5.8799191E-01  1.0000000E-99  1.0000000E-99
  314  1.8628727E+05  9.0313376E-01  7.1648950E+02  1.1823566E+21  5.9405828E-01  1.0000000E-99  1.0000000E-99
  315  1.8688240E+05  9.0601900E-01  7.1877847E+02  1.1800483E+21  6.0019098E-01  1.0000000E-99  1.0000000E-99
  316  1.8747754E+05  9.0890425E-01  7.2106744E+02  1.1777282E+21  6.0639099E-01  1.0000000E-99  1.0000000E-99
  317  1.8807267E+05  9.1178949E-01  7.2335642E+02  1.1753960E+21  6.1265934E-01  1.0000000E-99  1.0000000E-99
  318  1.8866780E+05  9.1467473E-01  7.2564539E+02  1.1730519E+21  6.1899707E-01  1.0000000E-99  1.0000000E-99
  319  1.8926293E+05  9.1755998E-01  7.2793436E+02  1.1706956E+21  6.2540522E-01  1.0000000E-99  1.0000000E-99
  320  1.8985807E+05  9.2044522E-01  7.3022333E+02  1.1683271E+21  6.3188489E-01  1.0000000E-99  1.0000000E-99
  321  1.9045320E+05  9.2333047E-01  7.3251230E+02  1.1659463E+21  6.3843718E-01  1.0000000E-99  1.0000000E-99
  322  1.9104833E+05  9.2621571E-01  7.3480127E+02  1.1635532E+21  6.4506322E-01  1.0000000E-99  1.0000000E-99
  323  1.9164346E+05  9.2910096E-01  7.3709024E+02  1.1611477E+21  6.5176417E-01  1.0000000E-99  1.0000000E-99
  324  1.9223860E+05  9.3198620E-01  7.3937921E+02  1.1587296E+21  6.5854119E-01  1.0000000E-99  1.0000000E-99
  325  1.9283373E+05  9.3487144E-01  7.4166818E+02  1.1562990E+21  6.6539548E-01  1.0000000E-99  1.0000000E-99
  326  1.9342886E+05  9.3775669E-01  7.4395716E+02  1.1538557E+21  6.7232829E-01  1.0000000E-99  1.0000000E-99
  327  1.9402399E+05  9.4064193E-01  7.4624613E+02  1.1513997E+21  6.7934086E-01  1.0000000E-99  1.0000000E-99
  328  1.9461913E+05  9.4352718E-01  7.4853510E+02  1.1489309E+21  6.8643447E-01  1.0000000E-99  1.0000000E-99
  329  1.9521426E+05  9.4641242E-01  7.5082407E+02  1.1464492E+21  6.9361044E-01  1.0000000E-99  1.0000000E-99
  330  1.9580939E+05  9.4929766E-01  7.5311304E+02  1.1439545E+21  7.0087010E-01  1.0000000E-99  1.0000000E-99
  331  1.9640452E+05  9.5218291E-01  7.5540201E+02  1.1414467E+21  7.0821482E-01  1.0000000E-99  1.0000000E-99
  332  1.9699966E+05  9.5506815E-01  7.5769098E+02  1.1389257E+21  7.1564600E-01  1.0000000E-99  1.0000000E-99
  333  1.9759479E+05  9.5795340E-01  7.5997995E+02  1.1363915E+21  7.2316507E-01  1.0000000E-99  1.0000000E-99
  334  1.9818992E+05  9.6083864E-01  7.6226892E+02  1.1338440E+21  7.3077350E-01  1.0000000E-99  1.0000000E-99
  335  1.9878505E+05  9.6372388E-01  7.6455790E+02  1.1312831E+21  7.3847277E-01  1.0000000E-99  1.0000000E-99
  336  1.9938019E+05  9.6660913E-01  7.6684687E+02  1.1287086E+21  7.4626443E-01  1.0000000E-99  1.0000000E-99
  337  1.9997532E+05  9.6949437E-01  7.6913584E+02  1.1261205E+21  7.5415002E-01  1.0000000E-99  1.0000000E-99
  338  2.0057045E+05  9.7237962E-01  7.7142481E+02  1.1235187E+21  7.6213116E-01  1.0000000E-99  1.0000000E-99
  339  2.0116558E+05  9.7526486E-01  7.7371378E+02  1.1209032E+21  7.7020948E-01  1.0000000E-99  1.0000000E-99
  340  2.0176072E+05  9.7815010E-01  7.7600275E+02  1.1182737E+21  7.7838666E-01  1.0000000E-99  1.0000000E-99
  341  2.0235585E+05  9.8103535E-01  7.7829172E+02  1.1156302E+21  7.8666441E-01  1.0000000E-99  1.0000000E-99
  342  2.0295098E+05  9.8392059E-01  7.8058069E+02  1.1129727E+21  7.9504449E-01  1.0000000E-99  1.0000000E-99
  343  2.0354611E+05  9.8680584E-01  7.8286966E+02  1.1103009E+21  8.0352870E-01  1.0000000E-99  1.0000000E-99
  344  2.0414125E+05  9.8969108E-01  7.8515864E+02  1.1076149E+21  8.1211886E-01  1.0000000E-99  1.0000000E-99
  345  2.0473638E+05  9.9257632E-01  7.8744761E+02  1.1049145E+21  8.2081688E-01  1.0000000E-99  1.0000000E-99
  346  2.0533151E+05  9.9546157E-01  7.8973658E+02  1.1021995E+21  8.2962468E-01  1.0000000E-99  1.0000000E-99
  347  2.0592664E+05  9.9834681E-01  7.9202555E+02  1.0994699E+21  8.3854424E-01  1.0000000E-99  1.0000000E-99
  348  2.0652178E+05  1.0012321E+00  7.9431452E+02  1.0967256E+21  8.4757757E-01  1.0000000E-99  1.0000000E-99
  349  2.0711691E+05  1.0041173E+00  7.9660349E+02  1.0939665E+21  8.5672676E-01  1.0000000E-99  1.0000000E-99
  350  2.0771204E+05  1.0070025E+00  7.9889246E+02  1.0911924E+21  8.6599393E-01  1.0000000E-99  1.0000000E-99
  351  2.0830717E+05  1.0098878E+00  8.0118143E+02  1.0884033E+21  8.7538125E-01  1.0000000E-99  1.0000000E-99
  352  2.0890231E+05  1.0127730E+00  8.0347040E+02  1.0855990E+21  8.8489097E-01  1.0000000E-99  1.0000000E-99
  353  2.0949744E+05  1.0156583E+00  8.0575938E+02  1.0827794E+21  8.9452537E-01  1.0000000E-99  1.0000000E-99
  354  2.1009257E+05  1.0185435E+00  8.0804835E+02  1.0799444E+21  9.0428680E-01  1.0000000E-99  1.0000000E-99
  355  2.1068770E+05  1.0214288E+00  8.1033732E+02  1.0770938E+21  9.1417766E-01  1.0000000E-99  1.0000000E-99
  356  2.1128283E+05  1.0243140E+00  8.1262629E+02  1.0742276E+21  9.2420042E-01  1.0000000E-99  1.0000000E-99
  357  2.1187797E+05  1.0271993E+00  8.1491526E+02  1.0713456E+21  9.3435763E-01  1.0000000E-99  1.0000000E-99
  358  2.1247310E+05  1.0300845E+00  8.1720423E+02  1.0684477E+21  9.4465186E-01  1.0000000E-99  1.0000000E-99
  359  2.1306823E+05  1.0329697E+00  8.1949320E+02  1.0655337E+21  9.5508580E-01  1.0000000E-99  1.0000000E-99
  360  2.1366336E+05  1.0358550E+00  8.2178217E+02  1.0626036E+21  9.6566218E-01  1.0000000E-99  1.0000000E-99
  361  2.1425850E+05  1.0387402E+00  8.2407114E+02  1.0596572E+21  9.7638380E-01  1.0000000E-99  1.0000000E-99
  362  2.1485363E+05  1.0416255E+00  8.2636012E+02  1.0566943E+21  9.8725355E-01  1.0000000E-99  1.0000000E-99
  363  2.1544876E+05  1.0445107E+00  8.2864909E+02  1.0537148E+21  9.9827439E-01  1.0000000E-99  1.0000000E-99
  364  2.1604389E+05  1.0473960E+00  8.3093806E+02  1.0507186E+21  1.0094494E+00  1.0000000E-99  1.0000000E-99
  365  2.1663903E+05  1.0502812E+00  8.3322703E+02  1.0477055E+21  1.0207816E+00  1.0000000E-99  1.0000000E-99
  366  2.1723416E+05  1.0531664E+00  8.3551600E+02  1.0446755E+21  1.0322743E+00  1.0000000E-99  1.0000000E-99
  367  2.1782929E+05  1.0560517E+00  8.3780497E+02  1.0416282E+21  1.0439308E+00  1.0000000E-99  1.0000000E-99
  368  2.1842442E+05  1.0589369E+00  8.4009394E+02  1.0385637E+21  1.0557544E+00  1.0000000E-99  1.0000000E-99
  369  2.1901956E+05  1.0618222E+00  8.4238291E+02  1.0354816E+21  1.0677487E+00  1.0000000E-99  1.0000000E-99
  370  2.1961469E+05  1.0647074E+00  8.4467188E+02  1.0323820E+21  1.0799171E+00  1.0000000E-99  1.0000000E-99
  371  2.2020982E+05  1.0675927E+00  8.4696085E+02  1.0292645E+21  1.0922635E+00  1.0000000E-99  1.0000000E-99
  372  2.2080495E+05  1.0704779E+00  8.4924983E+02  1.0261291E+21  1.1047916E+00  1.0000000E-99  1.0000000E-99
  373  2.2140009E+05  1.0733632E+00  8.5153880E+02  1.0229757E+21  1.1175053E+00  1.0000000E-99  1.0000000E-99
  374  2.2199522E+05  1.0762484E+00  8.5382777E+02  1.0198039E+21  1.1304086E+00  1.0000000E-99  1.0000000E-99
  375  2.2259035E+05  1.0791336E+00  8.5611674E+02  1.0166137E+21  1.1435056E+00  1.0000000E-99  1.0000000E-99
  376  2.2318548E+05  1.0820189E+00  8.5840571E+02  1.0134048E+21  1.1568007E+00  1.0000000E-99  1.0000000E-99
  377  2.2378062E+05  1.0849041E+00  8.6069468E+02  1.0101771E+21  1.1702980E+00  1.0000000E-99  1.0000000E-99
  378  2.2437575E+05  1.0877894E+00  8.6298365E+02  1.0069305E+21  1.1840023E+00  1.0000000E-99  1.0000000E-99
  379  2.2497088E+05  1.0906746E+00  8.6527262E+02  1.0036647E+21  1.1979181E+00  1.0000000E-99  1.0000000E-99
  380  2.2556601E+05  1.0935599E+00  8.6756159E+02  1.0003795E+21  1.2120501E+00  1.0000000E-99  1.0000000E-99
  381  2.2616115E+05  1.0964451E+00  8.6985057E+02  9.9707484E+20  1.2264034E+00  1.0000000E-99  1.0000000E-99
  382  2.2675628E+05  1.0993304E+00  8.7213954E+02  9.9375040E+20  1.2409830E+00  1.0000000E-99  1.0000000E-99
  383  2.2735141E+05  1.1022156E+00  8.7442851E+02  9.9040601E+20  1.2557941E+00  1.0000000E-99  1.0000000E-99
  384  2.2794654E+05  1.1051008E+00  8.7671748E+02  9.8704148E+20  1.2708422E+00  1.0000000E-99  1.0000000E-99
  385  2.2854168E+05  1.1079861E+00  8.7900645E+02  9.8365661E+20  1.2861328E+00  1.0000000E-99  1.0000000E-99
  386  2.2913681E+05  1.1108713E+00  8.8129542E+02  9.8025117E+20  1.3016717E+00  1.0000000E-99  1.0000000E-99
  387  2.2973194E+05  1.1137566E+00  8.8358439E+02  9.7682496E+20  1.3174647E+00  1.0000000E-99  1.0000000E-99
  388  2.3032707E+05  1.1166418E+00  8.8587336E+02  9.7337775E+20  1.3335181E+00  1.0000000E-99  1.0000000E-99
  389  2.3092221E+05  1.1195271E+00  8.8816233E+02  9.6990932E+20  1.3498381E+00  1.0000000E-99  1.0000000E-99
  390  2.3151734E+05  1.1224123E+00  8.9045131E+02  9.6641945E+20  1.3664313E+00  1.0000000E-99  1.0000000E-99
  391  2.3211247E+05  1.1252976E+00  8.9274028E+02  9.6290789E+20  1.3833044E+00  1.0000000E-99  1.0000000E-99
  392  2.3270760E+05  1.1281828E+00  8.9502925E+02  9.5937442E+20  1.4004644E+00  1.0000000E-99  1.0000000E-99
  393  2.3330274E+05  1.1310680E+00  8.9731822E+02  9.5581879E+20  1.4179185E+00  1.0000000E-99  1.0000000E-99
  394  2.3389787E+05  1.1339533E+00  8.9960719E+02  9.5224075E+20  1.4356742E+00  1.0000000E-99  1.0000000E-99
  395  2.3449300E+05  1.1368385E+00  9.0189616E+02  9.4864004E+20  1.4537391E+00  1.0000000E-99  1.0000000E-99
  396  2.3508813E+05  1.1397238E+00  9.0418513E+02  9.4501642E+20  1.4721212E+00  1.0000000E-99  1.0000000E-99
  397  2.3568327E+05  1.1426090E+00  9.0647410E+02  9.4136960E+20  1.4908287E+00  1.0000000E-99  1.0000000E-99
  398  2.3627840E+05  1.1454943E+00  9.0876307E+02  9.3769933E+20  1.5098702E+00  1.0000000E-99  1.0000000E-99
  399  2.3687353E+05  1.1483795E+00  9.1105205E+02  9.3400532E+20  1.5292546E+00  1.0000000E-99  1.0000000E-99
  400  2.3746866E+05  1.1512647E+00  9.1334102E+02  9.3028730E+20  1.5489909E+00  1.0000000E-99  1.0000000E-99
  401  2.3806380E+05  1.1541500E+00  9.1562999E+02  9.2654497E+20  1.5690887E+00  1.0000000E-99  1.0000000E-99
  402  2.3865893E+05  1.1570352E+00  9.1791896E+02  9.2277805E+20  1.5895578E+00  1.0000000E-99  1.0000000E-99
  403  2.3925406E+05  1.1599205E+00  9.2020793E+02  9.1898621E+20  1.6104084E+00  1.0000000E-99  1.0000000E-99
  404  2.3984919E+05  1.1628057E+00  9.2249690E+02  9.1516917E+20  1.6316510E+00  1.0000000E-99  1.0000000E-99
  405  2.4044433E+05  1.1656910E+00  9.2478587E+02  9.1132659E+20  1.6532965E+00  1.0000000E-99  1.0000000E-99
  406  2.4103946E+05  1.1685762E+00  9.2707484E+02  9.0745816E+20  1.6753565E+00  1.0000000E-99  1.0000000E-99
  407  2.4163459E+05  1.1714615E+00  9.2936381E+02  9.0356354E+20  1.6978426E+00  1.0000000E-99  1.0000000E-99
  408  2.4222972E+05  1.1743467E+00  9.3165279E+02  8.9964239E+20  1.7207671E+00  1.0000000E-99  1.0000000E-99
  409  2.4282486E+05  1.1772319E+00  9.3394176E+02  8.9569437E+20  1.7441427E+00  1.0000000E-99  1.0000000E-99
  410  2.4341999E+05  1.1801172E+00  9.3623073E+02  8.9171912E+20  1.7679827E+00  1.0000000E-99  1.0000000E-99
  411  2.4401512E+05  1.1830024E+00  9.3851970E+02  8.8771627E+20  1.7923009E+00  1.0000000E-99  1.0000000E-99
  412  2.4461025E+05  1.1858877E+00  9.4080867E+02  8.8368544E+20  1.8171115E+00  1.0000000E-99  1.0000000E-99
  413  2.4520539E+05  1.1887729E+00  9.4309764E+02  8.7962626E+20  1.8424294E+00  1.0000000E-99  1.0000000E-99
  414  2.4580052E+05  1.1916582E+00  9.4538661E+02  8.7553833E+20  1.8682701E+00  1.0000000E-99  1.0000000E-99
  415  2.4639565E+05  1.1945434E+00  9.4767558E+02  8.7142124E+20  1.8946497E+00  1.0000000E-99  1.0000000E-99
  416  2.4699078E+05  1.1974287E+00  9.4996455E+02  8.6727458E+20  1.9215850E+00  1.0000000E-99  1.0000000E-99
  417  2.4758592E+05  1.2003139E+00  9.5225353E+02  8.6309792E+20  1.9490936E+00  1.0000000E-99  1.0000000E-99
  418  2.4818105E+05  1.2031991E+00  9.5454250E+02  8.5889082E+20  1.9771936E+00  1.0000000E-99  1.0000000E-99
  419  2.4877618E+05  1.2060844E+00  9.5683147E+02  8.5465284E+20  2.0059041E+00  1.0000000E-99  1.0000000E-99
  420  2.4937131E+05  1.2089696E+00  9.5912044E+02  8.5038351E+20  2.0352450E+00  1.0000000E-99  1.0000000E-99
  421  2.4996645E+05  1.2118549E+00  9.6140941E+02  8.4608236E+20  2.0652369E+00  1.0000000E-99  1.0000000E-99
  422  2.5056158E+05  1.2147401E+00  9.6369838E+02  8.4174890E+20  2.0959016E+00  1.0000000E-99  1.0000000E-99
  423  2.5115671E+05  1.2176254E+00  9.6598735E+02  8.3738263E+20  2.1272616E+00  1.0000000E-99  1.0000000E-99
  424  2.5175184E+05  1.2205106E+00  9.6827632E+02  8.3298304E+20  2.1593406E+00  1.0000000E-99  1.0000000E-99
  425  2.5234698E+05  1.2233958E+00  9.7056529E+02  8.2854958E+20  2.1921634E+00  1.0000000E-99  1.0000000E-99
  426  2.5294211E+05  1.2262811E+00  9.7285427E+02  8.2408172E+20  2.2257557E+00  1.0000000E-99  1.0000000E-99
  427  2.5353724E+05  1.2291663E+00  9.7514324E+02  8.1957890E+20  2.2601447E+00  1.0000000E-99  1.0000000E-99
  428  2.5413237E+05  1.2320516E+00  9.7743221E+02  8.1504052E+20  2.2953588E+00  1.0000000E-99  1.0000000E-99
  429  2.5472751E+05  1.2349368E+00  9.7972118E+02  8.1046601E+20  2.3314277E+00  1.0000000E-99  1.0000000E-99
  430  2.5532264E+05  1.2378221E+00  9.8201015E+02  8.0585473E+20  2.3683827E+00  1.0000000E-99  1.0000000E-99
  431  2.5591777E+05  1.2407073E+00  9.8429912E+02  8.0120607E+20  2.4062564E+00  1.0000000E-99  1.0000000E-99
  432  2.5651290E+05  1.2435926E+00  9.8658809E+02  7.9651935E+20  2.4450833E+00  1.0000000E-99  1.0000000E-99
  433  2.5710804E+05  1.2464778E+00  9.8887706E+02  7.9179391E+20  2.4848994E+00  1.0000000E-99  1.0000000E-99
  434  2.5770317E+05  1.2493630E+00  9.9116603E+02  7.8702904E+20  2.5257427E+00  1.0000000E-99  1.0000000E-99
  435  2.5829830E+05  1.2522483E+00  9.9345501E+02  7.8222404E+20  2.5676531E+00  1.0000000E-99  1.0000000E-99
  436  2.5889343E+05  1.2551335E+00  9.9574398E+02  7.7737815E+20  2.6106727E+00  1.0000000E-99  1.0000000E-99
  437  2.5948857E+05  1.2580188E+00  9.9803295E+02  7.7249060E+20  2.6548457E+00  1.0000000E-99  1.0000000E-99
  438  2.6008370E+05  1.2609040E+00  1.0003219E+03  7.6756060E+20  2.7002188E+00  1.0000000E-99  1.0000000E-99
  439  2.6067883E+05  1.2637893E+00  1.0026109E+03  7.6258733E+20  2.7468411E+00  1.0000000E-99  1.0000000E-99
  440  2.6127396E+05  1.2666745E+00  1.0048999E+03  7.5756993E+20  2.7947647E+00  1.0000000E-99  1.0000000E-99
  441  2.6186910E+05  1.2695598E+00  1.0071888E+03  7.5250752E+20  2.8440443E+00  1.0000000E-99  1.0000000E-99
  442  2.6246423E+05  1.2724450E+00  1.0094778E+03  7.4739918E+20  2.8947379E+00  1.0000000E-99  1.0000000E-99
  443  2.6305936E+05  1.2753302E+00  1.0117668E+03  7.4224397E+20  2.9469069E+00  1.0000000E-99  1.0000000E-99
  444  2.6365449E+05  1.2782155E+00  1.0140557E+03  7.3704091E+20  3.0006161E+00  1.0000000E-99  1.0000000E-99
  445  2.6424963E+05  1.2811007E+00  1.0163447E+03  7.3178897E+20  3.0559345E+00  1.0000000E-99  1.0000000E-99
  446  2.6484476E+05  1.2839860E+00  1.0186337E+03  7.2648709E+20  3.1129350E+00  1.0000000E-99  1.0000000E-99
  447  2.6543989E+05  1.2868712E+00  1.0209227E+03  7.2113417E+20  3.1716949E+00  1.0000000E-99  1.0000000E-99
  448  2.6603502E+05  1.2897565E+00  1.0232116E+03  7.1572907E+20  3.2322967E+00  1.0000000E-99  1.0000000E-99
  449  2.6663016E+05  1.2926417E+00  1.0255006E+03  7.1027060E+20  3.2948278E+00  1.0000000E-99  1.0000000E-99
  450  2.6722529E+05  1.2955269E+00  1.0277896E+03  7.0475751E+20  3.3593812E+00  1.0000000E-99  1.0000000E-99
  451  2.6782042E+05  1.2984122E+00  1.0300785E+03  6.9918851E+20  3.4260563E+00  1.0000000E-99  1.0000000E-99
  452  2.6841555E+05  1.3012974E+00  1.0323675E+03  6.9356226E+20  3.4949589E+00  1.0000000E-99  1.0000000E-99
  453  2.6901069E+05  1.3041827E+00  1.0346565E+03  6.8787735E+20  3.5662019E+00  1.0000000E-99  1.0000000E-99
  454  2.6960582E+05  1.3070679E+00  1.0369455E+03  6.8213232E+20  3.6399060E+00  1.0000000E-99  1.0000000E-99
  455  2.7020095E+05  1.3099532E+00  1.0392344E+03  6.7632562E+20  3.7162006E+00  1.0000000E-99  1.0000000E-99
  456  2.7079608E+05  1.3128384E+00  1.0415234E+03  6.7045567E+20  3.7952240E+00  1.0000000E-99  1.0000000E-99
  457  2.7139122E+05  1.3157237E+00  1.0438124E+03  6.6452078E+20  3.8771246E+00  1.0000000E-99  1.0000000E-99
  458  2.7198635E+05  1.3186089E+00  1.0461013E+03  6.5851920E+20  3.9620619E+00  1.0000000E-99  1.0000000E-99
  459  2.7258148E+05  1.3214941E+00  1.0483903E+03  6.5244909E+20  4.0502074E+00  1.0000000E-99  1.0000000E-99
  460  2.7317661E+05  1.3243794E+00  1.0506793E+03  6.4630852E+20  4.1417455E+00  1.0000000E-99  1.0000000E-99
  461  2.7377175E+05  1.3272646E+00  1.0529683E+03  6.4009546E+20  4.2368754E+00  1.0000000E-99  1.0000000E-99
  462  2.7436688E+05  1.3301499E+00  1.0552572E+03  6.3380777E+20  4.3358120E+00  1.0000000E-99  1.0000000E-99
  463  2.7496201E+05  1.3330351E+00  1.0575462E+03  6.2744322E+20  4.4387876E+00  1.0000000E-99  1.0000000E-99
  464  2.7555714E+05  1.3359204E+00  1.0598352E+03  6.2099943E+20  4.5460540E+00  1.0000000E-99  1.0000000E-99
  465  2.7615228E+05  1.3388056E+00  1.0621241E+03  6.1447393E+20  4.6578842E+00  1.0000000E-99  1.0000000E-99
  466  2.7674741E+05  1.3416909E+00  1.0644131E+03  6.0786407E+20  4.7745751E+00  1.0000000E-99  1.0000000E-99
  467  2.7734254E+05  1.3445761E+00  1.0667021E+03  6.0116708E+20  4.8964497E+00  1.0000000E-99  1.0000000E-99
  468  2.7793767E+05  1.3474613E+00  1.0689911E+03  5.9438000E+20  5.0238604E+00  1.0000000E-99  1.0000000E-99
  469  2.7853281E+05  1.3503466E+00  1.0712800E+03  5.8749972E+20  5.1571922E+00  1.0000000E-99  1.0000000E-99
  470  2.7912794E+05  1.3532318E+00  1.0735690E+03  5.8052293E+20  5.2968667E+00  1.0000000E-99  1.0000000E-99
  471  2.7972307E+05  1.3561171E+00  1.0758580E+03  5.7344609E+20  5.4433466E+00  1.0000000E-99  1.0000000E-99
  472  2.8031820E+05  1.3590023E+00  1.0781469E+03  5.6626546E+20  5.5971405E+00  1.0000000E-99  1.0000000E-99
  473  2.8091334E+05  1.3618876E+00  1.0804359E+03  5.5897704E+20  5.7588091E+00  1.0000000E-99  1.0000000E-99
  474  2.8150847E+05  1.3647728E+00  1.0827249E+03  5.5157656E+20  5.9289721E+00  1.0000000E-99  1.0000000E-99
  475  2.8210360E+05  1.3676581E+00  1.0850138E+03  5.4405944E+20  6.1083158E+00  1.0000000E-99  1.0000000E-99
  476  2.8269873E+05  1.3705433E+00  1.0873028E+03  5.3642078E+20  6.2976024E+00  1.0000000E-99  1.0000000E-99
  477  2.8329387E+05  1.3734285E+00  1.0895918E+03  5.2865532E+20  6.4976811E+00  1.0000000E-99  1.0000000E-99
  478  2.8388900E+05  1.3763138E+00  1.0918808E+03  5.2075737E+20  6.7095005E+00  1.0000000E-99  1.0000000E-99
  479  2.8448413E+05  1.3791990E+00  1.0941697E+03  5.1272082E+20  6.9341238E+00  1.0000000E-99  1.0000000E-99
  480  2.8507926E+05  1.3820843E+00  1.0964587E+03  5.0453904E+20  7.1727467E+00  1.0000000E-99  1.0000000E-99
  481  2.8567440E+05  1.3849695E+00  1.0987477E+03  4.9620485E+20  7.4267182E+00  1.0000000E-99  1.0000000E-99
  482  2.8626953E+05  1.3878548E+00  1.1010366E+03  4.8771043E+20  7.6975669E+00  1.0000000E-99  1.0000000E-99
  483  2.8686466E+05  1.3907400E+00  1.1033256E+03  4.7904727E+20  7.9870311E+00  1.0000000E-99  1.0000000E-99
  484  2.8745979E+05  1.3936252E+00  1.1056146E+03  4.7020604E+20  8.2970963E+00  1.0000000E-99  1.0000000E-99
  485  2.8805493E+05  1.3965105E+00  1.1079036E+03  4.6117649E+20  8.6300410E+00  1.0000000E-99  1.0000000E-99
  486  2.8865006E+05  1.3993957E+00  1.1101925E+03  4.5194733E+20  8.9884924E+00  1.0000000E-99  1.0000000E-99
  487  2.8924519E+05  1.4022810E+00  1.1124815E+03  4.4250609E+20  9.3754962E+00  1.0000000E-99  1.0000000E-99
  488  2.8984032E+05  1.4051662E+00  1.1147705E+03  4.3283888E+20  9.7946031E+00  1.0000000E-99  1.0000000E-99
  489  2.9043546E+05  1.4080515E+00  1.1170594E+03  4.2293020E+20  1.0249978E+01  1.0000000E-99  1.0000000E-99
  490  2.9103059E+05  1.4109367E+00  1.1193484E+03  4.1276266E+20  1.0746539E+01  1.0000000E-99  1.0000000E-99
  491  2.9162572E+05  1.4138220E+00  1.1216374E+03  4.0231665E+20  1.1290137E+01  1.0000000E-99  1.0000000E-99
  492  2.9222085E+05  1.4167072E+00  1.1239264E+03  3.9156987E+20  1.1887783E+01  1.0000000E-99  1.0000000E-99
  493  2.9281599E+05  1.4195924E+00  1.1262153E+03  3.8049684E+20  1.2547959E+01  1.0000000E-99  1.0000000E-99
  494  2.9341112E+05  1.4224777E+00  1.1285043E+03  3.6906820E+20  1.3281017E+01  1.0000000E-99  1.0000000E-99
  495  2.9400625E+05  1.4253629E+00  1.1307933E+03  3.5724982E+20  1.4099729E+01  1.0000000E-99  1.0000000E-99
  496  2.9460138E+05  1.4282482E+00  1.1330822E+03  3.4500165E+20  1.5020039E+01  1.0000000E-99  1.0000000E-99
  497  2.9519652E+05  1.4311334E+00  1.1353712E+03  3.3227615E+20  1.6062108E+01  1.0000000E-99  1.0000000E-99
  498  2.9579165E+05  1.4340187E+00  1.1376602E+03  3.1901623E+20  1.7251817E+01  1.0000000E-99  1.0000000E-99
  499  2.9638678E+05  1.4369039E+00  1.1399492E+03  3.0515222E+20  1.8622939E+01  1.0000000E-99  1.0000000E-99
  500  2.9698191E+05  1.4397892E+00  1.1422381E+03  2.9059766E+20  2.0220410E+01  1.0000000E-99  1.0000000E-99
  501  2.9757705E+05  1.4426744E+00  1.1445271E+03  2.7524305E+20  2.2105350E+01  1.0000000E-99  1.0000000E-99
  502  2.9817218E+05  1.4455596E+00  1.1468161E+03  2.5894608E+20  2.4363081E+01  1.0000000E-99  1.0000000E-99
  503  2.9876731E+05  1.4484449E+00  1.1491050E+03  2.4151608E+20  2.7116435E+01  1.0000000E-99  1.0000000E-99
  504  2.9936244E+05  1.4513301E+00  1.1513940E+03  2.2268715E+20  3.0548943E+01  1.0000000E-99  1.0000000E-99
  505  2.9995758E+05  1.4542154E+00  1.1536830E+03  2.0206861E+20  3.4947681E+01  1.0000000E-99  1.0000000E-99
  506  3.0055271E+05  1.4571006E+00  1.1559720E+03  1.7904325E+20  4.0788471E+01  1.0000000E-99  1.0000000E-99
  507  3.0114784E+05  1.4599859E+00  1.1582609E+03  1.5252493E+20  4.8922101E+01  1.0000000E-99  1.0000000E-99
  508  3.0174297E+05  1.4628711E+00  1.1605499E+03  1.2022407E+20  6.1036535E+01  1.0000000E-99  1.0000000E-99
  509  3.0233811E+05  1.4657563E+00  1.1628389E+03  7.5009383E+19  8.1034208E+01  1.0000000E-99  1.0000000E-99
  510  3.0293324E+05  1.4686416E+00  1.1651278E+03  2.1507633E-06  1.2053647E+02  1.0000000E-99  1.0000000E-99
  511  3.0352837E+05  1.4715268E+00  1.1674168E+03  2.1507633E-06  1.2053647E+02  1.0000000E-99  1.0000000E-99
  512  3.0412350E+05  1.4744121E+00  1.1697058E+03  2.1507633E-06  1.0000000E-99  1.0000000E-99  1.0000000E-99
  513  3.0471864E+05  1.4772973E+00  1.1719948E+03  2.1507633E-06  1.0000000E-99  1.0000000E-99  1.0000000E-99
  514  3.0531377E+05  1.4801826E+00  1.1742837E+03  2.1507633E-06  1.0000000E-99  1.0000000E-99  1.0000000E-99
  515  3.0590890E+05  1.4830678E+00  1.1765727E+03  2.1507633E-06  1.0000000E-99  1.0000000E-99  1.0000000E-99
  516  3.0650403E+05  1.4859531E+00  1.1788617E+03  2.1507633E-06  1.0000000E-99  1.0000000E-99  1.0000000E-99
  517  3.0709917E+05  1.4888383E+00  1.1811506E+03  2.1507633E-06  1.0000000E-99  1.0000000E-99  1.0000000E-99
  518  3.0769430E+05  1.4917235E+00  1.1834396E+03  2.1507633E-06  1.0000000E-99  1.0000000E-99  1.0000000E-99
  519  3.0828943E+05  1.4946088E+00  1.1857286E+03  2.1507633E-06  1.0000000E-99  1.0000000E-99  1.0000000E-99
  520  3.0888456E+05  1.4974940E+00  1.1880175E+03  2.1507633E-06  1.0000000E-99  1.0000000E-99  1.0000000E-99
  521  3.0947970E+05  1.5003793E+00  1.1903065E+03  2.1507633E-06  1.0000000E-99  1.0000000E-99  1.0000000E-99
  522  3.1007483E+05  1.5032645E+00  1.1925955E+03  2.1507633E-06  1.0000000E-99  1.0000000E-99  1.0000000E-99
  523  3.1066996E+05  1.5061498E+00  1.1948845E+03  2.1507633E-06  1.0000000E-99  1.0000000E-99  1.0000000E-99
  524  3.1126509E+05  1.5090350E+00  1.1971734E+03  2.1507633E-06  1.0000000E-99  1.0000000E-99  1.0000000E-99
  525  3.1186023E+05  1.5119203E+00  1.1994624E+03  2.1507633E-06  1.0000000E-99  1.0000000E-99  1.0000000E-99
  526  3.1245536E+05  1.5148055E+00  1.2017514E+03  2.1507633E-06  1.0000000E-99  1.0000000E-99  1.0000000E-99
  527  3.1305049E+05  1.5176907E+00  1.2040403E+03  2.1507633E-06  1.0000000E-99  1.0000000E-99  1.0000000E-99
  528  3.1364562E+05  1.5205760E+00  1.2063293E+03  2.1507633E-06  1.0000000E-99  1.0000000E-99  1.0000000E-99
  529  3.1424076E+05  1.5234612E+00  1.2086183E+03  2.1507633E-06  1.0000000E-99  1.0000000E-99  1.0000000E-99
  530  3.1483589E+05  1.5263465E+00  1.2109073E+03  2.1507633E-06  1.0000000E-99  1.0000000E-99  1.0000000E-99
  531  3.1543102E+05  1.5292317E+00  1.2131962E+03  2.1507633E-06  1.0000000E-99  1.0000000E-99  1.0000000E-99
  532  3.1602615E+05  1.5321170E+00  1.2154852E+03  2.1507633E-06  1.0000000E-99  1.0000000E-99  1.0000000E-99
  533  3.1662129E+05  1.5350022E+00  1.2177742E+03  2.1507633E-06  1.0000000E-99  1.0000000E-99  1.0000000E-99
  534  3.1721642E+05  1.5378874E+00  1.2200631E+03  2.1507633E-06  1.0000000E-99  1.0000000E-99  1.0000000E-99
  535  3.1781155E+05  1.5407727E+00  1.2223521E+03  2.1507633E-06  1.0000000E-99  1.0000000E-99  1.0000000E-99
  536  3.1840668E+05  1.5436579E+00  1.2246411E+03  2.1507633E-06  1.0000000E-99  1.0000000E-99  1.0000000E-99
  537  3.1900181E+05  1.5465432E+00  1.2269301E+03  2.1507633E-06  1.0000000E-99  1.0000000E-99  1.0000000E-99
  538  3.1959695E+05  1.5494284E+00  1.2292190E+03  2.1507633E-06  1.0000000E-99  1.0000000E-99  1.0000000E-99
  539  3.2019208E+05  1.5523137E+00  1.2315080E+03  2.1507633E-06  1.0000000E-99  1.0000000E-99  1.0000000E-99
  540  3.2078721E+05  1.5551989E+00  1.2337970E+03  2.1507633E-06  1.0000000E-99  1.0000000E-99  1.0000000E-99
  541  3.2138234E+05  1.5580842E+00  1.2360859E+03  2.1507633E-06  1.0000000E-99  1.0000000E-99  1.0000000E-99
  542  3.2197748E+05  1.5609694E+00  1.2383749E+03  2.1507633E-06  1.0000000E-99  1.0000000E-99  1.0000000E-99
  543  3.2257261E+05  1.5638546E+00  1.2406639E+03  2.1507633E-06  1.0000000E-99  1.0000000E-99  1.0000000E-99
  544  3.2316774E+05  1.5667399E+00  1.2429529E+03  2.1507633E-06  1.0000000E-99  1.0000000E-99  1.0000000E-99
  545  3.2376287E+05  1.5696251E+00  1.2452418E+03  2.1507633E-06  1.0000000E-99  1.0000000E-99  1.0000000E-99
  546  3.2435801E+05  1.5725104E+00  1.2475308E+03  2.1507633E-06  1.0000000E-99  1.0000000E-99  1.0000000E-99
  547  3.2495314E+05  1.5753956E+00  1.2498198E+03  2.1507633E-06  1.0000000E-99  1.0000000E-99  1.0000000E-99
  548  3.2554827E+05  1.5782809E+00  1.2521087E+03  2.1507633E-06  1.0000000E-99  1.0000000E-99  1.0000000E-99
  549  3.2614340E+05  1.5811661E+00  1.2543977E+03  2.1507633E-06  1.0000000E-99  1.0000000E-99  1.0000000E-99
  550  3.2673854E+05  1.5840514E+00  1.2566867E+03  2.1507633E-06  1.0000000E-99  1.0000000E-99  1.0000000E-99
  551  3.2733367E+05  1.5869366E+00  1.2589757E+03  2.1507633E-06  1.0000000E-99  1.0000000E-99  1.0000000E-99
  552  3.2792880E+05  1.5898218E+00  1.2612646E+03  2.1507633E-06  1.0000000E-99  1.0000000E-99  1.0000000E-99
  553  3.2852393E+05  1.5927071E+00  1.2635536E+03  2.1507633E-06  1.0000000E-99  1.0000000E-99  1.0000000E-99
  554  3.2911907E+05  1.5955923E+00  1.2658426E+03  2.1507633E-06  1.0000000E-99  1.0000000E-99  1.0000000E-99
  555  3.2971420E+05  1.5984776E+00  1.2681315E+03  2.1507633E-06  1.0000000E-99  1.0000000E-99  1.0000000E-99
  556  3.3030933E+05  1.6013628E+00  1.2704205E+03  2.1507633E-06  1.0000000E-99  1.0000000E-99  1.0000000E-99
  557  3.3090446E+05  1.6042481E+00  1.2727095E+03  2.1507633E-06  1.0000000E-99  1.0000000E-99  1.0000000E-99
  558  3.3149960E+05  1.6071333E+00  1.2749985E+03  2.1507633E-06  1.0000000E-99  1.0000000E-99  1.0000000E-99
  559  3.3209473E+05  1.6100186E+00  1.2772874E+03  2.1507633E-06  1.0000000E-99  1.0000000E-99  1.0000000E-99
