! mass-weighted dust temperature of the middle part of the cylinder, |z| < 2.032 pc, against R
!        R(AU)    cells   frac T=0       T(K)     rms(K)
   2.33229e-01       59      0.983     9.9739     0.0000
   2.93617e-01       65      0.985     5.7817     0.0000
   3.21945e-01       72      0.986    24.4616     0.0000
   3.37118e-01       73      0.986    24.6448     0.0000
   3.53006e-01       74      0.986     6.7508     0.0000
   3.69642e-01       78      0.987    22.7299     0.0000
   3.87063e-01       78      0.974    10.8957     1.0252
   4.05305e-01       82      0.988    21.1159     0.0000
   4.24406e-01       84      0.988    20.6044     0.0000
   4.44408e-01       86      0.988    20.1746     0.0000
   4.87284e-01       91      0.978    13.8699     4.1906
   5.10249e-01       92      0.978    13.5643     4.1743
   5.34296e-01       94      0.979    13.3057     4.1463
   5.59476e-01       98      0.980    13.0799     4.1121
   5.85844e-01       98      0.980     8.3660     0.7752
   6.13454e-01      100      0.980     7.2981     2.3840
   6.42365e-01      103      0.961     6.6859     0.9059
   6.72639e-01      105      0.952     7.0247     4.7865
   7.04339e-01      108      0.954     8.8513     0.7895
   7.37534e-01      109      0.954     6.2586     2.6199
   7.72292e-01      112      0.946     6.4742     2.7209
   8.08689e-01      112      0.938     6.3953     0.6048
   8.46802e-01      115      0.922     5.0153     1.4367
   8.86710e-01      120      0.942     7.6898     1.0538
   9.28500e-01      118      0.932     5.9214     2.6245
   9.72259e-01      124      0.952     5.8843     2.8147
   1.01808e+00      124      0.927     7.4466     1.0417
   1.06606e+00      126      0.937     8.2523     0.4631
   1.11630e+00      128      0.938     8.9528     1.3384
   1.16891e+00      131      0.916     7.5171     1.6980
   1.22400e+00      133      0.932     6.2159     2.3007
   1.28169e+00      136      0.904     6.7072     1.9009
   1.34209e+00      137      0.898     3.3088     1.5971
   1.40534e+00      138      0.899     6.1790     1.0441
   1.47157e+00      140      0.871     4.9193     1.4734
   1.54093e+00      145      0.897     9.4334     1.4309
   1.61355e+00      145      0.869     4.9564     1.1291
   1.68959e+00      149      0.846     3.2854     1.4019
   1.76922e+00      149      0.872     5.9549     1.0621
   1.85260e+00      152      0.829     6.6180     1.3093
   1.93991e+00      154      0.838     8.8840     1.9239
   2.03134e+00      156      0.833     7.2971     1.1934
   2.12707e+00      160      0.831     9.1520     1.3056
   2.22732e+00      160      0.825     6.7764     1.4328
   2.33229e+00      163      0.816     8.0428     0.7344
   2.44220e+00      164      0.805     7.8858     2.2193
   2.55730e+00      167      0.784     7.1294     1.1369
   2.67782e+00      170      0.794     6.1843     1.0339
   2.80402e+00      171      0.784     6.3816     1.6014
   2.93617e+00      174      0.770     6.8990     0.8104
   3.07455e+00      175      0.743     7.9775     1.2776
   3.21945e+00      177      0.729     7.7465     1.3934
   3.37118e+00      181      0.746     7.4005     1.0373
   3.53006e+00      181      0.707     8.0412     1.0818
   3.69642e+00      185      0.692     6.7763     1.0482
   3.87063e+00      186      0.677     6.1464     1.9796
   4.05305e+00      189      0.651     6.7752     1.1601
   4.24406e+00      189      0.651     6.5796     0.9484
   4.44408e+00      193      0.637     6.5666     1.1833
   4.65352e+00      195      0.590     7.6027     1.0293
   4.87284e+00      198      0.586     7.7533     0.9460
   5.10249e+00      199      0.553     6.8701     0.8821
   5.34296e+00      201      0.532     7.0300     0.9759
   5.59476e+00      202      0.525     6.4978     1.2506
   5.85844e+00      206      0.534     7.1446     0.9698
   6.13454e+00      208      0.514     7.7282     0.8521
   6.42365e+00      211      0.483     7.2689     0.8266
   6.72639e+00      210      0.457     7.7687     1.6470
   7.04339e+00      215      0.460     7.4770     1.0407
   7.37534e+00      216      0.449     7.9761     1.1209
   7.72292e+00      217      0.438     7.7353     0.8159
   8.08689e+00      223      0.399     7.7671     1.2142
   8.46802e+00      222      0.401     7.9829     1.0148
   8.86710e+00      224      0.371     7.5276     0.8569
   9.28500e+00      227      0.370     7.6977     0.8898
   9.72259e+00      230      0.348     7.4284     0.9033
   1.01808e+01      230      0.322     6.8896     0.8569
   1.06606e+01      234      0.299     7.8117     0.7948
   1.11630e+01      237      0.287     7.5236     0.6584
   1.16891e+01      235      0.272     7.2078     0.6907
   1.22400e+01      240      0.275     7.4560     0.5716
   1.28169e+01      244      0.266     7.5381     0.8148
   1.34209e+01      241      0.224     7.5019     0.5609
   1.40534e+01      248      0.206     7.7623     0.5753
   1.47157e+01      249      0.213     7.4863     0.6741
   1.54093e+01      250      0.208     7.4480     0.5618
   1.61355e+01      251      0.207     7.5583     0.5864
   1.68959e+01      256      0.199     7.7584     0.5985
   1.76922e+01      256      0.172     7.6813     0.5594
   1.85260e+01      260      0.150     7.5400     0.4323
   1.93991e+01      262      0.145     7.7239     0.4604
   2.03134e+01      262      0.145     7.6532     0.4967
   2.12707e+01      265      0.151     7.8475     0.4639
   2.22732e+01      268      0.123     7.7687     0.4655
   2.33229e+01      269      0.112     7.8263     0.4075
   2.44220e+01      273      0.092     7.7317     0.3638
   2.55730e+01      271      0.100     7.6598     0.5342
   2.67782e+01      275      0.113     7.4711     0.7685
   2.80402e+01      275      0.109     7.4877     0.7484
   2.93617e+01      277      0.083     7.5553     0.7407
   3.07455e+01      282      0.074     7.5198     0.7197
   3.21945e+01      281      0.064     7.4908     0.6892
   3.37118e+01      284      0.063     7.5098     0.6646
   3.53006e+01      286      0.056     7.5264     0.5872
   3.69642e+01      289      0.059     7.5085     0.5712
   3.87063e+01      291      0.055     7.5146     0.5679
   4.05305e+01      292      0.048     7.5354     0.5428
   4.24406e+01      296      0.057     7.5686     0.5177
   4.44408e+01      297      0.040     7.5448     0.5039
   4.65352e+01      299      0.040     7.5624     0.5142
   4.87284e+01      302      0.043     7.5842     0.4673
   5.10249e+01      302      0.033     7.5951     0.4800
   5.34296e+01      305      0.033     7.5965     0.4572
   5.59476e+01      304      0.036     7.6164     0.4440
   5.85844e+01      304      0.030     7.5754     0.4158
   6.13454e+01      303      0.030     7.6256     0.4287
   6.42365e+01      304      0.020     7.5908     0.4218
   6.72639e+01      303      0.020     7.6208     0.4254
   7.04339e+01      306      0.026     7.6297     0.3720
   7.37534e+01      302      0.017     7.6204     0.4046
   7.72292e+01      305      0.023     7.6366     0.3640
   8.08689e+01      302      0.013     7.6462     0.3751
   8.46802e+01      306      0.020     7.6316     0.3827
   8.86710e+01      302      0.010     7.6091     0.3726
   9.28500e+01      305      0.000     7.6302     0.3779
   9.72259e+01      305      0.007     7.6311     0.3598
   1.01808e+02      304      0.007     7.6216     0.3534
   1.06606e+02      303      0.000     7.6339     0.3565
   1.11630e+02      305      0.000     7.6188     0.3378
   1.16891e+02      305      0.000     7.6696     0.3737
   1.22400e+02      304      0.003     7.6883     0.3394
   1.28169e+02      305      0.000     7.6805     0.3325
   1.34209e+02      304      0.000     7.7038     0.3336
   1.40534e+02      306      0.000     7.6765     0.3093
   1.47157e+02      305      0.000     7.6892     0.3103
   1.54093e+02      306      0.000     7.6564     0.3002
   1.61355e+02      305      0.000     7.6680     0.3051
   1.68959e+02      307      0.000     7.6629     0.2659
   1.76922e+02      306      0.000     7.6959     0.2707
   1.85260e+02      306      0.000     7.6724     0.2616
   1.93991e+02      305      0.000     7.6997     0.2746
   2.03134e+02      311      0.000     7.6927     0.2368
   2.12707e+02      304      0.000     7.6789     0.2363
   2.22732e+02      311      0.000     7.6812     0.2265
   2.33229e+02      310      0.000     7.6952     0.2283
   2.44220e+02      313      0.000     7.6932     0.2154
   2.55730e+02      320      0.000     7.6934     0.2077
   2.67782e+02      316      0.000     7.7062     0.2003
   2.80402e+02      325      0.000     7.7052     0.2118
   2.93617e+02      328      0.000     7.7056     0.1902
   3.07455e+02      342      0.000     7.6930     0.2068
   3.21945e+02      324      0.000     7.7088     0.1933
   3.37118e+02      329      0.000     7.6964     0.1914
   3.53006e+02      332      0.000     7.6990     0.1746
   3.69642e+02      338      0.000     7.6981     0.1718
   3.87063e+02      344      0.000     7.6944     0.1632
   4.05305e+02      347      0.000     7.6921     0.1530
   4.24406e+02      357      0.000     7.6919     0.1586
   4.44408e+02      361      0.000     7.6973     0.1607
   4.65352e+02      370      0.000     7.7054     0.1663
   4.87284e+02      380      0.000     7.7064     0.1531
   5.10249e+02      387      0.000     7.7054     0.1430
   5.34296e+02      410      0.000     7.7045     0.1437
   5.59476e+02      413      0.000     7.7075     0.1364
   5.85844e+02      443      0.000     7.7131     0.1373
   6.13454e+02      482      0.000     7.7247     0.1428
   6.42365e+02      504      0.000     7.7196     0.1341
   6.72639e+02      495      0.000     7.7395     0.1420
   7.04339e+02      497      0.000     7.7387     0.1365
   7.37534e+02      495      0.000     7.7468     0.1290
   7.72292e+02      491      0.000     7.7434     0.1352
   8.08689e+02      496      0.000     7.7428     0.1229
   8.46802e+02      480      0.000     7.7447     0.1171
   8.86710e+02      486      0.000     7.7584     0.1158
   9.28500e+02      487      0.000     7.7636     0.1113
   9.72259e+02      476      0.000     7.7536     0.1091
   1.01808e+03      485      0.000     7.7498     0.1011
   1.06606e+03      469      0.000     7.7581     0.1090
   1.11630e+03      479      0.000     7.7693     0.1061
   1.16891e+03      475      0.000     7.7689     0.1041
   1.22400e+03      464      0.000     7.7651     0.0984
   1.28169e+03      472      0.000     7.7698     0.0963
   1.34209e+03      467      0.000     7.7831     0.0898
   1.40534e+03      468      0.000     7.7880     0.0898
   1.47157e+03      456      0.000     7.7986     0.0873
   1.54093e+03      459      0.000     7.8048     0.0807
   1.61355e+03      460      0.000     7.8138     0.0842
   1.68959e+03      451      0.000     7.8143     0.0841
   1.76922e+03      457      0.000     7.8327     0.0815
   1.85260e+03      449      0.000     7.8456     0.0791
   1.93991e+03      449      0.000     7.8531     0.0776
   2.03134e+03      451      0.000     7.8653     0.0739
   2.12707e+03      439      0.000     7.8845     0.0776
   2.22732e+03      444      0.000     7.8959     0.0738
   2.33229e+03      440      0.000     7.9202     0.0790
   2.44220e+03      444      0.000     7.9381     0.0704
   2.55730e+03      431      0.000     7.9548     0.0726
   2.67782e+03      433      0.000     7.9854     0.0629
   2.80402e+03      433      0.000     8.0079     0.0777
   2.93617e+03      431      0.000     8.0325     0.0724
   3.07455e+03      430      0.000     8.0610     0.0731
   3.21945e+03      423      0.000     8.0876     0.0642
   3.37118e+03      424      0.000     8.1219     0.0635
   3.53006e+03      423      0.000     8.1535     0.0636
   3.69642e+03      414      0.000     8.1874     0.0686
   3.87063e+03      420      0.000     8.2279     0.0640
   4.05305e+03      414      0.000     8.2746     0.0653
   4.24406e+03      415      0.000     8.3226     0.0664
   4.44408e+03      408      0.000     8.3634     0.0613
   4.65352e+03      406      0.000     8.4092     0.0609
   4.87284e+03      410      0.000     8.4572     0.0652
   5.10249e+03      403      0.000     8.5123     0.0668
   5.34296e+03      404      0.000     8.5754     0.0635
   5.59476e+03      395      0.000     8.6385     0.0599
   5.85844e+03      400      0.000     8.7088     0.0593
   6.13454e+03      399      0.000     8.7790     0.0587
   6.42365e+03      388      0.000     8.8488     0.0576
   6.72639e+03      393      0.000     8.9263     0.0629
   7.04339e+03      389      0.000     9.0103     0.0613
   7.37534e+03      389      0.000     9.0865     0.0524
   7.72292e+03      382      0.000     9.1782     0.0555
   8.08689e+03      381      0.000     9.2678     0.0593
   8.46802e+03      385      0.000     9.3589     0.0612
   8.86710e+03      376      0.000     9.4537     0.0575
   9.28500e+03      380      0.000     9.5542     0.0539
   9.72259e+03      368      0.000     9.6597     0.0542
   1.01808e+04      374      0.000     9.7667     0.0534
   1.06606e+04      375      0.000     9.8747     0.0547
   1.11630e+04      361      0.000     9.9957     0.0560
   1.16891e+04      367      0.000    10.1115     0.0543
   1.22400e+04      362      0.000    10.2308     0.0519
   1.28169e+04      366      0.000    10.3583     0.0505
   1.34209e+04      354      0.000    10.4878     0.0513
   1.40534e+04      358      0.000    10.6136     0.0564
   1.47157e+04      357      0.000    10.7479     0.0542
   1.54093e+04      352      0.000    10.8848     0.0511
   1.61355e+04      353      0.000    11.0226     0.0511
   1.68959e+04      344      0.000    11.1653     0.0495
   1.76922e+04      347      0.000    11.3156     0.0514
   1.85260e+04      350      0.000    11.4596     0.0526
   1.93991e+04      333      0.000    11.6108     0.0525
   2.03134e+04      345      0.000    11.7681     0.0572
   2.12707e+04      335      0.000    11.9326     0.0536
   2.22732e+04      340      0.000    12.0942     0.0572
   2.33229e+04      329      0.000    12.2622     0.0569
   2.44220e+04      332      0.000    12.4353     0.0592
   2.55730e+04      330      0.000    12.6094     0.0568
   2.67782e+04      327      0.000    12.7900     0.0594
   2.80402e+04      331      0.000    12.9703     0.0570
   2.93617e+04      316      0.000    13.1592     0.0612
   3.07455e+04      321      0.000    13.3518     0.0599
   3.21945e+04      323      0.000    13.5444     0.0656
   3.37118e+04      309      0.000    13.7439     0.0619
   3.53006e+04      320      0.000    13.9528     0.0617
   3.69642e+04      307      0.000    14.1634     0.0644
   3.87063e+04      314      0.000    14.3780     0.0675
   4.05305e+04      306      0.000    14.5986     0.0671
   4.24406e+04      304      0.000    14.8259     0.0711
   4.44408e+04      306      0.000    15.0545     0.0702
   4.65352e+04      302      0.000    15.2959     0.0732
   4.87284e+04      303      0.000    15.5365     0.0695
   5.10249e+04      290      0.000    15.7829     0.0751
   5.34296e+04      294      0.000    16.0280     0.0707
   5.59476e+04      299      0.000    16.2836     0.0777
   5.85844e+04      285      0.000    16.5424     0.0737
   6.13454e+04      296      0.000    16.8056     0.0802
   6.42365e+04      280      0.000    17.0675     0.0776
   6.72639e+04      290      0.000    17.3391     0.0811
   7.04339e+04      283      0.000    17.6086     0.0787
   7.37534e+04      277      0.000    17.8912     0.0833
   7.72292e+04      280      0.000    18.1699     0.0818
   8.08689e+04      278      0.000    18.4676     0.0916
   8.46802e+04      277      0.000    18.7580     0.0855
   8.86710e+04      268      0.000    19.0605     0.0956
   9.28500e+04      268      0.000    19.3794     0.0964
   9.72259e+04      272      0.000    19.7265     0.1132
   1.01808e+05      260      0.000    20.0877     0.1083
   1.06606e+05       29      0.000    20.3312     0.0526
