! Date: 15/08/2026  Time: 09:06:09  Created by RADMC3D compiled on Aug 14 2026 12:46    
! Alexander Men’shchikov, DAp IRFU CEA Saclay, France                         
!
! RADIAL PROFILES OF SURFACE DENSITIES (cm^-2)
!
! Distance (pc): 2.60000000E+02  Mass-averaged Tdust (K): 8.25392120E+00
!
!   N   RADIUS(au)     RADIUS(pc)     RADIUS(as)      PROFILE        SLOPE          PROFILEBS      SLOPEBS
!
    1  3.3404240E+01  1.6194610E-04  1.2847785E-01  3.4308134E+22  1.4676627E-03  1.0324115E+22  4.9039770E-03
    2  8.1306410E+02  3.9417918E-03  3.1271696E+00  3.4147777E+22  1.4676627E-03  1.0163758E+22  4.9039770E-03
    3  1.5927240E+03  7.7216375E-03  6.1258614E+00  3.3687409E+22  1.4676627E-03  9.7033895E+21  4.9039770E-03
    4  2.3723838E+03  1.1501483E-02  9.1245531E+00  3.2987741E+22  1.4676627E-03  9.0037221E+21  4.9039770E-03
    5  3.1520437E+03  1.5281329E-02  1.2123245E+01  3.2122928E+22  2.0186708E-02  8.1389093E+21  6.8937588E-02
    6  3.9317035E+03  1.9061175E-02  1.5121937E+01  3.1163334E+22  5.2674477E-02  7.1793152E+21  1.8782101E-01
    7  4.7113634E+03  2.2841020E-02  1.8120628E+01  3.0259787E+22  9.3490839E-02  6.2757674E+21  3.5537513E-01
    8  5.4910232E+03  2.6620866E-02  2.1119320E+01  2.9308886E+22  1.3721650E-01  5.3248667E+21  5.6760096E-01
    9  6.2706831E+03  3.0400712E-02  2.4118012E+01  2.8420833E+22  1.6264142E-01  4.4368137E+21  7.4353161E-01
   10  7.0503429E+03  3.4180557E-02  2.7116704E+01  2.7675778E+22  2.0849861E-01  3.6917585E+21  1.0729463E+00
   11  7.8300028E+03  3.7960403E-02  3.0115395E+01  2.6988877E+22  2.2668000E-01  3.0048573E+21  1.3741830E+00
   12  8.6096627E+03  4.1740249E-02  3.3114087E+01  2.6360051E+22  2.3174029E-01  2.3760317E+21  1.5686668E+00
   13  9.3893225E+03  4.5520094E-02  3.6112779E+01  2.5779423E+22  2.3961858E-01  1.7954039E+21  1.9628132E+00
   14  1.0168982E+04  4.9299940E-02  3.9111471E+01  2.5329895E+22  2.3961858E-01  1.3458763E+21  2.4735852E+00
   15  1.0948642E+04  5.3079786E-02  4.2110162E+01  2.4840791E+22  2.4836277E-01  8.5677220E+20  3.2323014E+00
   16  1.1728302E+04  5.6859631E-02  4.5108854E+01  2.3986527E+22  2.5693316E-01  1.0000000E-99  3.2323014E+00
   17  1.2507962E+04  6.0639477E-02  4.8107546E+01  2.3984670E+22  2.2052779E-01  1.0000000E-99  1.0000000E-99
   18  1.3287622E+04  6.4419323E-02  5.1106238E+01  2.3982694E+22  1.3630931E-03  1.0000000E-99  1.0000000E-99
   19  1.4067282E+04  6.8199168E-02  5.4104929E+01  2.3980597E+22  1.3630931E-03  1.0000000E-99  1.0000000E-99
   20  1.4846942E+04  7.1979014E-02  5.7103621E+01  2.3978380E+22  1.3630931E-03  1.0000000E-99  1.0000000E-99
   21  1.5626601E+04  7.5758860E-02  6.0102313E+01  2.3976043E+22  1.5334086E-03  1.0000000E-99  1.0000000E-99
   22  1.6406261E+04  7.9538706E-02  6.3101005E+01  2.3973586E+22  1.7137930E-03  1.0000000E-99  1.0000000E-99
   23  1.7185921E+04  8.3318551E-02  6.6099696E+01  2.3971009E+22  1.9042574E-03  1.0000000E-99  1.0000000E-99
   24  1.7965581E+04  8.7098397E-02  6.9098388E+01  2.3968312E+22  2.1048132E-03  1.0000000E-99  1.0000000E-99
   25  1.8745241E+04  9.0878243E-02  7.2097080E+01  2.3965494E+22  2.3154723E-03  1.0000000E-99  1.0000000E-99
   26  1.9524901E+04  9.4658088E-02  7.5095772E+01  2.3962557E+22  2.5362476E-03  1.0000000E-99  1.0000000E-99
   27  2.0304561E+04  9.8437934E-02  7.8094463E+01  2.3959499E+22  2.7671522E-03  1.0000000E-99  1.0000000E-99
   28  2.1084220E+04  1.0221778E-01  8.1093155E+01  2.3956321E+22  3.0082002E-03  1.0000000E-99  1.0000000E-99
   29  2.1863880E+04  1.0599763E-01  8.4091847E+01  2.3953022E+22  3.2594061E-03  1.0000000E-99  1.0000000E-99
   30  2.2643540E+04  1.0977747E-01  8.7090539E+01  2.3949603E+22  3.5207851E-03  1.0000000E-99  1.0000000E-99
   31  2.3423200E+04  1.1355732E-01  9.0089230E+01  2.3946063E+22  3.7923529E-03  1.0000000E-99  1.0000000E-99
   32  2.4202860E+04  1.1733716E-01  9.3087922E+01  2.3942403E+22  4.0741260E-03  1.0000000E-99  1.0000000E-99
   33  2.4982520E+04  1.2111701E-01  9.6086614E+01  2.3938622E+22  4.3661215E-03  1.0000000E-99  1.0000000E-99
   34  2.5762179E+04  1.2489685E-01  9.9085306E+01  2.3934721E+22  4.6683570E-03  1.0000000E-99  1.0000000E-99
   35  2.6541839E+04  1.2867670E-01  1.0208400E+02  2.3930699E+22  4.9808509E-03  1.0000000E-99  1.0000000E-99
   36  2.7321499E+04  1.3245655E-01  1.0508269E+02  2.3926556E+22  5.3036221E-03  1.0000000E-99  1.0000000E-99
   37  2.8101159E+04  1.3623639E-01  1.0808138E+02  2.3922293E+22  5.6366903E-03  1.0000000E-99  1.0000000E-99
   38  2.8880819E+04  1.4001624E-01  1.1108007E+02  2.3917908E+22  5.9800757E-03  1.0000000E-99  1.0000000E-99
   39  2.9660479E+04  1.4379608E-01  1.1407876E+02  2.3913402E+22  6.3337993E-03  1.0000000E-99  1.0000000E-99
   40  3.0440139E+04  1.4757593E-01  1.1707746E+02  2.3908776E+22  6.6978825E-03  1.0000000E-99  1.0000000E-99
   41  3.1219798E+04  1.5135577E-01  1.2007615E+02  2.3904028E+22  7.0723477E-03  1.0000000E-99  1.0000000E-99
   42  3.1999458E+04  1.5513562E-01  1.2307484E+02  2.3899159E+22  7.4572176E-03  1.0000000E-99  1.0000000E-99
   43  3.2779118E+04  1.5891546E-01  1.2607353E+02  2.3894169E+22  7.8525158E-03  1.0000000E-99  1.0000000E-99
   44  3.3558778E+04  1.6269531E-01  1.2907222E+02  2.3889058E+22  8.2582666E-03  1.0000000E-99  1.0000000E-99
   45  3.4338438E+04  1.6647516E-01  1.3207092E+02  2.3883825E+22  8.6744948E-03  1.0000000E-99  1.0000000E-99
   46  3.5118098E+04  1.7025500E-01  1.3506961E+02  2.3878471E+22  9.1012259E-03  1.0000000E-99  1.0000000E-99
   47  3.5897758E+04  1.7403485E-01  1.3806830E+02  2.3872995E+22  9.5384862E-03  1.0000000E-99  1.0000000E-99
   48  3.6677417E+04  1.7781469E-01  1.4106699E+02  2.3867398E+22  9.9863026E-03  1.0000000E-99  1.0000000E-99
   49  3.7457077E+04  1.8159454E-01  1.4406568E+02  2.3861678E+22  1.0444703E-02  1.0000000E-99  1.0000000E-99
   50  3.8236737E+04  1.8537438E-01  1.4706437E+02  2.3855837E+22  1.0913715E-02  1.0000000E-99  1.0000000E-99
   51  3.9016397E+04  1.8915423E-01  1.5006307E+02  2.3849874E+22  1.1393367E-02  1.0000000E-99  1.0000000E-99
   52  3.9796057E+04  1.9293408E-01  1.5306176E+02  2.3843790E+22  1.1883691E-02  1.0000000E-99  1.0000000E-99
   53  4.0575717E+04  1.9671392E-01  1.5606045E+02  2.3837582E+22  1.2384715E-02  1.0000000E-99  1.0000000E-99
   54  4.1355377E+04  2.0049377E-01  1.5905914E+02  2.3831253E+22  1.2896472E-02  1.0000000E-99  1.0000000E-99
   55  4.2135036E+04  2.0427361E-01  1.6205783E+02  2.3824802E+22  1.3418992E-02  1.0000000E-99  1.0000000E-99
   56  4.2914696E+04  2.0805346E-01  1.6505652E+02  2.3818228E+22  1.3952309E-02  1.0000000E-99  1.0000000E-99
   57  4.3694356E+04  2.1183330E-01  1.6805522E+02  2.3811531E+22  1.4496455E-02  1.0000000E-99  1.0000000E-99
   58  4.4474016E+04  2.1561315E-01  1.7105391E+02  2.3804713E+22  1.5051465E-02  1.0000000E-99  1.0000000E-99
   59  4.5253676E+04  2.1939300E-01  1.7405260E+02  2.3797771E+22  1.5617373E-02  1.0000000E-99  1.0000000E-99
   60  4.6033336E+04  2.2317284E-01  1.7705129E+02  2.3790706E+22  1.6194215E-02  1.0000000E-99  1.0000000E-99
   61  4.6812996E+04  2.2695269E-01  1.8004998E+02  2.3783519E+22  1.6782027E-02  1.0000000E-99  1.0000000E-99
   62  4.7592655E+04  2.3073253E-01  1.8304867E+02  2.3776209E+22  1.7380846E-02  1.0000000E-99  1.0000000E-99
   63  4.8372315E+04  2.3451238E-01  1.8604737E+02  2.3768775E+22  1.7990709E-02  1.0000000E-99  1.0000000E-99
   64  4.9151975E+04  2.3829222E-01  1.8904606E+02  2.3761218E+22  1.8611655E-02  1.0000000E-99  1.0000000E-99
   65  4.9931635E+04  2.4207207E-01  1.9204475E+02  2.3753538E+22  1.9243724E-02  1.0000000E-99  1.0000000E-99
   66  5.0711295E+04  2.4585192E-01  1.9504344E+02  2.3745734E+22  1.9886955E-02  1.0000000E-99  1.0000000E-99
   67  5.1490955E+04  2.4963176E-01  1.9804213E+02  2.3737807E+22  2.0541389E-02  1.0000000E-99  1.0000000E-99
   68  5.2270615E+04  2.5341161E-01  2.0104083E+02  2.3729756E+22  2.1207067E-02  1.0000000E-99  1.0000000E-99
   69  5.3050274E+04  2.5719145E-01  2.0403952E+02  2.3721581E+22  2.1884033E-02  1.0000000E-99  1.0000000E-99
   70  5.3829934E+04  2.6097130E-01  2.0703821E+02  2.3713282E+22  2.2572328E-02  1.0000000E-99  1.0000000E-99
   71  5.4609594E+04  2.6475114E-01  2.1003690E+02  2.3704859E+22  2.3271998E-02  1.0000000E-99  1.0000000E-99
   72  5.5389254E+04  2.6853099E-01  2.1303559E+02  2.3696312E+22  2.3983087E-02  1.0000000E-99  1.0000000E-99
   73  5.6168914E+04  2.7231084E-01  2.1603428E+02  2.3687641E+22  2.4705640E-02  1.0000000E-99  1.0000000E-99
   74  5.6948574E+04  2.7609068E-01  2.1903298E+02  2.3678844E+22  2.5439704E-02  1.0000000E-99  1.0000000E-99
   75  5.7728234E+04  2.7987053E-01  2.2203167E+02  2.3669924E+22  2.6185327E-02  1.0000000E-99  1.0000000E-99
   76  5.8507893E+04  2.8365037E-01  2.2503036E+02  2.3660878E+22  2.6942556E-02  1.0000000E-99  1.0000000E-99
   77  5.9287553E+04  2.8743022E-01  2.2802905E+02  2.3651708E+22  2.7711441E-02  1.0000000E-99  1.0000000E-99
   78  6.0067213E+04  2.9121006E-01  2.3102774E+02  2.3642412E+22  2.8492030E-02  1.0000000E-99  1.0000000E-99
   79  6.0846873E+04  2.9498991E-01  2.3402643E+02  2.3632991E+22  2.9284376E-02  1.0000000E-99  1.0000000E-99
   80  6.1626533E+04  2.9876976E-01  2.3702513E+02  2.3623445E+22  3.0088530E-02  1.0000000E-99  1.0000000E-99
   81  6.2406193E+04  3.0254960E-01  2.4002382E+02  2.3613773E+22  3.0904544E-02  1.0000000E-99  1.0000000E-99
   82  6.3185853E+04  3.0632945E-01  2.4302251E+02  2.3603975E+22  3.1732471E-02  1.0000000E-99  1.0000000E-99
   83  6.3965512E+04  3.1010929E-01  2.4602120E+02  2.3594052E+22  3.2572366E-02  1.0000000E-99  1.0000000E-99
   84  6.4745172E+04  3.1388914E-01  2.4901989E+02  2.3584003E+22  3.3424285E-02  1.0000000E-99  1.0000000E-99
   85  6.5524832E+04  3.1766898E-01  2.5201859E+02  2.3573827E+22  3.4288282E-02  1.0000000E-99  1.0000000E-99
   86  6.6304492E+04  3.2144883E-01  2.5501728E+02  2.3563525E+22  3.5164416E-02  1.0000000E-99  1.0000000E-99
   87  6.7084152E+04  3.2522868E-01  2.5801597E+02  2.3553097E+22  3.6052745E-02  1.0000000E-99  1.0000000E-99
   88  6.7863812E+04  3.2900852E-01  2.6101466E+02  2.3542542E+22  3.6953326E-02  1.0000000E-99  1.0000000E-99
   89  6.8643472E+04  3.3278837E-01  2.6401335E+02  2.3531860E+22  3.7866221E-02  1.0000000E-99  1.0000000E-99
   90  6.9423131E+04  3.3656821E-01  2.6701204E+02  2.3521051E+22  3.8791490E-02  1.0000000E-99  1.0000000E-99
   91  7.0202791E+04  3.4034806E-01  2.7001074E+02  2.3510115E+22  3.9729196E-02  1.0000000E-99  1.0000000E-99
   92  7.0982451E+04  3.4412790E-01  2.7300943E+02  2.3499051E+22  4.0679400E-02  1.0000000E-99  1.0000000E-99
   93  7.1762111E+04  3.4790775E-01  2.7600812E+02  2.3487860E+22  4.1642167E-02  1.0000000E-99  1.0000000E-99
   94  7.2541771E+04  3.5168760E-01  2.7900681E+02  2.3476542E+22  4.2617563E-02  1.0000000E-99  1.0000000E-99
   95  7.3321431E+04  3.5546744E-01  2.8200550E+02  2.3465095E+22  4.3605652E-02  1.0000000E-99  1.0000000E-99
   96  7.4101091E+04  3.5924729E-01  2.8500419E+02  2.3453520E+22  4.4606502E-02  1.0000000E-99  1.0000000E-99
   97  7.4880750E+04  3.6302713E-01  2.8800289E+02  2.3441817E+22  4.5620181E-02  1.0000000E-99  1.0000000E-99
   98  7.5660410E+04  3.6680698E-01  2.9100158E+02  2.3429986E+22  4.6646758E-02  1.0000000E-99  1.0000000E-99
   99  7.6440070E+04  3.7058682E-01  2.9400027E+02  2.3418025E+22  4.7686303E-02  1.0000000E-99  1.0000000E-99
  100  7.7219730E+04  3.7436667E-01  2.9699896E+02  2.3405936E+22  4.8738888E-02  1.0000000E-99  1.0000000E-99
  101  7.7999390E+04  3.7814651E-01  2.9999765E+02  2.3393718E+22  4.9804584E-02  1.0000000E-99  1.0000000E-99
  102  7.8779050E+04  3.8192636E-01  3.0299635E+02  2.3381371E+22  5.0883467E-02  1.0000000E-99  1.0000000E-99
  103  7.9558710E+04  3.8570621E-01  3.0599504E+02  2.3368894E+22  5.1975609E-02  1.0000000E-99  1.0000000E-99
  104  8.0338369E+04  3.8948605E-01  3.0899373E+02  2.3356287E+22  5.3081088E-02  1.0000000E-99  1.0000000E-99
  105  8.1118029E+04  3.9326590E-01  3.1199242E+02  2.3343551E+22  5.4199979E-02  1.0000000E-99  1.0000000E-99
  106  8.1897689E+04  3.9704574E-01  3.1499111E+02  2.3330684E+22  5.5332362E-02  1.0000000E-99  1.0000000E-99
  107  8.2677349E+04  4.0082559E-01  3.1798980E+02  2.3317687E+22  5.6478315E-02  1.0000000E-99  1.0000000E-99
  108  8.3457009E+04  4.0460543E-01  3.2098850E+02  2.3304560E+22  5.7637918E-02  1.0000000E-99  1.0000000E-99
  109  8.4236669E+04  4.0838528E-01  3.2398719E+02  2.3291301E+22  5.8811255E-02  1.0000000E-99  1.0000000E-99
  110  8.5016329E+04  4.1216513E-01  3.2698588E+02  2.3277912E+22  5.9998407E-02  1.0000000E-99  1.0000000E-99
  111  8.5795988E+04  4.1594497E-01  3.2998457E+02  2.3264392E+22  6.1199459E-02  1.0000000E-99  1.0000000E-99
  112  8.6575648E+04  4.1972482E-01  3.3298326E+02  2.3250740E+22  6.2414496E-02  1.0000000E-99  1.0000000E-99
  113  8.7355308E+04  4.2350466E-01  3.3598195E+02  2.3236956E+22  6.3643605E-02  1.0000000E-99  1.0000000E-99
  114  8.8134968E+04  4.2728451E-01  3.3898065E+02  2.3223041E+22  6.4886875E-02  1.0000000E-99  1.0000000E-99
  115  8.8914628E+04  4.3106435E-01  3.4197934E+02  2.3208993E+22  6.6144394E-02  1.0000000E-99  1.0000000E-99
  116  8.9694288E+04  4.3484420E-01  3.4497803E+02  2.3194813E+22  6.7416253E-02  1.0000000E-99  1.0000000E-99
  117  9.0473948E+04  4.3862405E-01  3.4797672E+02  2.3180500E+22  6.8702545E-02  1.0000000E-99  1.0000000E-99
  118  9.1253607E+04  4.4240389E-01  3.5097541E+02  2.3166055E+22  7.0003362E-02  1.0000000E-99  1.0000000E-99
  119  9.2033267E+04  4.4618374E-01  3.5397410E+02  2.3151476E+22  7.1318800E-02  1.0000000E-99  1.0000000E-99
  120  9.2812927E+04  4.4996358E-01  3.5697280E+02  2.3136764E+22  7.2648955E-02  1.0000000E-99  1.0000000E-99
  121  9.3592587E+04  4.5374343E-01  3.5997149E+02  2.3121918E+22  7.3993924E-02  1.0000000E-99  1.0000000E-99
  122  9.4372247E+04  4.5752327E-01  3.6297018E+02  2.3106939E+22  7.5353806E-02  1.0000000E-99  1.0000000E-99
  123  9.5151907E+04  4.6130312E-01  3.6596887E+02  2.3091825E+22  7.6728702E-02  1.0000000E-99  1.0000000E-99
  124  9.5931567E+04  4.6508297E-01  3.6896756E+02  2.3076577E+22  7.8118715E-02  1.0000000E-99  1.0000000E-99
  125  9.6711226E+04  4.6886281E-01  3.7196626E+02  2.3061194E+22  7.9523947E-02  1.0000000E-99  1.0000000E-99
  126  9.7490886E+04  4.7264266E-01  3.7496495E+02  2.3045676E+22  8.0944503E-02  1.0000000E-99  1.0000000E-99
  127  9.8270546E+04  4.7642250E-01  3.7796364E+02  2.3030023E+22  8.2380491E-02  1.0000000E-99  1.0000000E-99
  128  9.9050206E+04  4.8020235E-01  3.8096233E+02  2.3014235E+22  8.3832018E-02  1.0000000E-99  1.0000000E-99
  129  9.9829866E+04  4.8398219E-01  3.8396102E+02  2.2998311E+22  8.5299194E-02  1.0000000E-99  1.0000000E-99
  130  1.0060953E+05  4.8776204E-01  3.8695971E+02  2.2982250E+22  8.6782131E-02  1.0000000E-99  1.0000000E-99
  131  1.0138919E+05  4.9154189E-01  3.8995841E+02  2.2966054E+22  8.8280941E-02  1.0000000E-99  1.0000000E-99
  132  1.0216885E+05  4.9532173E-01  3.9295710E+02  2.2949720E+22  8.9795739E-02  1.0000000E-99  1.0000000E-99
  133  1.0294851E+05  4.9910158E-01  3.9595579E+02  2.2933250E+22  9.1326641E-02  1.0000000E-99  1.0000000E-99
  134  1.0372817E+05  5.0288142E-01  3.9895448E+02  2.2916643E+22  9.2873766E-02  1.0000000E-99  1.0000000E-99
  135  1.0450782E+05  5.0666127E-01  4.0195317E+02  2.2899898E+22  9.4437233E-02  1.0000000E-99  1.0000000E-99
  136  1.0528748E+05  5.1044111E-01  4.0495186E+02  2.2883015E+22  9.6017164E-02  1.0000000E-99  1.0000000E-99
  137  1.0606714E+05  5.1422096E-01  4.0795056E+02  2.2865994E+22  9.7613681E-02  1.0000000E-99  1.0000000E-99
  138  1.0684680E+05  5.1800081E-01  4.1094925E+02  2.2848835E+22  9.9226911E-02  1.0000000E-99  1.0000000E-99
  139  1.0762646E+05  5.2178065E-01  4.1394794E+02  2.2831536E+22  1.0085698E-01  1.0000000E-99  1.0000000E-99
  140  1.0840612E+05  5.2556050E-01  4.1694663E+02  2.2814099E+22  1.0250402E-01  1.0000000E-99  1.0000000E-99
  141  1.0918578E+05  5.2934034E-01  4.1994532E+02  2.2796523E+22  1.0416815E-01  1.0000000E-99  1.0000000E-99
  142  1.0996544E+05  5.3312019E-01  4.2294402E+02  2.2778806E+22  1.0584952E-01  1.0000000E-99  1.0000000E-99
  143  1.1074510E+05  5.3690003E-01  4.2594271E+02  2.2760950E+22  1.0754825E-01  1.0000000E-99  1.0000000E-99
  144  1.1152476E+05  5.4067988E-01  4.2894140E+02  2.2742954E+22  1.0926448E-01  1.0000000E-99  1.0000000E-99
  145  1.1230442E+05  5.4445973E-01  4.3194009E+02  2.2724816E+22  1.1099836E-01  1.0000000E-99  1.0000000E-99
  146  1.1308408E+05  5.4823957E-01  4.3493878E+02  2.2706538E+22  1.1275002E-01  1.0000000E-99  1.0000000E-99
  147  1.1386374E+05  5.5201942E-01  4.3793747E+02  2.2688118E+22  1.1451960E-01  1.0000000E-99  1.0000000E-99
  148  1.1464340E+05  5.5579926E-01  4.4093617E+02  2.2669557E+22  1.1630724E-01  1.0000000E-99  1.0000000E-99
  149  1.1542306E+05  5.5957911E-01  4.4393486E+02  2.2650853E+22  1.1811311E-01  1.0000000E-99  1.0000000E-99
  150  1.1620272E+05  5.6335895E-01  4.4693355E+02  2.2632007E+22  1.1993734E-01  1.0000000E-99  1.0000000E-99
  151  1.1698238E+05  5.6713880E-01  4.4993224E+02  2.2613018E+22  1.2178009E-01  1.0000000E-99  1.0000000E-99
  152  1.1776204E+05  5.7091864E-01  4.5293093E+02  2.2593887E+22  1.2364150E-01  1.0000000E-99  1.0000000E-99
  153  1.1854170E+05  5.7469849E-01  4.5592962E+02  2.2574611E+22  1.2552174E-01  1.0000000E-99  1.0000000E-99
  154  1.1932136E+05  5.7847834E-01  4.5892832E+02  2.2555192E+22  1.2742097E-01  1.0000000E-99  1.0000000E-99
  155  1.2010102E+05  5.8225818E-01  4.6192701E+02  2.2535629E+22  1.2933933E-01  1.0000000E-99  1.0000000E-99
  156  1.2088068E+05  5.8603803E-01  4.6492570E+02  2.2515920E+22  1.3127701E-01  1.0000000E-99  1.0000000E-99
  157  1.2166034E+05  5.8981787E-01  4.6792439E+02  2.2496067E+22  1.3323416E-01  1.0000000E-99  1.0000000E-99
  158  1.2244000E+05  5.9359772E-01  4.7092308E+02  2.2476069E+22  1.3521094E-01  1.0000000E-99  1.0000000E-99
  159  1.2321966E+05  5.9737756E-01  4.7392178E+02  2.2455925E+22  1.3720754E-01  1.0000000E-99  1.0000000E-99
  160  1.2399932E+05  6.0115741E-01  4.7692047E+02  2.2435634E+22  1.3922412E-01  1.0000000E-99  1.0000000E-99
  161  1.2477898E+05  6.0493726E-01  4.7991916E+02  2.2415197E+22  1.4126085E-01  1.0000000E-99  1.0000000E-99
  162  1.2555864E+05  6.0871710E-01  4.8291785E+02  2.2394614E+22  1.4331793E-01  1.0000000E-99  1.0000000E-99
  163  1.2633830E+05  6.1249695E-01  4.8591654E+02  2.2373882E+22  1.4539552E-01  1.0000000E-99  1.0000000E-99
  164  1.2711796E+05  6.1627679E-01  4.8891523E+02  2.2353003E+22  1.4749381E-01  1.0000000E-99  1.0000000E-99
  165  1.2789762E+05  6.2005664E-01  4.9191393E+02  2.2331976E+22  1.4961298E-01  1.0000000E-99  1.0000000E-99
  166  1.2867728E+05  6.2383648E-01  4.9491262E+02  2.2310800E+22  1.5175324E-01  1.0000000E-99  1.0000000E-99
  167  1.2945694E+05  6.2761633E-01  4.9791131E+02  2.2289475E+22  1.5391475E-01  1.0000000E-99  1.0000000E-99
  168  1.3023660E+05  6.3139618E-01  5.0091000E+02  2.2268001E+22  1.5609774E-01  1.0000000E-99  1.0000000E-99
  169  1.3101626E+05  6.3517602E-01  5.0390869E+02  2.2246377E+22  1.5830238E-01  1.0000000E-99  1.0000000E-99
  170  1.3179592E+05  6.3895587E-01  5.0690738E+02  2.2224602E+22  1.6052888E-01  1.0000000E-99  1.0000000E-99
  171  1.3257558E+05  6.4273571E-01  5.0990608E+02  2.2202677E+22  1.6277744E-01  1.0000000E-99  1.0000000E-99
  172  1.3335524E+05  6.4651556E-01  5.1290477E+02  2.2180601E+22  1.6504828E-01  1.0000000E-99  1.0000000E-99
  173  1.3413490E+05  6.5029540E-01  5.1590346E+02  2.2158372E+22  1.6734159E-01  1.0000000E-99  1.0000000E-99
  174  1.3491456E+05  6.5407525E-01  5.1890215E+02  2.2135992E+22  1.6965760E-01  1.0000000E-99  1.0000000E-99
  175  1.3569422E+05  6.5785510E-01  5.2190084E+02  2.2113459E+22  1.7199653E-01  1.0000000E-99  1.0000000E-99
  176  1.3647388E+05  6.6163494E-01  5.2489953E+02  2.2090773E+22  1.7435858E-01  1.0000000E-99  1.0000000E-99
  177  1.3725354E+05  6.6541479E-01  5.2789823E+02  2.2067934E+22  1.7674398E-01  1.0000000E-99  1.0000000E-99
  178  1.3803320E+05  6.6919463E-01  5.3089692E+02  2.2044940E+22  1.7915297E-01  1.0000000E-99  1.0000000E-99
  179  1.3881286E+05  6.7297448E-01  5.3389561E+02  2.2021792E+22  1.8158577E-01  1.0000000E-99  1.0000000E-99
  180  1.3959252E+05  6.7675432E-01  5.3689430E+02  2.1998489E+22  1.8404261E-01  1.0000000E-99  1.0000000E-99
  181  1.4037218E+05  6.8053417E-01  5.3989299E+02  2.1975031E+22  1.8652374E-01  1.0000000E-99  1.0000000E-99
  182  1.4115184E+05  6.8431402E-01  5.4289169E+02  2.1951417E+22  1.8902939E-01  1.0000000E-99  1.0000000E-99
  183  1.4193150E+05  6.8809386E-01  5.4589038E+02  2.1927646E+22  1.9155981E-01  1.0000000E-99  1.0000000E-99
  184  1.4271116E+05  6.9187371E-01  5.4888907E+02  2.1903718E+22  1.9411525E-01  1.0000000E-99  1.0000000E-99
  185  1.4349082E+05  6.9565355E-01  5.5188776E+02  2.1879633E+22  1.9669595E-01  1.0000000E-99  1.0000000E-99
  186  1.4427048E+05  6.9943340E-01  5.5488645E+02  2.1855389E+22  1.9930219E-01  1.0000000E-99  1.0000000E-99
  187  1.4505014E+05  7.0321324E-01  5.5788514E+02  2.1830987E+22  2.0193421E-01  1.0000000E-99  1.0000000E-99
  188  1.4582980E+05  7.0699309E-01  5.6088384E+02  2.1806426E+22  2.0459229E-01  1.0000000E-99  1.0000000E-99
  189  1.4660946E+05  7.1077294E-01  5.6388253E+02  2.1781706E+22  2.0727669E-01  1.0000000E-99  1.0000000E-99
  190  1.4738912E+05  7.1455278E-01  5.6688122E+02  2.1756825E+22  2.0998768E-01  1.0000000E-99  1.0000000E-99
  191  1.4816878E+05  7.1833263E-01  5.6987991E+02  2.1731784E+22  2.1272555E-01  1.0000000E-99  1.0000000E-99
  192  1.4894844E+05  7.2211247E-01  5.7287860E+02  2.1706581E+22  2.1549058E-01  1.0000000E-99  1.0000000E-99
  193  1.4972810E+05  7.2589232E-01  5.7587729E+02  2.1681217E+22  2.1828305E-01  1.0000000E-99  1.0000000E-99
  194  1.5050776E+05  7.2967216E-01  5.7887599E+02  2.1655690E+22  2.2110325E-01  1.0000000E-99  1.0000000E-99
  195  1.5128742E+05  7.3345201E-01  5.8187468E+02  2.1630000E+22  2.2395149E-01  1.0000000E-99  1.0000000E-99
  196  1.5206708E+05  7.3723186E-01  5.8487337E+02  2.1604146E+22  2.2682806E-01  1.0000000E-99  1.0000000E-99
  197  1.5284674E+05  7.4101170E-01  5.8787206E+02  2.1578129E+22  2.2973327E-01  1.0000000E-99  1.0000000E-99
  198  1.5362640E+05  7.4479155E-01  5.9087075E+02  2.1551946E+22  2.3266743E-01  1.0000000E-99  1.0000000E-99
  199  1.5440606E+05  7.4857139E-01  5.9386945E+02  2.1525599E+22  2.3563085E-01  1.0000000E-99  1.0000000E-99
  200  1.5518572E+05  7.5235124E-01  5.9686814E+02  2.1499085E+22  2.3862386E-01  1.0000000E-99  1.0000000E-99
  201  1.5596538E+05  7.5613108E-01  5.9986683E+02  2.1472405E+22  2.4164679E-01  1.0000000E-99  1.0000000E-99
  202  1.5674504E+05  7.5991093E-01  6.0286552E+02  2.1445558E+22  2.4469996E-01  1.0000000E-99  1.0000000E-99
  203  1.5752470E+05  7.6369078E-01  6.0586421E+02  2.1418543E+22  2.4778372E-01  1.0000000E-99  1.0000000E-99
  204  1.5830436E+05  7.6747062E-01  6.0886290E+02  2.1391359E+22  2.5089840E-01  1.0000000E-99  1.0000000E-99
  205  1.5908401E+05  7.7125047E-01  6.1186160E+02  2.1364007E+22  2.5404436E-01  1.0000000E-99  1.0000000E-99
  206  1.5986367E+05  7.7503031E-01  6.1486029E+02  2.1336484E+22  2.5722196E-01  1.0000000E-99  1.0000000E-99
  207  1.6064333E+05  7.7881016E-01  6.1785898E+02  2.1308791E+22  2.6043154E-01  1.0000000E-99  1.0000000E-99
  208  1.6142299E+05  7.8259000E-01  6.2085767E+02  2.1280928E+22  2.6367349E-01  1.0000000E-99  1.0000000E-99
  209  1.6220265E+05  7.8636985E-01  6.2385636E+02  2.1252892E+22  2.6694816E-01  1.0000000E-99  1.0000000E-99
  210  1.6298231E+05  7.9014969E-01  6.2685505E+02  2.1224684E+22  2.7025595E-01  1.0000000E-99  1.0000000E-99
  211  1.6376197E+05  7.9392954E-01  6.2985375E+02  2.1196303E+22  2.7359724E-01  1.0000000E-99  1.0000000E-99
  212  1.6454163E+05  7.9770939E-01  6.3285244E+02  2.1167748E+22  2.7697242E-01  1.0000000E-99  1.0000000E-99
  213  1.6532129E+05  8.0148923E-01  6.3585113E+02  2.1139019E+22  2.8038189E-01  1.0000000E-99  1.0000000E-99
  214  1.6610095E+05  8.0526908E-01  6.3884982E+02  2.1110114E+22  2.8382606E-01  1.0000000E-99  1.0000000E-99
  215  1.6688061E+05  8.0904892E-01  6.4184851E+02  2.1081034E+22  2.8730533E-01  1.0000000E-99  1.0000000E-99
  216  1.6766027E+05  8.1282877E-01  6.4484721E+02  2.1051777E+22  2.9082014E-01  1.0000000E-99  1.0000000E-99
  217  1.6843993E+05  8.1660861E-01  6.4784590E+02  2.1022342E+22  2.9437091E-01  1.0000000E-99  1.0000000E-99
  218  1.6921959E+05  8.2038846E-01  6.5084459E+02  2.0992729E+22  2.9795807E-01  1.0000000E-99  1.0000000E-99
  219  1.6999925E+05  8.2416831E-01  6.5384328E+02  2.0962938E+22  3.0158207E-01  1.0000000E-99  1.0000000E-99
  220  1.7077891E+05  8.2794815E-01  6.5684197E+02  2.0932966E+22  3.0524336E-01  1.0000000E-99  1.0000000E-99
  221  1.7155857E+05  8.3172800E-01  6.5984066E+02  2.0902815E+22  3.0894240E-01  1.0000000E-99  1.0000000E-99
  222  1.7233823E+05  8.3550784E-01  6.6283936E+02  2.0872482E+22  3.1267965E-01  1.0000000E-99  1.0000000E-99
  223  1.7311789E+05  8.3928769E-01  6.6583805E+02  2.0841967E+22  3.1645559E-01  1.0000000E-99  1.0000000E-99
  224  1.7389755E+05  8.4306753E-01  6.6883674E+02  2.0811269E+22  3.2027070E-01  1.0000000E-99  1.0000000E-99
  225  1.7467721E+05  8.4684738E-01  6.7183543E+02  2.0780388E+22  3.2412549E-01  1.0000000E-99  1.0000000E-99
  226  1.7545687E+05  8.5062723E-01  6.7483412E+02  2.0749322E+22  3.2802044E-01  1.0000000E-99  1.0000000E-99
  227  1.7623653E+05  8.5440707E-01  6.7783281E+02  2.0718071E+22  3.3195607E-01  1.0000000E-99  1.0000000E-99
  228  1.7701619E+05  8.5818692E-01  6.8083151E+02  2.0686633E+22  3.3593290E-01  1.0000000E-99  1.0000000E-99
  229  1.7779585E+05  8.6196676E-01  6.8383020E+02  2.0655009E+22  3.3995146E-01  1.0000000E-99  1.0000000E-99
  230  1.7857551E+05  8.6574661E-01  6.8682889E+02  2.0623197E+22  3.4401229E-01  1.0000000E-99  1.0000000E-99
  231  1.7935517E+05  8.6952645E-01  6.8982758E+02  2.0591197E+22  3.4811594E-01  1.0000000E-99  1.0000000E-99
  232  1.8013483E+05  8.7330630E-01  6.9282627E+02  2.0559006E+22  3.5226296E-01  1.0000000E-99  1.0000000E-99
  233  1.8091449E+05  8.7708615E-01  6.9582496E+02  2.0526626E+22  3.5645393E-01  1.0000000E-99  1.0000000E-99
  234  1.8169415E+05  8.8086599E-01  6.9882366E+02  2.0494054E+22  3.6068943E-01  1.0000000E-99  1.0000000E-99
  235  1.8247381E+05  8.8464584E-01  7.0182235E+02  2.0461289E+22  3.6497005E-01  1.0000000E-99  1.0000000E-99
  236  1.8325347E+05  8.8842568E-01  7.0482104E+02  2.0428332E+22  3.6929639E-01  1.0000000E-99  1.0000000E-99
  237  1.8403313E+05  8.9220553E-01  7.0781973E+02  2.0395180E+22  3.7366906E-01  1.0000000E-99  1.0000000E-99
  238  1.8481279E+05  8.9598537E-01  7.1081842E+02  2.0361833E+22  3.7808870E-01  1.0000000E-99  1.0000000E-99
  239  1.8559245E+05  8.9976522E-01  7.1381712E+02  2.0328290E+22  3.8255594E-01  1.0000000E-99  1.0000000E-99
  240  1.8637211E+05  9.0354507E-01  7.1681581E+02  2.0294550E+22  3.8707142E-01  1.0000000E-99  1.0000000E-99
  241  1.8715177E+05  9.0732491E-01  7.1981450E+02  2.0260613E+22  3.9163582E-01  1.0000000E-99  1.0000000E-99
  242  1.8793143E+05  9.1110476E-01  7.2281319E+02  2.0226476E+22  3.9624980E-01  1.0000000E-99  1.0000000E-99
  243  1.8871109E+05  9.1488460E-01  7.2581188E+02  2.0192139E+22  4.0091406E-01  1.0000000E-99  1.0000000E-99
  244  1.8949075E+05  9.1866445E-01  7.2881057E+02  2.0157601E+22  4.0562929E-01  1.0000000E-99  1.0000000E-99
  245  1.9027041E+05  9.2244429E-01  7.3180927E+02  2.0122861E+22  4.1039622E-01  1.0000000E-99  1.0000000E-99
  246  1.9105007E+05  9.2622414E-01  7.3480796E+02  2.0087918E+22  4.1521556E-01  1.0000000E-99  1.0000000E-99
  247  1.9182973E+05  9.3000399E-01  7.3780665E+02  2.0052770E+22  4.2008807E-01  1.0000000E-99  1.0000000E-99
  248  1.9260939E+05  9.3378383E-01  7.4080534E+02  2.0017418E+22  4.2501451E-01  1.0000000E-99  1.0000000E-99
  249  1.9338905E+05  9.3756368E-01  7.4380403E+02  1.9981859E+22  4.2999565E-01  1.0000000E-99  1.0000000E-99
  250  1.9416871E+05  9.4134352E-01  7.4680272E+02  1.9946093E+22  4.3503227E-01  1.0000000E-99  1.0000000E-99
  251  1.9494837E+05  9.4512337E-01  7.4980142E+02  1.9910118E+22  4.4012519E-01  1.0000000E-99  1.0000000E-99
  252  1.9572803E+05  9.4890321E-01  7.5280011E+02  1.9873933E+22  4.4527522E-01  1.0000000E-99  1.0000000E-99
  253  1.9650769E+05  9.5268306E-01  7.5579880E+02  1.9837537E+22  4.5048320E-01  1.0000000E-99  1.0000000E-99
  254  1.9728735E+05  9.5646291E-01  7.5879749E+02  1.9800930E+22  4.5575000E-01  1.0000000E-99  1.0000000E-99
  255  1.9806701E+05  9.6024275E-01  7.6179618E+02  1.9764109E+22  4.6107647E-01  1.0000000E-99  1.0000000E-99
  256  1.9884667E+05  9.6402260E-01  7.6479488E+02  1.9727074E+22  4.6646352E-01  1.0000000E-99  1.0000000E-99
  257  1.9962633E+05  9.6780244E-01  7.6779357E+02  1.9689824E+22  4.7191206E-01  1.0000000E-99  1.0000000E-99
  258  2.0040599E+05  9.7158229E-01  7.7079226E+02  1.9652356E+22  4.7742301E-01  1.0000000E-99  1.0000000E-99
  259  2.0118565E+05  9.7536213E-01  7.7379095E+02  1.9614671E+22  4.8299731E-01  1.0000000E-99  1.0000000E-99
  260  2.0196531E+05  9.7914198E-01  7.7678964E+02  1.9576766E+22  4.8863595E-01  1.0000000E-99  1.0000000E-99
  261  2.0274497E+05  9.8292182E-01  7.7978833E+02  1.9538640E+22  4.9433990E-01  1.0000000E-99  1.0000000E-99
  262  2.0352463E+05  9.8670167E-01  7.8278703E+02  1.9500293E+22  5.0011018E-01  1.0000000E-99  1.0000000E-99
  263  2.0430429E+05  9.9048152E-01  7.8578572E+02  1.9461722E+22  5.0594782E-01  1.0000000E-99  1.0000000E-99
  264  2.0508395E+05  9.9426136E-01  7.8878441E+02  1.9422927E+22  5.1185387E-01  1.0000000E-99  1.0000000E-99
  265  2.0586361E+05  9.9804121E-01  7.9178310E+02  1.9383906E+22  5.1782941E-01  1.0000000E-99  1.0000000E-99
  266  2.0664327E+05  1.0018211E+00  7.9478179E+02  1.9344658E+22  5.2387554E-01  1.0000000E-99  1.0000000E-99
  267  2.0742293E+05  1.0056009E+00  7.9778048E+02  1.9305181E+22  5.2999338E-01  1.0000000E-99  1.0000000E-99
  268  2.0820259E+05  1.0093807E+00  8.0077918E+02  1.9265475E+22  5.3618408E-01  1.0000000E-99  1.0000000E-99
  269  2.0898225E+05  1.0131606E+00  8.0377787E+02  1.9225536E+22  5.4244882E-01  1.0000000E-99  1.0000000E-99
  270  2.0976191E+05  1.0169404E+00  8.0677656E+02  1.9185365E+22  5.4878879E-01  1.0000000E-99  1.0000000E-99
  271  2.1054157E+05  1.0207203E+00  8.0977525E+02  1.9144959E+22  5.5520522E-01  1.0000000E-99  1.0000000E-99
  272  2.1132123E+05  1.0245001E+00  8.1277394E+02  1.9104318E+22  5.6169936E-01  1.0000000E-99  1.0000000E-99
  273  2.1210089E+05  1.0282800E+00  8.1577264E+02  1.9063439E+22  5.6827251E-01  1.0000000E-99  1.0000000E-99
  274  2.1288054E+05  1.0320598E+00  8.1877133E+02  1.9022321E+22  5.7492596E-01  1.0000000E-99  1.0000000E-99
  275  2.1366020E+05  1.0358397E+00  8.2177002E+02  1.8980963E+22  5.8166106E-01  1.0000000E-99  1.0000000E-99
  276  2.1443986E+05  1.0396195E+00  8.2476871E+02  1.8939363E+22  5.8847918E-01  1.0000000E-99  1.0000000E-99
  277  2.1521952E+05  1.0433994E+00  8.2776740E+02  1.8897519E+22  5.9538173E-01  1.0000000E-99  1.0000000E-99
  278  2.1599918E+05  1.0471792E+00  8.3076609E+02  1.8855430E+22  6.0237015E-01  1.0000000E-99  1.0000000E-99
  279  2.1677884E+05  1.0509590E+00  8.3376479E+02  1.8813094E+22  6.0944589E-01  1.0000000E-99  1.0000000E-99
  280  2.1755850E+05  1.0547389E+00  8.3676348E+02  1.8770509E+22  6.1661048E-01  1.0000000E-99  1.0000000E-99
  281  2.1833816E+05  1.0585187E+00  8.3976217E+02  1.8727675E+22  6.2386544E-01  1.0000000E-99  1.0000000E-99
  282  2.1911782E+05  1.0622986E+00  8.4276086E+02  1.8684588E+22  6.3121235E-01  1.0000000E-99  1.0000000E-99
  283  2.1989748E+05  1.0660784E+00  8.4575955E+02  1.8641247E+22  6.3865283E-01  1.0000000E-99  1.0000000E-99
  284  2.2067714E+05  1.0698583E+00  8.4875824E+02  1.8597651E+22  6.4618853E-01  1.0000000E-99  1.0000000E-99
  285  2.2145680E+05  1.0736381E+00  8.5175694E+02  1.8553798E+22  6.5382115E-01  1.0000000E-99  1.0000000E-99
  286  2.2223646E+05  1.0774180E+00  8.5475563E+02  1.8509685E+22  6.6155241E-01  1.0000000E-99  1.0000000E-99
  287  2.2301612E+05  1.0811978E+00  8.5775432E+02  1.8465312E+22  6.6938409E-01  1.0000000E-99  1.0000000E-99
  288  2.2379578E+05  1.0849777E+00  8.6075301E+02  1.8420676E+22  6.7731802E-01  1.0000000E-99  1.0000000E-99
  289  2.2457544E+05  1.0887575E+00  8.6375170E+02  1.8375774E+22  6.8535605E-01  1.0000000E-99  1.0000000E-99
  290  2.2535510E+05  1.0925373E+00  8.6675039E+02  1.8330607E+22  6.9350010E-01  1.0000000E-99  1.0000000E-99
  291  2.2613476E+05  1.0963172E+00  8.6974909E+02  1.8285170E+22  7.0175214E-01  1.0000000E-99  1.0000000E-99
  292  2.2691442E+05  1.1000970E+00  8.7274778E+02  1.8239463E+22  7.1011415E-01  1.0000000E-99  1.0000000E-99
  293  2.2769408E+05  1.1038769E+00  8.7574647E+02  1.8193483E+22  7.1858822E-01  1.0000000E-99  1.0000000E-99
  294  2.2847374E+05  1.1076567E+00  8.7874516E+02  1.8147228E+22  7.2717644E-01  1.0000000E-99  1.0000000E-99
  295  2.2925340E+05  1.1114366E+00  8.8174385E+02  1.8100696E+22  7.3588099E-01  1.0000000E-99  1.0000000E-99
  296  2.3003306E+05  1.1152164E+00  8.8474255E+02  1.8053885E+22  7.4470408E-01  1.0000000E-99  1.0000000E-99
  297  2.3081272E+05  1.1189963E+00  8.8774124E+02  1.8006793E+22  7.5364800E-01  1.0000000E-99  1.0000000E-99
  298  2.3159238E+05  1.1227761E+00  8.9073993E+02  1.7959417E+22  7.6271509E-01  1.0000000E-99  1.0000000E-99
  299  2.3237204E+05  1.1265560E+00  8.9373862E+02  1.7911756E+22  7.7190774E-01  1.0000000E-99  1.0000000E-99
  300  2.3315170E+05  1.1303358E+00  8.9673731E+02  1.7863806E+22  7.8122843E-01  1.0000000E-99  1.0000000E-99
  301  2.3393136E+05  1.1341157E+00  8.9973600E+02  1.7815566E+22  7.9067967E-01  1.0000000E-99  1.0000000E-99
  302  2.3471102E+05  1.1378955E+00  9.0273470E+02  1.7767034E+22  8.0026408E-01  1.0000000E-99  1.0000000E-99
  303  2.3549068E+05  1.1416753E+00  9.0573339E+02  1.7718206E+22  8.0998432E-01  1.0000000E-99  1.0000000E-99
  304  2.3627034E+05  1.1454552E+00  9.0873208E+02  1.7669081E+22  8.1984313E-01  1.0000000E-99  1.0000000E-99
  305  2.3705000E+05  1.1492350E+00  9.1173077E+02  1.7619656E+22  8.2984333E-01  1.0000000E-99  1.0000000E-99
  306  2.3782966E+05  1.1530149E+00  9.1472946E+02  1.7569928E+22  8.3998782E-01  1.0000000E-99  1.0000000E-99
  307  2.3860932E+05  1.1567947E+00  9.1772815E+02  1.7519896E+22  8.5027956E-01  1.0000000E-99  1.0000000E-99
  308  2.3938898E+05  1.1605746E+00  9.2072685E+02  1.7469555E+22  8.6072161E-01  1.0000000E-99  1.0000000E-99
  309  2.4016864E+05  1.1643544E+00  9.2372554E+02  1.7418904E+22  8.7131713E-01  1.0000000E-99  1.0000000E-99
  310  2.4094830E+05  1.1681343E+00  9.2672423E+02  1.7367940E+22  8.8206934E-01  1.0000000E-99  1.0000000E-99
  311  2.4172796E+05  1.1719141E+00  9.2972292E+02  1.7316659E+22  8.9298157E-01  1.0000000E-99  1.0000000E-99
  312  2.4250762E+05  1.1756940E+00  9.3272161E+02  1.7265061E+22  9.0405723E-01  1.0000000E-99  1.0000000E-99
  313  2.4328728E+05  1.1794738E+00  9.3572031E+02  1.7213140E+22  9.1529986E-01  1.0000000E-99  1.0000000E-99
  314  2.4406694E+05  1.1832536E+00  9.3871900E+02  1.7160895E+22  9.2671308E-01  1.0000000E-99  1.0000000E-99
  315  2.4484660E+05  1.1870335E+00  9.4171769E+02  1.7108323E+22  9.3830060E-01  1.0000000E-99  1.0000000E-99
  316  2.4562626E+05  1.1908133E+00  9.4471638E+02  1.7055420E+22  9.5006629E-01  1.0000000E-99  1.0000000E-99
  317  2.4640592E+05  1.1945932E+00  9.4771507E+02  1.7002183E+22  9.6201408E-01  1.0000000E-99  1.0000000E-99
  318  2.4718558E+05  1.1983730E+00  9.5071376E+02  1.6948609E+22  9.7414805E-01  1.0000000E-99  1.0000000E-99
  319  2.4796524E+05  1.2021529E+00  9.5371246E+02  1.6894696E+22  9.8647241E-01  1.0000000E-99  1.0000000E-99
  320  2.4874490E+05  1.2059327E+00  9.5671115E+02  1.6840440E+22  9.9899147E-01  1.0000000E-99  1.0000000E-99
  321  2.4952456E+05  1.2097126E+00  9.5970984E+02  1.6785836E+22  1.0117097E+00  1.0000000E-99  1.0000000E-99
  322  2.5030422E+05  1.2134924E+00  9.6270853E+02  1.6730883E+22  1.0246317E+00  1.0000000E-99  1.0000000E-99
  323  2.5108388E+05  1.2172723E+00  9.6570722E+02  1.6675577E+22  1.0377622E+00  1.0000000E-99  1.0000000E-99
  324  2.5186354E+05  1.2210521E+00  9.6870591E+02  1.6619913E+22  1.0511061E+00  1.0000000E-99  1.0000000E-99
  325  2.5264320E+05  1.2248319E+00  9.7170461E+02  1.6563890E+22  1.0646684E+00  1.0000000E-99  1.0000000E-99
  326  2.5342286E+05  1.2286118E+00  9.7470330E+02  1.6507501E+22  1.0784543E+00  1.0000000E-99  1.0000000E-99
  327  2.5420252E+05  1.2323916E+00  9.7770199E+02  1.6450745E+22  1.0924693E+00  1.0000000E-99  1.0000000E-99
  328  2.5498218E+05  1.2361715E+00  9.8070068E+02  1.6393618E+22  1.1067188E+00  1.0000000E-99  1.0000000E-99
  329  2.5576184E+05  1.2399513E+00  9.8369937E+02  1.6336114E+22  1.1212086E+00  1.0000000E-99  1.0000000E-99
  330  2.5654150E+05  1.2437312E+00  9.8669807E+02  1.6278231E+22  1.1359446E+00  1.0000000E-99  1.0000000E-99
  331  2.5732116E+05  1.2475110E+00  9.8969676E+02  1.6219964E+22  1.1509330E+00  1.0000000E-99  1.0000000E-99
  332  2.5810082E+05  1.2512909E+00  9.9269545E+02  1.6161309E+22  1.1661800E+00  1.0000000E-99  1.0000000E-99
  333  2.5888048E+05  1.2550707E+00  9.9569414E+02  1.6102262E+22  1.1816922E+00  1.0000000E-99  1.0000000E-99
  334  2.5966014E+05  1.2588506E+00  9.9869283E+02  1.6042819E+22  1.1974763E+00  1.0000000E-99  1.0000000E-99
  335  2.6043980E+05  1.2626304E+00  1.0016915E+03  1.5982975E+22  1.2135393E+00  1.0000000E-99  1.0000000E-99
  336  2.6121946E+05  1.2664103E+00  1.0046902E+03  1.5922726E+22  1.2298885E+00  1.0000000E-99  1.0000000E-99
  337  2.6199912E+05  1.2701901E+00  1.0076889E+03  1.5862066E+22  1.2465314E+00  1.0000000E-99  1.0000000E-99
  338  2.6277878E+05  1.2739699E+00  1.0106876E+03  1.5800992E+22  1.2634757E+00  1.0000000E-99  1.0000000E-99
  339  2.6355844E+05  1.2777498E+00  1.0136863E+03  1.5739498E+22  1.2807293E+00  1.0000000E-99  1.0000000E-99
  340  2.6433810E+05  1.2815296E+00  1.0166850E+03  1.5677580E+22  1.2983008E+00  1.0000000E-99  1.0000000E-99
  341  2.6511776E+05  1.2853095E+00  1.0196837E+03  1.5615232E+22  1.3161986E+00  1.0000000E-99  1.0000000E-99
  342  2.6589742E+05  1.2890893E+00  1.0226824E+03  1.5552450E+22  1.3344317E+00  1.0000000E-99  1.0000000E-99
  343  2.6667708E+05  1.2928692E+00  1.0256811E+03  1.5489228E+22  1.3530094E+00  1.0000000E-99  1.0000000E-99
  344  2.6745673E+05  1.2966490E+00  1.0286797E+03  1.5425560E+22  1.3719413E+00  1.0000000E-99  1.0000000E-99
  345  2.6823639E+05  1.3004289E+00  1.0316784E+03  1.5361441E+22  1.3912373E+00  1.0000000E-99  1.0000000E-99
  346  2.6901605E+05  1.3042087E+00  1.0346771E+03  1.5296866E+22  1.4109078E+00  1.0000000E-99  1.0000000E-99
  347  2.6979571E+05  1.3079886E+00  1.0376758E+03  1.5231828E+22  1.4309636E+00  1.0000000E-99  1.0000000E-99
  348  2.7057537E+05  1.3117684E+00  1.0406745E+03  1.5166322E+22  1.4514158E+00  1.0000000E-99  1.0000000E-99
  349  2.7135503E+05  1.3155482E+00  1.0436732E+03  1.5100342E+22  1.4722761E+00  1.0000000E-99  1.0000000E-99
  350  2.7213469E+05  1.3193281E+00  1.0466719E+03  1.5033880E+22  1.4935564E+00  1.0000000E-99  1.0000000E-99
  351  2.7291435E+05  1.3231079E+00  1.0496706E+03  1.4966932E+22  1.5152694E+00  1.0000000E-99  1.0000000E-99
  352  2.7369401E+05  1.3268878E+00  1.0526693E+03  1.4899490E+22  1.5374280E+00  1.0000000E-99  1.0000000E-99
  353  2.7447367E+05  1.3306676E+00  1.0556680E+03  1.4831548E+22  1.5600459E+00  1.0000000E-99  1.0000000E-99
  354  2.7525333E+05  1.3344475E+00  1.0586667E+03  1.4763098E+22  1.5831373E+00  1.0000000E-99  1.0000000E-99
  355  2.7603299E+05  1.3382273E+00  1.0616654E+03  1.4694134E+22  1.6067167E+00  1.0000000E-99  1.0000000E-99
  356  2.7681265E+05  1.3420072E+00  1.0646641E+03  1.4624648E+22  1.6307997E+00  1.0000000E-99  1.0000000E-99
  357  2.7759231E+05  1.3457870E+00  1.0676627E+03  1.4554633E+22  1.6554021E+00  1.0000000E-99  1.0000000E-99
  358  2.7837197E+05  1.3495669E+00  1.0706614E+03  1.4484082E+22  1.6805407E+00  1.0000000E-99  1.0000000E-99
  359  2.7915163E+05  1.3533467E+00  1.0736601E+03  1.4412985E+22  1.7062329E+00  1.0000000E-99  1.0000000E-99
  360  2.7993129E+05  1.3571265E+00  1.0766588E+03  1.4341336E+22  1.7324968E+00  1.0000000E-99  1.0000000E-99
  361  2.8071095E+05  1.3609064E+00  1.0796575E+03  1.4269126E+22  1.7593514E+00  1.0000000E-99  1.0000000E-99
  362  2.8149061E+05  1.3646862E+00  1.0826562E+03  1.4196346E+22  1.7868167E+00  1.0000000E-99  1.0000000E-99
  363  2.8227027E+05  1.3684661E+00  1.0856549E+03  1.4122987E+22  1.8149132E+00  1.0000000E-99  1.0000000E-99
  364  2.8304993E+05  1.3722459E+00  1.0886536E+03  1.4049041E+22  1.8436626E+00  1.0000000E-99  1.0000000E-99
  365  2.8382959E+05  1.3760258E+00  1.0916523E+03  1.3974498E+22  1.8730878E+00  1.0000000E-99  1.0000000E-99
  366  2.8460925E+05  1.3798056E+00  1.0946510E+03  1.3899348E+22  1.9032123E+00  1.0000000E-99  1.0000000E-99
  367  2.8538891E+05  1.3835855E+00  1.0976497E+03  1.3823583E+22  1.9340612E+00  1.0000000E-99  1.0000000E-99
  368  2.8616857E+05  1.3873653E+00  1.1006484E+03  1.3747190E+22  1.9656604E+00  1.0000000E-99  1.0000000E-99
  369  2.8694823E+05  1.3911452E+00  1.1036470E+03  1.3670161E+22  1.9980373E+00  1.0000000E-99  1.0000000E-99
  370  2.8772789E+05  1.3949250E+00  1.1066457E+03  1.3592483E+22  2.0312206E+00  1.0000000E-99  1.0000000E-99
  371  2.8850755E+05  1.3987049E+00  1.1096444E+03  1.3514147E+22  2.0652404E+00  1.0000000E-99  1.0000000E-99
  372  2.8928721E+05  1.4024847E+00  1.1126431E+03  1.3435140E+22  2.1001284E+00  1.0000000E-99  1.0000000E-99
  373  2.9006687E+05  1.4062645E+00  1.1156418E+03  1.3355450E+22  2.1359178E+00  1.0000000E-99  1.0000000E-99
  374  2.9084653E+05  1.4100444E+00  1.1186405E+03  1.3275065E+22  2.1726436E+00  1.0000000E-99  1.0000000E-99
  375  2.9162619E+05  1.4138242E+00  1.1216392E+03  1.3193973E+22  2.2103426E+00  1.0000000E-99  1.0000000E-99
  376  2.9240585E+05  1.4176041E+00  1.1246379E+03  1.3112161E+22  2.2490537E+00  1.0000000E-99  1.0000000E-99
  377  2.9318551E+05  1.4213839E+00  1.1276366E+03  1.3029614E+22  2.2888176E+00  1.0000000E-99  1.0000000E-99
  378  2.9396517E+05  1.4251638E+00  1.1306353E+03  1.2946319E+22  2.3296775E+00  1.0000000E-99  1.0000000E-99
  379  2.9474483E+05  1.4289436E+00  1.1336340E+03  1.2862261E+22  2.3716788E+00  1.0000000E-99  1.0000000E-99
  380  2.9552449E+05  1.4327235E+00  1.1366327E+03  1.2777425E+22  2.4148697E+00  1.0000000E-99  1.0000000E-99
  381  2.9630415E+05  1.4365033E+00  1.1396313E+03  1.2691796E+22  2.4593008E+00  1.0000000E-99  1.0000000E-99
  382  2.9708381E+05  1.4402832E+00  1.1426300E+03  1.2605358E+22  2.5050259E+00  1.0000000E-99  1.0000000E-99
  383  2.9786347E+05  1.4440630E+00  1.1456287E+03  1.2518092E+22  2.5521019E+00  1.0000000E-99  1.0000000E-99
  384  2.9864313E+05  1.4478428E+00  1.1486274E+03  1.2429984E+22  2.6005890E+00  1.0000000E-99  1.0000000E-99
  385  2.9942279E+05  1.4516227E+00  1.1516261E+03  1.2341013E+22  2.6505512E+00  1.0000000E-99  1.0000000E-99
  386  3.0020245E+05  1.4554025E+00  1.1546248E+03  1.2251161E+22  2.7020561E+00  1.0000000E-99  1.0000000E-99
  387  3.0098211E+05  1.4591824E+00  1.1576235E+03  1.2160410E+22  2.7551758E+00  1.0000000E-99  1.0000000E-99
  388  3.0176177E+05  1.4629622E+00  1.1606222E+03  1.2068738E+22  2.8099870E+00  1.0000000E-99  1.0000000E-99
  389  3.0254143E+05  1.4667421E+00  1.1636209E+03  1.1976124E+22  2.8665711E+00  1.0000000E-99  1.0000000E-99
  390  3.0332109E+05  1.4705219E+00  1.1666196E+03  1.1882547E+22  2.9250149E+00  1.0000000E-99  1.0000000E-99
  391  3.0410075E+05  1.4743018E+00  1.1696183E+03  1.1787983E+22  2.9854111E+00  1.0000000E-99  1.0000000E-99
  392  3.0488041E+05  1.4780816E+00  1.1726170E+03  1.1692409E+22  3.0478586E+00  1.0000000E-99  1.0000000E-99
  393  3.0566007E+05  1.4818615E+00  1.1756156E+03  1.1595799E+22  3.1124629E+00  1.0000000E-99  1.0000000E-99
  394  3.0643973E+05  1.4856413E+00  1.1786143E+03  1.1498128E+22  3.1793372E+00  1.0000000E-99  1.0000000E-99
  395  3.0721939E+05  1.4894211E+00  1.1816130E+03  1.1399368E+22  3.2486024E+00  1.0000000E-99  1.0000000E-99
  396  3.0799905E+05  1.4932010E+00  1.1846117E+03  1.1299490E+22  3.3203885E+00  1.0000000E-99  1.0000000E-99
  397  3.0877871E+05  1.4969808E+00  1.1876104E+03  1.1198465E+22  3.3948348E+00  1.0000000E-99  1.0000000E-99
  398  3.0955837E+05  1.5007607E+00  1.1906091E+03  1.1096261E+22  3.4720914E+00  1.0000000E-99  1.0000000E-99
  399  3.1033803E+05  1.5045405E+00  1.1936078E+03  1.0992846E+22  3.5523195E+00  1.0000000E-99  1.0000000E-99
  400  3.1111769E+05  1.5083204E+00  1.1966065E+03  1.0888185E+22  3.6356932E+00  1.0000000E-99  1.0000000E-99
  401  3.1189735E+05  1.5121002E+00  1.1996052E+03  1.0782241E+22  3.7224004E+00  1.0000000E-99  1.0000000E-99
  402  3.1267701E+05  1.5158801E+00  1.2026039E+03  1.0674977E+22  3.8126441E+00  1.0000000E-99  1.0000000E-99
  403  3.1345667E+05  1.5196599E+00  1.2056026E+03  1.0566352E+22  3.9066443E+00  1.0000000E-99  1.0000000E-99
  404  3.1423633E+05  1.5234398E+00  1.2086013E+03  1.0456324E+22  4.0046397E+00  1.0000000E-99  1.0000000E-99
  405  3.1501599E+05  1.5272196E+00  1.2115999E+03  1.0344848E+22  4.1068895E+00  1.0000000E-99  1.0000000E-99
  406  3.1579565E+05  1.5309994E+00  1.2145986E+03  1.0231877E+22  4.2136759E+00  1.0000000E-99  1.0000000E-99
  407  3.1657531E+05  1.5347793E+00  1.2175973E+03  1.0117361E+22  4.3253066E+00  1.0000000E-99  1.0000000E-99
  408  3.1735497E+05  1.5385591E+00  1.2205960E+03  1.0001246E+22  4.4421178E+00  1.0000000E-99  1.0000000E-99
  409  3.1813463E+05  1.5423390E+00  1.2235947E+03  9.8834759E+21  4.5644776E+00  1.0000000E-99  1.0000000E-99
  410  3.1891429E+05  1.5461188E+00  1.2265934E+03  9.7639916E+21  4.6927897E+00  1.0000000E-99  1.0000000E-99
  411  3.1969395E+05  1.5498987E+00  1.2295921E+03  9.6427289E+21  4.8274981E+00  1.0000000E-99  1.0000000E-99
  412  3.2047361E+05  1.5536785E+00  1.2325908E+03  9.5196199E+21  4.9690920E+00  1.0000000E-99  1.0000000E-99
  413  3.2125326E+05  1.5574584E+00  1.2355895E+03  9.3945920E+21  5.1181119E+00  1.0000000E-99  1.0000000E-99
  414  3.2203292E+05  1.5612382E+00  1.2385882E+03  9.2675675E+21  5.2751561E+00  1.0000000E-99  1.0000000E-99
  415  3.2281258E+05  1.5650181E+00  1.2415869E+03  9.1384632E+21  5.4408894E+00  1.0000000E-99  1.0000000E-99
  416  3.2359224E+05  1.5687979E+00  1.2445856E+03  9.0071896E+21  5.6160518E+00  1.0000000E-99  1.0000000E-99
  417  3.2437190E+05  1.5725778E+00  1.2475842E+03  8.8736505E+21  5.8014699E+00  1.0000000E-99  1.0000000E-99
  418  3.2515156E+05  1.5763576E+00  1.2505829E+03  8.7377420E+21  5.9980699E+00  1.0000000E-99  1.0000000E-99
  419  3.2593122E+05  1.5801374E+00  1.2535816E+03  8.5993517E+21  6.2068929E+00  1.0000000E-99  1.0000000E-99
  420  3.2671088E+05  1.5839173E+00  1.2565803E+03  8.4583579E+21  6.4291136E+00  1.0000000E-99  1.0000000E-99
  421  3.2749054E+05  1.5876971E+00  1.2595790E+03  8.3146280E+21  6.6660619E+00  1.0000000E-99  1.0000000E-99
  422  3.2827020E+05  1.5914770E+00  1.2625777E+03  8.1680177E+21  6.9192501E+00  1.0000000E-99  1.0000000E-99
  423  3.2904986E+05  1.5952568E+00  1.2655764E+03  8.0183690E+21  7.1904048E+00  1.0000000E-99  1.0000000E-99
  424  3.2982952E+05  1.5990367E+00  1.2685751E+03  7.8655084E+21  7.4815063E+00  1.0000000E-99  1.0000000E-99
  425  3.3060918E+05  1.6028165E+00  1.2715738E+03  7.7092448E+21  7.7948371E+00  1.0000000E-99  1.0000000E-99
  426  3.3138884E+05  1.6065964E+00  1.2745725E+03  7.5493671E+21  8.1330420E+00  1.0000000E-99  1.0000000E-99
  427  3.3216850E+05  1.6103762E+00  1.2775712E+03  7.3856404E+21  8.4992026E+00  1.0000000E-99  1.0000000E-99
  428  3.3294816E+05  1.6141561E+00  1.2805699E+03  7.2178028E+21  8.8969316E+00  1.0000000E-99  1.0000000E-99
  429  3.3372782E+05  1.6179359E+00  1.2835685E+03  7.0455606E+21  9.3304924E+00  1.0000000E-99  1.0000000E-99
  430  3.3450748E+05  1.6217157E+00  1.2865672E+03  6.8685824E+21  9.8049523E+00  1.0000000E-99  1.0000000E-99
  431  3.3528714E+05  1.6254956E+00  1.2895659E+03  6.6864922E+21  1.0326382E+01  1.0000000E-99  1.0000000E-99
  432  3.3606680E+05  1.6292754E+00  1.2925646E+03  6.4988602E+21  1.0902115E+01  1.0000000E-99  1.0000000E-99
  433  3.3684646E+05  1.6330553E+00  1.2955633E+03  6.3051918E+21  1.1541099E+01  1.0000000E-99  1.0000000E-99
  434  3.3762612E+05  1.6368351E+00  1.2985620E+03  6.1049125E+21  1.2254358E+01  1.0000000E-99  1.0000000E-99
  435  3.3840578E+05  1.6406150E+00  1.3015607E+03  5.8973488E+21  1.3055641E+01  1.0000000E-99  1.0000000E-99
  436  3.3918544E+05  1.6443948E+00  1.3045594E+03  5.6817024E+21  1.3962310E+01  1.0000000E-99  1.0000000E-99
  437  3.3996510E+05  1.6481747E+00  1.3075581E+03  5.4570152E+21  1.4996623E+01  1.0000000E-99  1.0000000E-99
  438  3.4074476E+05  1.6519545E+00  1.3105568E+03  5.2221203E+21  1.6187577E+01  1.0000000E-99  1.0000000E-99
  439  3.4152442E+05  1.6557344E+00  1.3135555E+03  4.9755723E+21  1.7573683E+01  1.0000000E-99  1.0000000E-99
  440  3.4230408E+05  1.6595142E+00  1.3165542E+03  4.7155436E+21  1.9207206E+01  1.0000000E-99  1.0000000E-99
  441  3.4308374E+05  1.6632940E+00  1.3195528E+03  4.4396663E+21  2.1160926E+01  1.0000000E-99  1.0000000E-99
  442  3.4386340E+05  1.6670739E+00  1.3225515E+03  4.1447769E+21  2.3539299E+01  1.0000000E-99  1.0000000E-99
  443  3.4464306E+05  1.6708537E+00  1.3255502E+03  3.8264824E+21  2.6497823E+01  1.0000000E-99  1.0000000E-99
  444  3.4542272E+05  1.6746336E+00  1.3285489E+03  3.4783634E+21  3.0278609E+01  1.0000000E-99  1.0000000E-99
  445  3.4620238E+05  1.6784134E+00  1.3315476E+03  3.0903577E+21  3.5280593E+01  1.0000000E-99  1.0000000E-99
  446  3.4698204E+05  1.6821933E+00  1.3345463E+03  2.6449692E+21  4.2211501E+01  1.0000000E-99  1.0000000E-99
  447  3.4776170E+05  1.6859731E+00  1.3375450E+03  2.1061022E+21  5.2460042E+01  1.0000000E-99  1.0000000E-99
  448  3.4854136E+05  1.6897530E+00  1.3405437E+03  1.3673786E+21  6.9183029E+01  1.0000000E-99  1.0000000E-99
  449  3.4932102E+05  1.6935328E+00  1.3435424E+03  2.1507633E-06  1.0150373E+02  1.0000000E-99  1.0000000E-99
  450  3.5010068E+05  1.6973127E+00  1.3465411E+03  2.1507633E-06  1.0150373E+02  1.0000000E-99  1.0000000E-99
  451  3.5088034E+05  1.7010925E+00  1.3495398E+03  2.1507633E-06  1.0000000E-99  1.0000000E-99  1.0000000E-99
  452  3.5166000E+05  1.7048724E+00  1.3525385E+03  2.1507633E-06  1.0000000E-99  1.0000000E-99  1.0000000E-99
  453  3.5243966E+05  1.7086522E+00  1.3555372E+03  2.1507633E-06  1.0000000E-99  1.0000000E-99  1.0000000E-99
  454  3.5321932E+05  1.7124320E+00  1.3585358E+03  2.1507633E-06  1.0000000E-99  1.0000000E-99  1.0000000E-99
  455  3.5399898E+05  1.7162119E+00  1.3615345E+03  2.1507633E-06  1.0000000E-99  1.0000000E-99  1.0000000E-99
  456  3.5477864E+05  1.7199917E+00  1.3645332E+03  2.1507633E-06  1.0000000E-99  1.0000000E-99  1.0000000E-99
  457  3.5555830E+05  1.7237716E+00  1.3675319E+03  2.1507633E-06  1.0000000E-99  1.0000000E-99  1.0000000E-99
  458  3.5633796E+05  1.7275514E+00  1.3705306E+03  2.1507633E-06  1.0000000E-99  1.0000000E-99  1.0000000E-99
  459  3.5711762E+05  1.7313313E+00  1.3735293E+03  2.1507633E-06  1.0000000E-99  1.0000000E-99  1.0000000E-99
  460  3.5789728E+05  1.7351111E+00  1.3765280E+03  2.1507633E-06  1.0000000E-99  1.0000000E-99  1.0000000E-99
  461  3.5867694E+05  1.7388910E+00  1.3795267E+03  2.1507633E-06  1.0000000E-99  1.0000000E-99  1.0000000E-99
  462  3.5945660E+05  1.7426708E+00  1.3825254E+03  2.1507633E-06  1.0000000E-99  1.0000000E-99  1.0000000E-99
  463  3.6023626E+05  1.7464507E+00  1.3855241E+03  2.1507633E-06  1.0000000E-99  1.0000000E-99  1.0000000E-99
  464  3.6101592E+05  1.7502305E+00  1.3885228E+03  2.1507633E-06  1.0000000E-99  1.0000000E-99  1.0000000E-99
  465  3.6179558E+05  1.7540103E+00  1.3915215E+03  2.1507633E-06  1.0000000E-99  1.0000000E-99  1.0000000E-99
  466  3.6257524E+05  1.7577902E+00  1.3945201E+03  2.1507633E-06  1.0000000E-99  1.0000000E-99  1.0000000E-99
  467  3.6335490E+05  1.7615700E+00  1.3975188E+03  2.1507633E-06  1.0000000E-99  1.0000000E-99  1.0000000E-99
  468  3.6413456E+05  1.7653499E+00  1.4005175E+03  2.1507633E-06  1.0000000E-99  1.0000000E-99  1.0000000E-99
  469  3.6491422E+05  1.7691297E+00  1.4035162E+03  2.1507633E-06  1.0000000E-99  1.0000000E-99  1.0000000E-99
  470  3.6569388E+05  1.7729096E+00  1.4065149E+03  2.1507633E-06  1.0000000E-99  1.0000000E-99  1.0000000E-99
  471  3.6647354E+05  1.7766894E+00  1.4095136E+03  2.1507633E-06  1.0000000E-99  1.0000000E-99  1.0000000E-99
  472  3.6725320E+05  1.7804693E+00  1.4125123E+03  2.1507633E-06  1.0000000E-99  1.0000000E-99  1.0000000E-99
  473  3.6803286E+05  1.7842491E+00  1.4155110E+03  2.1507633E-06  1.0000000E-99  1.0000000E-99  1.0000000E-99
  474  3.6881252E+05  1.7880290E+00  1.4185097E+03  2.1507633E-06  1.0000000E-99  1.0000000E-99  1.0000000E-99
  475  3.6959218E+05  1.7918088E+00  1.4215084E+03  2.1507633E-06  1.0000000E-99  1.0000000E-99  1.0000000E-99
  476  3.7037184E+05  1.7955886E+00  1.4245071E+03  2.1507633E-06  1.0000000E-99  1.0000000E-99  1.0000000E-99
  477  3.7115150E+05  1.7993685E+00  1.4275058E+03  2.1507633E-06  1.0000000E-99  1.0000000E-99  1.0000000E-99
  478  3.7193116E+05  1.8031483E+00  1.4305044E+03  2.1507633E-06  1.0000000E-99  1.0000000E-99  1.0000000E-99
  479  3.7271082E+05  1.8069282E+00  1.4335031E+03  2.1507633E-06  1.0000000E-99  1.0000000E-99  1.0000000E-99
  480  3.7349048E+05  1.8107080E+00  1.4365018E+03  2.1507633E-06  1.0000000E-99  1.0000000E-99  1.0000000E-99
  481  3.7427014E+05  1.8144879E+00  1.4395005E+03  2.1507633E-06  1.0000000E-99  1.0000000E-99  1.0000000E-99
  482  3.7504980E+05  1.8182677E+00  1.4424992E+03  2.1507633E-06  1.0000000E-99  1.0000000E-99  1.0000000E-99
  483  3.7582945E+05  1.8220476E+00  1.4454979E+03  2.1507633E-06  1.0000000E-99  1.0000000E-99  1.0000000E-99
  484  3.7660911E+05  1.8258274E+00  1.4484966E+03  2.1507633E-06  1.0000000E-99  1.0000000E-99  1.0000000E-99
  485  3.7738877E+05  1.8296073E+00  1.4514953E+03  2.1507633E-06  1.0000000E-99  1.0000000E-99  1.0000000E-99
  486  3.7816843E+05  1.8333871E+00  1.4544940E+03  2.1507633E-06  1.0000000E-99  1.0000000E-99  1.0000000E-99
  487  3.7894809E+05  1.8371670E+00  1.4574927E+03  2.1507633E-06  1.0000000E-99  1.0000000E-99  1.0000000E-99
  488  3.7972775E+05  1.8409468E+00  1.4604914E+03  2.1507633E-06  1.0000000E-99  1.0000000E-99  1.0000000E-99
  489  3.8050741E+05  1.8447266E+00  1.4634901E+03  2.1507633E-06  1.0000000E-99  1.0000000E-99  1.0000000E-99
  490  3.8128707E+05  1.8485065E+00  1.4664887E+03  2.1507633E-06  1.0000000E-99  1.0000000E-99  1.0000000E-99
  491  3.8206673E+05  1.8522863E+00  1.4694874E+03  2.1507633E-06  1.0000000E-99  1.0000000E-99  1.0000000E-99
  492  3.8284639E+05  1.8560662E+00  1.4724861E+03  2.1507633E-06  1.0000000E-99  1.0000000E-99  1.0000000E-99
