# Injection truth table -- cmf2.00_n600_s2033_flat_iso  seed=2033
# observed-size cut FWHMSDbs in [15.0, 80.0] arcsec: 356 of 518 grid nodes retained
# Core mass function sampling:
# dN/dM proportional to M^(-2.00)  (dN/dlogM proportional to M^(-1.00))
# 600 reported masses drawn on [0.05, 6] M_sun; median 0.103 M_sun
# 600 cores assigned to 76 distinct grid nodes
# drawn reported mass versus node reported mass M_SED4bs: median 0.103 versus 0.0643 M_sun, median |log10 ratio| 0.167 dex
# drawn contrast versus node contrast at the drawn column: median 1.231 versus 1.242, median |log10 ratio| 0.012 dex
# drawn observed size versus node size FWHMSDbs: median 40.3 versus 41.6 arcsec, median |log10 ratio| 0.064 dex
# target background column: median 5.04e+21 cm^-2 (5th 3.06e+21, 95th 1.63e+22)
# slope of the true masses M_BE actually assigned, above 0.10 M_sun: x = 1.49 +/- 0.09  (nominal input x = 1.00)
# slope of the true masses M_BE actually assigned, above 0.20 M_sun: x = 1.29 +/- 0.13  (nominal input x = 1.00)
# centers of injected cores must clear the footprints of the real sources by 18.2 arcsec; the footprints themselves cover 6.5% of the field
# sep_criterion=36.3"  scale_factor=1  local_Sigma/SD_emb in cm-2  T_BE in K  rho_BE in cm-3  M_BE in Msun  R_BE_as in arcsec (truncation radius of the sphere)  FWHM_SD in arcsec (observed major axis at half maximum of the model in the surface-density image, FWHMSDbs)
# id    model         x_pix  y_pix  local_Sigma  SD_emb       T_BE   rho_BE       M_BE    R_BE_as  FWHM_SD  scale
#----------------------------------------------------------------------------------------------------------------
  001  i03j15k08       135    604    1.489e+22    1.200e+22    9.39    1.570e-19  3.2370   131.32    76.23  1
  002  i03j15k08       423    364    1.988e+22    1.200e+22    9.39    1.570e-19  3.2370   131.32    76.23  1
  003  i04j15k07       338    387    2.430e+22    2.400e+22    8.28    4.020e-19  3.2385   168.92    49.81  1
  004  i04j16k07       327    310    1.860e+22    2.400e+22    8.24    4.688e-19  4.9715   293.15    47.41  1
  005  i04j14k07       288    356    2.013e+22    2.400e+22    8.29    3.863e-19  2.1087    99.15    49.47  1
  006  i04j14k05       526    441    1.540e+22    2.400e+22    7.77    3.227e-18  2.1090   136.05    25.86  1
  007  i03j14k07       212    309    3.210e+22    1.200e+22    9.07    4.203e-19  2.1090    89.47    49.22  1
  008  i03j14k07       156    306    1.320e+22    1.200e+22    9.07    4.203e-19  2.1090    89.47    49.22  1
  009  i03j13k04       724    652    9.407e+21    1.200e+22    7.79    7.642e-18  1.3736    88.39    22.35  1
  010  i03j13k08       152    183    1.713e+22    1.200e+22    9.55    1.131e-19  1.3733    66.36    75.60  1
  011  i03j13k08        48    669    1.439e+22    1.200e+22    9.55    1.131e-19  1.3733    66.36    75.60  1
  012  i03j10k08       582    543    9.813e+21    1.200e+22    9.88    4.058e-20  0.3789    46.31    71.51  1
  013  i03j10k08       151    529    1.537e+22    1.200e+22    9.88    4.058e-20  0.3789    46.31    71.51  1
  014  i03j10k08       109    167    1.125e+22    1.200e+22    9.88    4.058e-20  0.3789    46.31    71.51  1
  015  i03j10k08       492    340    9.531e+21    1.200e+22    9.88    4.058e-20  0.3789    46.31    71.51  1
  016  i03j10k08       788    737    1.026e+22    1.200e+22    9.88    4.058e-20  0.3789    46.31    71.51  1
  017  i03j10k08       550    483    1.406e+22    1.200e+22    9.88    4.058e-20  0.3789    46.31    71.51  1
  018  i03j10k08       108    664    1.040e+22    1.200e+22    9.88    4.058e-20  0.3789    46.31    71.51  1
  019  i02j10k08       642    362    9.129e+21    6.000e+21   11.28    4.053e-20  0.3793    45.79    71.36  1
  020  i02j10k08       158    680    7.675e+21    6.000e+21   11.28    4.053e-20  0.3793    45.79    71.36  1
  021  i02j09k08       512    914    5.500e+21    6.000e+21   11.45    2.620e-20  0.2468    44.54    70.98  1
  022  i02j09k08       667    251    6.663e+21    6.000e+21   11.45    2.620e-20  0.2468    44.54    70.98  1
  023  i02j09k08       553    237    6.985e+21    6.000e+21   11.45    2.620e-20  0.2468    44.54    70.98  1
  024  i02j09k08       644    667    6.178e+21    6.000e+21   11.45    2.620e-20  0.2468    44.54    70.98  1
  025  i02j09k08       449    903    5.231e+21    6.000e+21   11.45    2.620e-20  0.2468    44.54    70.98  1
  026  i02j09k08       614    807    4.702e+21    6.000e+21   11.45    2.620e-20  0.2468    44.54    70.98  1
  027  i02j09k08       508    704    6.680e+21    6.000e+21   11.45    2.620e-20  0.2468    44.54    70.98  1
  028  i02j09k08       505    148    6.734e+21    6.000e+21   11.45    2.620e-20  0.2468    44.54    70.98  1
  029  i02j09k08       150    728    6.347e+21    6.000e+21   11.45    2.620e-20  0.2468    44.54    70.98  1
  030  i02j09k08       582    867    5.402e+21    6.000e+21   11.45    2.620e-20  0.2468    44.54    70.98  1
  031  i02j09k08       887    621    6.752e+21    6.000e+21   11.45    2.620e-20  0.2468    44.54    70.98  1
  032  i02j09k08       814    172    5.043e+21    6.000e+21   11.45    2.620e-20  0.2468    44.54    70.98  1
  033  i02j09k08       778    396    5.369e+21    6.000e+21   11.45    2.620e-20  0.2468    44.54    70.98  1
  034  i02j09k08       476     42    7.997e+21    6.000e+21   11.45    2.620e-20  0.2468    44.54    70.98  1
  035  i02j09k08        94    732    7.187e+21    6.000e+21   11.45    2.620e-20  0.2468    44.54    70.98  1
  036  i03j09k08       449    284    9.867e+21    1.200e+22    9.95    2.644e-20  0.2469    44.77    70.96  1
  037  i03j09k08        44     81    8.893e+21    1.200e+22    9.95    2.644e-20  0.2469    44.77    70.96  1
  038  i03j09k08       721    556    9.483e+21    1.200e+22    9.95    2.644e-20  0.2469    44.77    70.96  1
  039  i03j09k08       529    389    1.047e+22    1.200e+22    9.95    2.644e-20  0.2469    44.77    70.96  1
  040  i03j09k08       612    503    1.084e+22    1.200e+22    9.95    2.644e-20  0.2469    44.77    70.96  1
  041  i01j09k08       665    784    4.398e+21    3.000e+21   13.04    2.670e-20  0.2469    44.00    70.39  1
  042  i01j09k08       200    839    4.384e+21    3.000e+21   13.04    2.670e-20  0.2469    44.00    70.39  1
  043  i01j09k08       725    303    4.545e+21    3.000e+21   13.04    2.670e-20  0.2469    44.00    70.39  1
  044  i01j09k08       567    163    4.463e+21    3.000e+21   13.04    2.670e-20  0.2469    44.00    70.39  1
  045  i02j08k08       754    149    5.870e+21    6.000e+21   11.57    1.732e-20  0.1607    43.52    70.24  1
  046  i02j08k08       520     52    5.233e+21    6.000e+21   11.57    1.732e-20  0.1607    43.52    70.24  1
  047  i02j08k08       568    825    5.155e+21    6.000e+21   11.57    1.732e-20  0.1607    43.52    70.24  1
  048  i02j08k08       719    699    5.825e+21    6.000e+21   11.57    1.732e-20  0.1607    43.52    70.24  1
  049  i02j08k08       393    623    5.682e+21    6.000e+21   11.57    1.732e-20  0.1607    43.52    70.24  1
  050  i02j08k08       888    467    6.030e+21    6.000e+21   11.57    1.732e-20  0.1607    43.52    70.24  1
  051  i02j08k08       549    580    5.700e+21    6.000e+21   11.57    1.732e-20  0.1607    43.52    70.24  1
  052  i02j08k08       898    691    6.244e+21    6.000e+21   11.57    1.732e-20  0.1607    43.52    70.24  1
  053  i02j08k08       734    891    5.601e+21    6.000e+21   11.57    1.732e-20  0.1607    43.52    70.24  1
  054  i02j08k08       841    424    6.136e+21    6.000e+21   11.57    1.732e-20  0.1607    43.52    70.24  1
  055  i02j08k08       271    877    5.077e+21    6.000e+21   11.57    1.732e-20  0.1607    43.52    70.24  1
  056  i02j08k08       563    919    4.966e+21    6.000e+21   11.57    1.732e-20  0.1607    43.52    70.24  1
  057  i02j08k08       260    599    5.612e+21    6.000e+21   11.57    1.732e-20  0.1607    43.52    70.24  1
  058  i02j08k08       809    580    6.735e+21    6.000e+21   11.57    1.732e-20  0.1607    43.52    70.24  1
  059  i02j08k08       932    566    5.429e+21    6.000e+21   11.57    1.732e-20  0.1607    43.52    70.24  1
  060  i02j08k08       701    136    4.499e+21    6.000e+21   11.57    1.732e-20  0.1607    43.52    70.24  1
  061  i02j08k08       380    931    4.552e+21    6.000e+21   11.57    1.732e-20  0.1607    43.52    70.24  1
  062  i02j08k08       731    760    5.606e+21    6.000e+21   11.57    1.732e-20  0.1607    43.52    70.24  1
  063  i02j08k08       209    674    5.957e+21    6.000e+21   11.57    1.732e-20  0.1607    43.52    70.24  1
  064  i02j08k08       781    925    5.439e+21    6.000e+21   11.57    1.732e-20  0.1607    43.52    70.24  1
  065  i02j08k08       844    847    6.784e+21    6.000e+21   11.57    1.732e-20  0.1607    43.52    70.24  1
  066  i02j08k08        62    924    6.228e+21    6.000e+21   11.57    1.732e-20  0.1607    43.52    70.24  1
  067  i02j08k08       127    818    5.060e+21    6.000e+21   11.57    1.732e-20  0.1607    43.52    70.24  1
  068  i02j08k08        39    375    8.320e+21    6.000e+21   11.57    1.732e-20  0.1607    43.52    70.24  1
  069  i02j08k08        52    822    6.792e+21    6.000e+21   11.57    1.732e-20  0.1607    43.52    70.24  1
  070  i02j08k08       820    890    6.155e+21    6.000e+21   11.57    1.732e-20  0.1607    43.52    70.24  1
  071  i01j08k08       442    846    4.220e+21    3.000e+21   13.29    1.748e-20  0.1609    43.23    69.90  1
  072  i01j08k08       312    772    4.144e+21    3.000e+21   13.29    1.748e-20  0.1609    43.23    69.90  1
  073  i01j08k08       280    811    4.198e+21    3.000e+21   13.29    1.748e-20  0.1609    43.23    69.90  1
  074  i01j08k08       612     48    4.177e+21    3.000e+21   13.29    1.748e-20  0.1609    43.23    69.90  1
  075  i01j08k08       626    144    3.890e+21    3.000e+21   13.29    1.748e-20  0.1609    43.23    69.90  1
  076  i01j07k08       687    851    4.229e+21    3.000e+21   13.48    1.138e-20  0.1048    42.80    69.54  1
  077  i01j07k08       705    924    4.247e+21    3.000e+21   13.48    1.138e-20  0.1048    42.80    69.54  1
  078  i01j07k08       391    787    4.195e+21    3.000e+21   13.48    1.138e-20  0.1048    42.80    69.54  1
  079  i01j07k08       827    362    4.191e+21    3.000e+21   13.48    1.138e-20  0.1048    42.80    69.54  1
  080  i01j07k08       792    263    3.562e+21    3.000e+21   13.48    1.138e-20  0.1048    42.80    69.54  1
  081  i01j07k08       594     90    4.018e+21    3.000e+21   13.48    1.138e-20  0.1048    42.80    69.54  1
  082  i01j07k08       329    713    4.356e+21    3.000e+21   13.48    1.138e-20  0.1048    42.80    69.54  1
  083  i02j07k08       661    177    4.865e+21    6.000e+21   11.65    1.151e-20  0.1047    42.76    69.32  1
  084  i02j07k08       318    919    4.501e+21    6.000e+21   11.65    1.151e-20  0.1047    42.76    69.32  1
  085  i02j07k08        95    890    5.424e+21    6.000e+21   11.65    1.151e-20  0.1047    42.76    69.32  1
  086  i02j07k08       776    819    7.432e+21    6.000e+21   11.65    1.151e-20  0.1047    42.76    69.32  1
  087  i02j07k08       443    611    5.687e+21    6.000e+21   11.65    1.151e-20  0.1047    42.76    69.32  1
  088  i02j07k08       171    807    4.457e+21    6.000e+21   11.65    1.151e-20  0.1047    42.76    69.32  1
  089  i02j07k08       467    738    4.827e+21    6.000e+21   11.65    1.151e-20  0.1047    42.76    69.32  1
  090  i02j07k08       204    761    5.642e+21    6.000e+21   11.65    1.151e-20  0.1047    42.76    69.32  1
  091  i02j07k08       501    660    4.410e+21    6.000e+21   11.65    1.151e-20  0.1047    42.76    69.32  1
  092  i02j07k08       883    915    4.621e+21    6.000e+21   11.65    1.151e-20  0.1047    42.76    69.32  1
  093  i02j07k08       880    789    5.562e+21    6.000e+21   11.65    1.151e-20  0.1047    42.76    69.32  1
  094  i02j07k08        82    774    5.801e+21    6.000e+21   11.65    1.151e-20  0.1047    42.76    69.32  1
  095  i02j07k08       907    390    5.136e+21    6.000e+21   11.65    1.151e-20  0.1047    42.76    69.32  1
  096  i02j07k08       284    737    5.052e+21    6.000e+21   11.65    1.151e-20  0.1047    42.76    69.32  1
  097  i02j07k08       631    275    5.830e+21    6.000e+21   11.65    1.151e-20  0.1047    42.76    69.32  1
  098  i02j07k08       373    708    5.191e+21    6.000e+21   11.65    1.151e-20  0.1047    42.76    69.32  1
  099  i01j06k08       625    929    3.770e+21    3.000e+21   13.60    7.757e-21  0.0683    41.90    68.40  1
  100  i01j06k08       894    285    2.876e+21    3.000e+21   13.60    7.757e-21  0.0683    41.90    68.40  1
  101  i01j06k08       778    103    3.392e+21    3.000e+21   13.60    7.757e-21  0.0683    41.90    68.40  1
  102  i01j06k08       865    150    3.191e+21    3.000e+21   13.60    7.757e-21  0.0683    41.90    68.40  1
  103  i01j06k08       834    297    3.543e+21    3.000e+21   13.60    7.757e-21  0.0683    41.90    68.40  1
  104  i01j06k08       840    220    3.811e+21    3.000e+21   13.60    7.757e-21  0.0683    41.90    68.40  1
  105  i01j06k08       655     83    3.553e+21    3.000e+21   13.60    7.757e-21  0.0683    41.90    68.40  1
  106  i01j06k08       221    933    3.904e+21    3.000e+21   13.60    7.757e-21  0.0683    41.90    68.40  1
  107  i01j06k08       904    166    2.697e+21    3.000e+21   13.60    7.757e-21  0.0683    41.90    68.40  1
  108  i01j06k08       721     48    3.163e+21    3.000e+21   13.60    7.757e-21  0.0683    41.90    68.40  1
  109  i01j06k08       878    356    3.603e+21    3.000e+21   13.60    7.757e-21  0.0683    41.90    68.40  1
  110  i01j06k08       937    280    3.157e+21    3.000e+21   13.60    7.757e-21  0.0683    41.90    68.40  1
  111  i01j06k08       446    663    4.212e+21    3.000e+21   13.60    7.757e-21  0.0683    41.90    68.40  1
  112  i01j06k08       846     54    2.993e+21    3.000e+21   13.60    7.757e-21  0.0683    41.90    68.40  1
  113  i01j06k08       732    101    3.383e+21    3.000e+21   13.60    7.757e-21  0.0683    41.90    68.40  1
  114  i01j06k08       772    333    3.809e+21    3.000e+21   13.60    7.757e-21  0.0683    41.90    68.40  1
  115  i01j06k08       170    882    4.170e+21    3.000e+21   13.60    7.757e-21  0.0683    41.90    68.40  1
  116  i01j06k08       604    190    4.193e+21    3.000e+21   13.60    7.757e-21  0.0683    41.90    68.40  1
  117  i01j06k08       892    113    2.653e+21    3.000e+21   13.60    7.757e-21  0.0683    41.90    68.40  1
  118  i01j06k08       661    888    3.835e+21    3.000e+21   13.60    7.757e-21  0.0683    41.90    68.40  1
  119  i01j06k08       924     55    2.801e+21    3.000e+21   13.60    7.757e-21  0.0683    41.90    68.40  1
  120  i01j06k08       213    890    3.969e+21    3.000e+21   13.60    7.757e-21  0.0683    41.90    68.40  1
  121  i01j06k08       935    213    2.881e+21    3.000e+21   13.60    7.757e-21  0.0683    41.90    68.40  1
  122  i01j06k08       679     39    3.259e+21    3.000e+21   13.60    7.757e-21  0.0683    41.90    68.40  1
  123  i01j06k08       168    937    3.999e+21    3.000e+21   13.60    7.757e-21  0.0683    41.90    68.40  1
  124  i03j13k07       152    444    1.919e+22    1.200e+22    9.15    3.761e-19  1.3730    58.03    48.84  1
  125  i04j12k03       179    565    1.658e+22    2.400e+22    7.22    1.838e-17  0.8943    62.91    20.19  1
  126  i04j12k03       232    190    2.008e+22    2.400e+22    7.22    1.838e-17  0.8943    62.91    20.19  1
  127  i05j14k06       258    272    2.555e+22    4.800e+22    7.44    9.493e-19  2.1089   127.66    35.07  1
  128  i04j12k04       106    243    2.145e+22    2.400e+22    7.49    7.933e-18  0.8946    56.25    21.81  1
  129  i04j12k07       157    479    1.933e+22    2.400e+22    8.38    2.950e-19  0.8944    45.31    48.15  1
  130  i03j10k07       225    145    1.391e+22    1.200e+22    9.58    1.701e-19  0.3793    30.72    44.03  1
  131  i03j10k07        37    237    1.242e+22    1.200e+22    9.58    1.701e-19  0.3793    30.72    44.03  1
  132  i03j10k07       667    436    1.207e+22    1.200e+22    9.58    1.701e-19  0.3793    30.72    44.03  1
  133  i03j10k07       679    465    1.519e+22    1.200e+22    9.58    1.701e-19  0.3793    30.72    44.03  1
  134  i03j09k07        51    158    1.020e+22    1.200e+22    9.72    1.145e-19  0.2471    28.64    43.00  1
  135  i03j09k07       356    533    1.049e+22    1.200e+22    9.72    1.145e-19  0.2471    28.64    43.00  1
  136  i03j09k07        58    711    1.031e+22    1.200e+22    9.72    1.145e-19  0.2471    28.64    43.00  1
  137  i03j09k07        94    105    9.863e+21    1.200e+22    9.72    1.145e-19  0.2471    28.64    43.00  1
  138  i03j09k07       585    467    1.085e+22    1.200e+22    9.72    1.145e-19  0.2471    28.64    43.00  1
  139  i03j09k07       612    424    1.173e+22    1.200e+22    9.72    1.145e-19  0.2471    28.64    43.00  1
  140  i02j09k07       774    585    8.833e+21    6.000e+21   10.96    1.158e-19  0.2469    28.19    42.64  1
  141  i02j09k07        71    491    8.098e+21    6.000e+21   10.96    1.158e-19  0.2469    28.19    42.64  1
  142  i02j09k07       775    859    7.694e+21    6.000e+21   10.96    1.158e-19  0.2469    28.19    42.64  1
  143  i02j09k07       249    119    8.648e+21    6.000e+21   10.96    1.158e-19  0.2469    28.19    42.64  1
  144  i02j09k07       488    844    6.678e+21    6.000e+21   10.96    1.158e-19  0.2469    28.19    42.64  1
  145  i02j09k07       370    129    8.234e+21    6.000e+21   10.96    1.158e-19  0.2469    28.19    42.64  1
  146  i03j08k07       386    434    1.264e+22    1.200e+22    9.84    7.507e-20  0.1608    27.53    42.39  1
  147  i03j08k07       455    566    1.003e+22    1.200e+22    9.84    7.507e-20  0.1608    27.53    42.39  1
  148  i03j08k07       683    514    1.075e+22    1.200e+22    9.84    7.507e-20  0.1608    27.53    42.39  1
  149  i03j08k07       407    512    1.225e+22    1.200e+22    9.84    7.507e-20  0.1608    27.53    42.39  1
  150  i03j08k07       345    507    1.303e+22    1.200e+22    9.84    7.507e-20  0.1608    27.53    42.39  1
  151  i03j08k07       296     84    9.876e+21    1.200e+22    9.84    7.507e-20  0.1608    27.53    42.39  1
  152  i03j08k07       231    579    1.037e+22    1.200e+22    9.84    7.507e-20  0.1608    27.53    42.39  1
  153  i03j06k07        79    529    8.886e+21    1.200e+22    9.99    3.111e-20  0.0683    26.74    42.24  1
  154  i02j08k07        46    547    8.429e+21    6.000e+21   11.21    7.568e-20  0.1608    27.25    42.21  1
  155  i02j08k07       683    645    8.308e+21    6.000e+21   11.21    7.568e-20  0.1608    27.25    42.21  1
  156  i02j08k07       417    178    7.887e+21    6.000e+21   11.21    7.568e-20  0.1608    27.25    42.21  1
  157  i01j08k07       783     41    3.475e+21    3.000e+21   12.58    7.540e-20  0.1607    27.11    42.17  1
  158  i01j08k07       580    128    4.692e+21    3.000e+21   12.58    7.540e-20  0.1607    27.11    42.17  1
  159  i03j07k07       506    214    8.865e+21    1.200e+22    9.93    4.927e-20  0.1047    26.84    42.00  1
  160  i03j07k07       200    596    1.014e+22    1.200e+22    9.93    4.927e-20  0.1047    26.84    42.00  1
  161  i03j07k07       126    410    1.019e+22    1.200e+22    9.93    4.927e-20  0.1047    26.84    42.00  1
  162  i03j07k07       496    521    1.171e+22    1.200e+22    9.93    4.927e-20  0.1047    26.84    42.00  1
  163  i03j07k07       245     65    9.517e+21    1.200e+22    9.93    4.927e-20  0.1047    26.84    42.00  1
  164  i03j07k07       360    476    1.058e+22    1.200e+22    9.93    4.927e-20  0.1047    26.84    42.00  1
  165  i03j07k07       700    189    9.988e+21    1.200e+22    9.93    4.927e-20  0.1047    26.84    42.00  1
  166  i03j07k07       586    723    9.798e+21    1.200e+22    9.93    4.927e-20  0.1047    26.84    42.00  1
  167  i03j07k07       772    455    9.785e+21    1.200e+22    9.93    4.927e-20  0.1047    26.84    42.00  1
  168  i03j07k07        77    565    9.870e+21    1.200e+22    9.93    4.927e-20  0.1047    26.84    42.00  1
  169  i02j07k07       918    931    6.236e+21    6.000e+21   11.39    4.978e-20  0.1048    26.62    41.72  1
  170  i02j07k07       405    271    7.999e+21    6.000e+21   11.39    4.978e-20  0.1048    26.62    41.72  1
  171  i02j07k07       558    615    5.793e+21    6.000e+21   11.39    4.978e-20  0.1048    26.62    41.72  1
  172  i02j07k07        40    891    7.057e+21    6.000e+21   11.39    4.978e-20  0.1048    26.62    41.72  1
  173  i02j07k07       339    631    7.332e+21    6.000e+21   11.39    4.978e-20  0.1048    26.62    41.72  1
  174  i02j07k07       884    851    5.607e+21    6.000e+21   11.39    4.978e-20  0.1048    26.62    41.72  1
  175  i02j07k07       261    781    6.075e+21    6.000e+21   11.39    4.978e-20  0.1048    26.62    41.72  1
  176  i02j07k07       910    516    6.211e+21    6.000e+21   11.39    4.978e-20  0.1048    26.62    41.72  1
  177  i02j07k07       559    113    5.728e+21    6.000e+21   11.39    4.978e-20  0.1048    26.62    41.72  1
  178  i02j07k07       386    478    7.225e+21    6.000e+21   11.39    4.978e-20  0.1048    26.62    41.72  1
  179  i02j07k07       569    664    6.920e+21    6.000e+21   11.39    4.978e-20  0.1048    26.62    41.72  1
  180  i02j07k07       418    690    5.169e+21    6.000e+21   11.39    4.978e-20  0.1048    26.62    41.72  1
  181  i02j07k07       807    853    7.884e+21    6.000e+21   11.39    4.978e-20  0.1048    26.62    41.72  1
  182  i02j07k07       613    631    5.898e+21    6.000e+21   11.39    4.978e-20  0.1048    26.62    41.72  1
  183  i01j06k07       559     42    4.307e+21    3.000e+21   13.23    3.190e-20  0.0682    26.35    41.68  1
  184  i01j06k07       327    852    4.164e+21    3.000e+21   13.23    3.190e-20  0.0682    26.35    41.68  1
  185  i01j06k07       402    846    4.381e+21    3.000e+21   13.23    3.190e-20  0.0682    26.35    41.68  1
  186  i01j06k07       582    789    4.413e+21    3.000e+21   13.23    3.190e-20  0.0682    26.35    41.68  1
  187  i01j06k07       926    845    4.318e+21    3.000e+21   13.23    3.190e-20  0.0682    26.35    41.68  1
  188  i01j07k07       815    112    3.291e+21    3.000e+21   12.94    4.994e-20  0.1047    26.48    41.65  1
  189  i01j05k07       938     92    2.923e+21    3.000e+21   13.43    2.108e-20  0.0445    26.04    41.40  1
  190  i01j05k07       524    630    4.374e+21    3.000e+21   13.43    2.108e-20  0.0445    26.04    41.40  1
  191  i01j05k07       850    937    4.348e+21    3.000e+21   13.43    2.108e-20  0.0445    26.04    41.40  1
  192  i01j05k07       427    781    4.262e+21    3.000e+21   13.43    2.108e-20  0.0445    26.04    41.40  1
  193  i01j05k07       776     68    3.204e+21    3.000e+21   13.43    2.108e-20  0.0445    26.04    41.40  1
  194  i01j05k07       361    823    4.158e+21    3.000e+21   13.43    2.108e-20  0.0445    26.04    41.40  1
  195  i01j05k07       343    798    4.132e+21    3.000e+21   13.43    2.108e-20  0.0445    26.04    41.40  1
  196  i01j05k07       265    912    4.202e+21    3.000e+21   13.43    2.108e-20  0.0445    26.04    41.40  1
  197  i01j05k07       896    882    4.134e+21    3.000e+21   13.43    2.108e-20  0.0445    26.04    41.40  1
  198  i01j05k07       751    374    4.316e+21    3.000e+21   13.43    2.108e-20  0.0445    26.04    41.40  1
  199  i01j05k07       712    814    4.272e+21    3.000e+21   13.43    2.108e-20  0.0445    26.04    41.40  1
  200  i01j05k07       889     37    2.859e+21    3.000e+21   13.43    2.108e-20  0.0445    26.04    41.40  1
  201  i01j05k07       749    242    4.303e+21    3.000e+21   13.43    2.108e-20  0.0445    26.04    41.40  1
  202  i01j05k07       891    242    2.673e+21    3.000e+21   13.43    2.108e-20  0.0445    26.04    41.40  1
  203  i02j06k07       324    671    4.857e+21    6.000e+21   11.53    3.285e-20  0.0683    26.18    41.31  1
  204  i02j06k07       929    749    5.764e+21    6.000e+21   11.53    3.285e-20  0.0683    26.18    41.31  1
  205  i02j06k07        85    415    6.090e+21    6.000e+21   11.53    3.285e-20  0.0683    26.18    41.31  1
  206  i02j06k07       876    731    6.412e+21    6.000e+21   11.53    3.285e-20  0.0683    26.18    41.31  1
  207  i02j06k07       691    322    6.499e+21    6.000e+21   11.53    3.285e-20  0.0683    26.18    41.31  1
  208  i02j06k07       595    303    6.399e+21    6.000e+21   11.53    3.285e-20  0.0683    26.18    41.31  1
  209  i02j06k07       285    110    7.435e+21    6.000e+21   11.53    3.285e-20  0.0683    26.18    41.31  1
  210  i02j06k07       346    182    7.503e+21    6.000e+21   11.53    3.285e-20  0.0683    26.18    41.31  1
  211  i02j06k07       270    692    5.066e+21    6.000e+21   11.53    3.285e-20  0.0683    26.18    41.31  1
  212  i02j06k07       661    741    5.705e+21    6.000e+21   11.53    3.285e-20  0.0683    26.18    41.31  1
  213  i02j06k07       236    747    6.224e+21    6.000e+21   11.53    3.285e-20  0.0683    26.18    41.31  1
  214  i02j06k07       575    758    5.886e+21    6.000e+21   11.53    3.285e-20  0.0683    26.18    41.31  1
  215  i02j06k07       880    502    7.071e+21    6.000e+21   11.53    3.285e-20  0.0683    26.18    41.31  1
  216  i02j06k07       838    634    7.135e+21    6.000e+21   11.53    3.285e-20  0.0683    26.18    41.31  1
  217  i02j06k07       772    212    6.947e+21    6.000e+21   11.53    3.285e-20  0.0683    26.18    41.31  1
  218  i02j06k07       752    715    6.596e+21    6.000e+21   11.53    3.285e-20  0.0683    26.18    41.31  1
  219  i02j06k07       258    663    5.231e+21    6.000e+21   11.53    3.285e-20  0.0683    26.18    41.31  1
  220  i02j06k07       310    595    6.023e+21    6.000e+21   11.53    3.285e-20  0.0683    26.18    41.31  1
  221  i02j06k07       575    269    6.563e+21    6.000e+21   11.53    3.285e-20  0.0683    26.18    41.31  1
  222  i02j06k07       687    756    4.755e+21    6.000e+21   11.53    3.285e-20  0.0683    26.18    41.31  1
  223  i02j06k07       734    399    5.528e+21    6.000e+21   11.53    3.285e-20  0.0683    26.18    41.31  1
  224  i02j06k07       143     46    7.641e+21    6.000e+21   11.53    3.285e-20  0.0683    26.18    41.31  1
  225  i02j06k07       494    618    5.695e+21    6.000e+21   11.53    3.285e-20  0.0683    26.18    41.31  1
  226  i02j05k07       935    602    5.303e+21    6.000e+21   11.63    2.133e-20  0.0444    25.98    41.23  1
  227  i02j05k07       523    115    6.731e+21    6.000e+21   11.63    2.133e-20  0.0444    25.98    41.23  1
  228  i02j05k07       245    825    4.899e+21    6.000e+21   11.63    2.133e-20  0.0444    25.98    41.23  1
  229  i02j05k07       424    929    4.699e+21    6.000e+21   11.63    2.133e-20  0.0444    25.98    41.23  1
  230  i02j05k07       742    590    7.974e+21    6.000e+21   11.63    2.133e-20  0.0444    25.98    41.23  1
  231  i02j05k07       573    638    4.734e+21    6.000e+21   11.63    2.133e-20  0.0444    25.98    41.23  1
  232  i02j05k07       543    863    5.744e+21    6.000e+21   11.63    2.133e-20  0.0444    25.98    41.23  1
  233  i02j05k07       142    911    4.513e+21    6.000e+21   11.63    2.133e-20  0.0444    25.98    41.23  1
  234  i02j05k07       741    349    5.387e+21    6.000e+21   11.63    2.133e-20  0.0444    25.98    41.23  1
  235  i02j05k07       937    477    4.738e+21    6.000e+21   11.63    2.133e-20  0.0444    25.98    41.23  1
  236  i02j05k07       291    620    4.569e+21    6.000e+21   11.63    2.133e-20  0.0444    25.98    41.23  1
  237  i02j05k07       861    670    6.025e+21    6.000e+21   11.63    2.133e-20  0.0444    25.98    41.23  1
  238  i02j05k07       546    652    4.868e+21    6.000e+21   11.63    2.133e-20  0.0444    25.98    41.23  1
  239  i02j05k07       521    781    7.101e+21    6.000e+21   11.63    2.133e-20  0.0444    25.98    41.23  1
  240  i02j05k07       689    679    5.328e+21    6.000e+21   11.63    2.133e-20  0.0444    25.98    41.23  1
  241  i02j05k07       855    483    5.607e+21    6.000e+21   11.63    2.133e-20  0.0444    25.98    41.23  1
  242  i02j05k07       231    782    6.042e+21    6.000e+21   11.63    2.133e-20  0.0444    25.98    41.23  1
  243  i02j05k07       361    898    4.783e+21    6.000e+21   11.63    2.133e-20  0.0444    25.98    41.23  1
  244  i02j05k07       626    744    6.427e+21    6.000e+21   11.63    2.133e-20  0.0444    25.98    41.23  1
  245  i05j13k04       459    433    2.085e+22    4.800e+22    7.16    6.858e-18  1.3732    96.94    22.45  1
  246  i03j11k06        44    266    1.363e+22    1.200e+22    8.90    8.385e-19  0.5827    27.75    31.81  1
  247  i03j11k06       221    532    2.042e+22    1.200e+22    8.90    8.385e-19  0.5827    27.75    31.81  1
  248  i04j10k06       233    467    2.457e+22    2.400e+22    8.28    6.371e-19  0.3792    22.98    29.92  1
  249  i04j10k06       415    418    2.495e+22    2.400e+22    8.28    6.371e-19  0.3792    22.98    29.92  1
  250  i03j10k06       769    479    1.372e+22    1.200e+22    9.08    6.594e-19  0.3795    22.10    29.49  1
  251  i04j09k06       375    410    2.117e+22    2.400e+22    8.38    4.674e-19  0.2472    19.72    27.88  1
  252  i04j09k06       727    488    2.347e+22    2.400e+22    8.38    4.674e-19  0.2472    19.72    27.88  1
  253  i03j09k06       403     89    1.123e+22    1.200e+22    9.29    4.724e-19  0.2469    19.24    27.56  1
  254  i03j09k06       680    596    1.317e+22    1.200e+22    9.29    4.724e-19  0.2469    19.24    27.56  1
  255  i02j09k06       372    564    8.953e+21    6.000e+21   10.13    4.836e-19  0.2470    18.81    27.25  1
  256  i02j09k06        75    134    8.743e+21    6.000e+21   10.13    4.836e-19  0.2470    18.81    27.25  1
  257  i04j08k06       192    118    1.823e+22    2.400e+22    8.47    3.221e-19  0.1608    18.00    26.74  1
  258  i04j08k06       379    315    1.936e+22    2.400e+22    8.47    3.221e-19  0.1608    18.00    26.74  1
  259  i03j08k06       158    125    1.523e+22    1.200e+22    9.50    3.197e-19  0.1608    17.78    26.65  1
  260  i03j08k06       459    465    1.510e+22    1.200e+22    9.50    3.197e-19  0.1608    17.78    26.65  1
  261  i03j08k06       836    811    9.620e+21    1.200e+22    9.50    3.197e-19  0.1608    17.78    26.65  1
  262  i02j08k06       919    623    9.112e+21    6.000e+21   10.51    3.265e-19  0.1607    17.47    26.37  1
  263  i02j08k06       272    424    9.665e+21    6.000e+21   10.51    3.265e-19  0.1607    17.47    26.37  1
  264  i03j07k06       142     98    9.767e+21    1.200e+22    9.67    2.138e-19  0.1047    16.93    25.99  1
  265  i03j07k06       272    242    1.777e+22    1.200e+22    9.67    2.138e-19  0.1047    16.93    25.99  1
  266  i03j07k06       826    730    1.317e+22    1.200e+22    9.67    2.138e-19  0.1047    16.93    25.99  1
  267  i03j06k06       308    171    9.144e+21    1.200e+22    9.80    1.402e-19  0.0682    16.48    25.62  1
  268  i03j06k06       327    448    9.313e+21    1.200e+22    9.80    1.402e-19  0.0682    16.48    25.62  1
  269  i03j06k06       337    432    1.009e+22    1.200e+22    9.80    1.402e-19  0.0682    16.48    25.62  1
  270  i03j06k06       367    288    1.286e+22    1.200e+22    9.80    1.402e-19  0.0682    16.48    25.62  1
  271  i02j06k06       802    476    6.802e+21    6.000e+21   11.13    1.422e-19  0.0682    16.32    25.45  1
  272  i02j06k06       728    229    6.847e+21    6.000e+21   11.13    1.422e-19  0.0682    16.32    25.45  1
  273  i02j06k06       741    924    5.637e+21    6.000e+21   11.13    1.422e-19  0.0682    16.32    25.45  1
  274  i01j04k06       334    747    4.161e+21    3.000e+21   13.16    5.827e-20  0.0289    16.10    25.43  1
  275  i03j05k06       291    403    1.028e+22    1.200e+22    9.90    9.190e-20  0.0445    16.19    25.41  1
  276  i02j05k06       616    225    4.868e+21    6.000e+21   11.34    9.133e-20  0.0445    16.16    25.40  1
  277  i02j05k06        49    872    7.486e+21    6.000e+21   11.34    9.133e-20  0.0445    16.16    25.40  1
  278  i02j05k06       368     45    7.618e+21    6.000e+21   11.34    9.133e-20  0.0445    16.16    25.40  1
  279  i02j05k06        45    497    7.635e+21    6.000e+21   11.34    9.133e-20  0.0445    16.16    25.40  1
  280  i02j05k06       865    874    5.083e+21    6.000e+21   11.34    9.133e-20  0.0445    16.16    25.40  1
  281  i02j05k06       587    617    5.512e+21    6.000e+21   11.34    9.133e-20  0.0445    16.16    25.40  1
  282  i02j05k06       412    652    4.843e+21    6.000e+21   11.34    9.133e-20  0.0445    16.16    25.40  1
  283  i01j05k06       863    107    2.979e+21    3.000e+21   12.83    9.354e-20  0.0444    15.98    25.18  1
  284  i01j03k06       121    924    4.251e+21    3.000e+21   13.37    3.904e-20  0.0188    15.87    25.15  1
  285  i01j03k06       941    340    3.583e+21    3.000e+21   13.37    3.904e-20  0.0188    15.87    25.15  1
  286  i01j03k06       383    756    4.220e+21    3.000e+21   13.37    3.904e-20  0.0188    15.87    25.15  1
  287  i02j04k06       423    634    4.798e+21    6.000e+21   11.49    6.197e-20  0.0289    15.80    24.99  1
  288  i04j10k03       219    511    2.196e+22    2.400e+22    7.23    1.854e-17  0.3794    22.50    18.83  1
  289  i03j09k01       298    416    1.085e+22    1.200e+22    6.75    1.266e-16  0.2471    18.10    17.25  1
  290  i03j06k05       162    214    1.730e+22    1.200e+22    9.41    6.091e-19  0.0683    10.43    18.25  1
  291  i03j06k05       155    263    1.742e+22    1.200e+22    9.41    6.091e-19  0.0683    10.43    18.25  1
  292  i03j09k04       110    291    1.525e+22    1.200e+22    8.01    5.863e-18  0.2472    12.21    17.80  1
  293  i03j08k01       433    191    1.160e+22    1.200e+22    6.74    1.331e-16  0.1610    10.88    15.58  1
  294  i05j08k01       271    292    3.027e+22    4.800e+22    6.65    1.170e-16  0.1609    10.89    15.59  1
  295  i05j08k03       273    325    2.805e+22    4.800e+22    7.05    1.486e-17  0.1610     8.75    15.67  1
  296  i03j08k02        49    332    1.735e+22    1.200e+22    7.08    4.488e-17  0.1610     8.93    15.30  1
