# Injection truth table -- cmf2.00_n600_s2030_flat  seed=2030
# observed-size cut FWHMSDbs in [15.0, 80.0] arcsec: 356 of 518 grid nodes retained
# Core mass function sampling:
# dN/dM proportional to M^(-2.00)  (dN/dlogM proportional to M^(-1.00))
# 600 reported masses drawn on [0.05, 6] M_sun; median 0.099 M_sun
# 600 cores assigned to 66 distinct grid nodes
# drawn reported mass versus node reported mass M_SED4bs: median 0.099 versus 0.0643 M_sun, median |log10 ratio| 0.175 dex
# drawn contrast versus node contrast at the drawn column: median 1.227 versus 1.243, median |log10 ratio| 0.010 dex
# drawn observed size versus node size FWHMSDbs: median 39.2 versus 41.4 arcsec, median |log10 ratio| 0.065 dex
# target background column: median 4.93e+21 cm^-2 (5th 3.10e+21, 95th 1.36e+22)
# slope of the true masses M_BE actually assigned, above 0.10 M_sun: x = 1.81 +/- 0.11  (nominal input x = 1.00)
# slope of the true masses M_BE actually assigned, above 0.20 M_sun: x = 1.55 +/- 0.17  (nominal input x = 1.00)
# centers of injected cores must clear the footprints of the real sources by 18.2 arcsec; the footprints themselves cover 6.5% of the field
# sep_criterion=36.3"  scale_factor=1  local_Sigma/SD_emb in cm-2  T_BE in K  rho_BE in cm-3  M_BE in Msun  R_BE_as in arcsec (truncation radius of the sphere)  FWHM_SD in arcsec (observed major axis at half maximum of the model in the surface-density image, FWHMSDbs)
# id    model         x_pix  y_pix  local_Sigma  SD_emb       T_BE   rho_BE       M_BE    R_BE_as  FWHM_SD  scale
#----------------------------------------------------------------------------------------------------------------
  001  i04j15k06       243    191    1.681e+22    2.400e+22    8.03    1.253e-18  3.2377   199.49    33.28  1
  002  i04j15k06       433    394    1.695e+22    2.400e+22    8.03    1.253e-18  3.2377   199.49    33.28  1
  003  i04j14k05       292    359    2.907e+22    2.400e+22    7.77    3.227e-18  2.1090   136.05    25.86  1
  004  i04j14k05       739    498    1.637e+22    2.400e+22    7.77    3.227e-18  2.1090   136.05    25.86  1
  005  i03j13k08       192    355    1.378e+22    1.200e+22    9.55    1.131e-19  1.3733    66.36    75.60  1
  006  i03j12k08       547    360    1.347e+22    1.200e+22    9.67    8.537e-20  0.8945    55.27    74.38  1
  007  i03j12k08       654    433    1.322e+22    1.200e+22    9.67    8.537e-20  0.8945    55.27    74.38  1
  008  i03j12k08        48    669    1.462e+22    1.200e+22    9.67    8.537e-20  0.8945    55.27    74.38  1
  009  i03j11k08       351    446    1.011e+22    1.200e+22    9.78    5.947e-20  0.5826    49.61    73.10  1
  010  i03j11k08       670    353    9.196e+21    1.200e+22    9.78    5.947e-20  0.5826    49.61    73.10  1
  011  i02j11k08        52     69    8.948e+21    6.000e+21   11.07    6.123e-20  0.5822    48.29    72.31  1
  012  i03j10k08       788    737    1.026e+22    1.200e+22    9.88    4.058e-20  0.3789    46.31    71.51  1
  013  i03j10k08        99    137    1.019e+22    1.200e+22    9.88    4.058e-20  0.3789    46.31    71.51  1
  014  i02j10k08       345    210    8.855e+21    6.000e+21   11.28    4.053e-20  0.3793    45.79    71.36  1
  015  i02j09k08       505    148    6.734e+21    6.000e+21   11.45    2.620e-20  0.2468    44.54    70.98  1
  016  i02j09k08       569     89    4.788e+21    6.000e+21   11.45    2.620e-20  0.2468    44.54    70.98  1
  017  i02j09k08       321    139    7.409e+21    6.000e+21   11.45    2.620e-20  0.2468    44.54    70.98  1
  018  i02j09k08        77    476    7.843e+21    6.000e+21   11.45    2.620e-20  0.2468    44.54    70.98  1
  019  i02j09k08       193    654    6.408e+21    6.000e+21   11.45    2.620e-20  0.2468    44.54    70.98  1
  020  i02j09k08       902    587    6.808e+21    6.000e+21   11.45    2.620e-20  0.2468    44.54    70.98  1
  021  i02j09k08       854    588    7.048e+21    6.000e+21   11.45    2.620e-20  0.2468    44.54    70.98  1
  022  i02j09k08       545    553    7.215e+21    6.000e+21   11.45    2.620e-20  0.2468    44.54    70.98  1
  023  i02j09k08       550    220    6.622e+21    6.000e+21   11.45    2.620e-20  0.2468    44.54    70.98  1
  024  i02j09k08       657    259    6.277e+21    6.000e+21   11.45    2.620e-20  0.2468    44.54    70.98  1
  025  i02j09k08       814    172    5.043e+21    6.000e+21   11.45    2.620e-20  0.2468    44.54    70.98  1
  026  i02j09k08       869    694    6.759e+21    6.000e+21   11.45    2.620e-20  0.2468    44.54    70.98  1
  027  i02j09k08       512    914    5.500e+21    6.000e+21   11.45    2.620e-20  0.2468    44.54    70.98  1
  028  i02j09k08       932    611    6.493e+21    6.000e+21   11.45    2.620e-20  0.2468    44.54    70.98  1
  029  i02j09k08        59    819    6.351e+21    6.000e+21   11.45    2.620e-20  0.2468    44.54    70.98  1
  030  i02j09k08       839    427    6.130e+21    6.000e+21   11.45    2.620e-20  0.2468    44.54    70.98  1
  031  i02j09k08       651    627    6.518e+21    6.000e+21   11.45    2.620e-20  0.2468    44.54    70.98  1
  032  i02j09k08       404    635    5.221e+21    6.000e+21   11.45    2.620e-20  0.2468    44.54    70.98  1
  033  i03j09k08       611    551    9.933e+21    1.200e+22    9.95    2.644e-20  0.2469    44.77    70.96  1
  034  i03j09k08       393     86    9.481e+21    1.200e+22    9.95    2.644e-20  0.2469    44.77    70.96  1
  035  i03j09k08       706    515    1.447e+22    1.200e+22    9.95    2.644e-20  0.2469    44.77    70.96  1
  036  i03j09k08        57    337    1.349e+22    1.200e+22    9.95    2.644e-20  0.2469    44.77    70.96  1
  037  i02j08k08       219    773    5.836e+21    6.000e+21   11.57    1.732e-20  0.1607    43.52    70.24  1
  038  i02j08k08       879    822    6.027e+21    6.000e+21   11.57    1.732e-20  0.1607    43.52    70.24  1
  039  i02j08k08       582    867    5.312e+21    6.000e+21   11.57    1.732e-20  0.1607    43.52    70.24  1
  040  i02j08k08       828    459    5.419e+21    6.000e+21   11.57    1.732e-20  0.1607    43.52    70.24  1
  041  i02j08k08       563    919    4.966e+21    6.000e+21   11.57    1.732e-20  0.1607    43.52    70.24  1
  042  i02j08k08       460    742    5.248e+21    6.000e+21   11.57    1.732e-20  0.1607    43.52    70.24  1
  043  i02j08k08       260    599    5.612e+21    6.000e+21   11.57    1.732e-20  0.1607    43.52    70.24  1
  044  i02j08k08        94    732    7.108e+21    6.000e+21   11.57    1.732e-20  0.1607    43.52    70.24  1
  045  i02j08k08       932    566    5.452e+21    6.000e+21   11.57    1.732e-20  0.1607    43.52    70.24  1
  046  i02j08k08       792    377    4.881e+21    6.000e+21   11.57    1.732e-20  0.1607    43.52    70.24  1
  047  i02j08k08       834    384    5.030e+21    6.000e+21   11.57    1.732e-20  0.1607    43.52    70.24  1
  048  i02j08k08       387    583    6.769e+21    6.000e+21   11.57    1.732e-20  0.1607    43.52    70.24  1
  049  i02j08k08       138    715    6.677e+21    6.000e+21   11.57    1.732e-20  0.1607    43.52    70.24  1
  050  i02j08k08       724    705    5.776e+21    6.000e+21   11.57    1.732e-20  0.1607    43.52    70.24  1
  051  i02j08k08       303    911    4.596e+21    6.000e+21   11.57    1.732e-20  0.1607    43.52    70.24  1
  052  i02j08k08       459    630    5.012e+21    6.000e+21   11.57    1.732e-20  0.1607    43.52    70.24  1
  053  i01j08k08       589    180    4.235e+21    3.000e+21   13.29    1.748e-20  0.1609    43.23    69.90  1
  054  i01j08k08       463    672    4.222e+21    3.000e+21   13.29    1.748e-20  0.1609    43.23    69.90  1
  055  i01j08k08       190    845    4.222e+21    3.000e+21   13.29    1.748e-20  0.1609    43.23    69.90  1
  056  i01j08k08       612     48    4.177e+21    3.000e+21   13.29    1.748e-20  0.1609    43.23    69.90  1
  057  i01j08k08       656    858    4.240e+21    3.000e+21   13.29    1.748e-20  0.1609    43.23    69.90  1
  058  i01j08k08       232    924    4.162e+21    3.000e+21   13.29    1.748e-20  0.1609    43.23    69.90  1
  059  i01j08k08       338    745    4.111e+21    3.000e+21   13.29    1.748e-20  0.1609    43.23    69.90  1
  060  i01j07k08       792    263    3.562e+21    3.000e+21   13.48    1.138e-20  0.1048    42.80    69.54  1
  061  i01j07k08       934    328    3.418e+21    3.000e+21   13.48    1.138e-20  0.1048    42.80    69.54  1
  062  i01j07k08       391    787    4.195e+21    3.000e+21   13.48    1.138e-20  0.1048    42.80    69.54  1
  063  i01j07k08       223    880    4.178e+21    3.000e+21   13.48    1.138e-20  0.1048    42.80    69.54  1
  064  i01j07k08       650     50    3.494e+21    3.000e+21   13.48    1.138e-20  0.1048    42.80    69.54  1
  065  i01j07k08       735    268    4.214e+21    3.000e+21   13.48    1.138e-20  0.1048    42.80    69.54  1
  066  i01j07k08       688    851    4.302e+21    3.000e+21   13.48    1.138e-20  0.1048    42.80    69.54  1
  067  i01j07k08       705    924    4.245e+21    3.000e+21   13.48    1.138e-20  0.1048    42.80    69.54  1
  068  i01j07k08       936     59    2.864e+21    3.000e+21   13.48    1.138e-20  0.1048    42.80    69.54  1
  069  i01j07k08       902    295    2.967e+21    3.000e+21   13.48    1.138e-20  0.1048    42.80    69.54  1
  070  i01j07k08       452    839    4.314e+21    3.000e+21   13.48    1.138e-20  0.1048    42.80    69.54  1
  071  i01j07k08       861    317    3.456e+21    3.000e+21   13.48    1.138e-20  0.1048    42.80    69.54  1
  072  i01j07k08       621    887    4.242e+21    3.000e+21   13.48    1.138e-20  0.1048    42.80    69.54  1
  073  i01j07k08       865     51    2.913e+21    3.000e+21   13.48    1.138e-20  0.1048    42.80    69.54  1
  074  i01j07k08       692    789    4.205e+21    3.000e+21   13.48    1.138e-20  0.1048    42.80    69.54  1
  075  i01j07k08       379    817    4.281e+21    3.000e+21   13.48    1.138e-20  0.1048    42.80    69.54  1
  076  i01j07k08       902    220    2.618e+21    3.000e+21   13.48    1.138e-20  0.1048    42.80    69.54  1
  077  i01j07k08       891    888    4.192e+21    3.000e+21   13.48    1.138e-20  0.1048    42.80    69.54  1
  078  i02j07k08       505    662    4.447e+21    6.000e+21   11.65    1.151e-20  0.1047    42.76    69.32  1
  079  i02j07k08       702    260    5.890e+21    6.000e+21   11.65    1.151e-20  0.1047    42.76    69.32  1
  080  i02j07k08       911    716    5.854e+21    6.000e+21   11.65    1.151e-20  0.1047    42.76    69.32  1
  081  i02j07k08       542    838    5.710e+21    6.000e+21   11.65    1.151e-20  0.1047    42.76    69.32  1
  082  i02j07k08       268    865    5.015e+21    6.000e+21   11.65    1.151e-20  0.1047    42.76    69.32  1
  083  i02j07k08        98    765    5.862e+21    6.000e+21   11.65    1.151e-20  0.1047    42.76    69.32  1
  084  i02j07k08        95    890    5.424e+21    6.000e+21   11.65    1.151e-20  0.1047    42.76    69.32  1
  085  i02j07k08       146    873    4.504e+21    6.000e+21   11.65    1.151e-20  0.1047    42.76    69.32  1
  086  i02j07k08       443    904    4.940e+21    6.000e+21   11.65    1.151e-20  0.1047    42.76    69.32  1
  087  i02j07k08       171    807    4.456e+21    6.000e+21   11.65    1.151e-20  0.1047    42.76    69.32  1
  088  i02j07k08       333    926    4.744e+21    6.000e+21   11.65    1.151e-20  0.1047    42.76    69.32  1
  089  i02j07k08       758    161    7.618e+21    6.000e+21   11.65    1.151e-20  0.1047    42.76    69.32  1
  090  i02j07k08       661    177    4.865e+21    6.000e+21   11.65    1.151e-20  0.1047    42.76    69.32  1
  091  i02j07k08       635    234    5.662e+21    6.000e+21   11.65    1.151e-20  0.1047    42.76    69.32  1
  092  i02j07k08       884    486    5.930e+21    6.000e+21   11.65    1.151e-20  0.1047    42.76    69.32  1
  093  i02j07k08       592    787    4.493e+21    6.000e+21   11.65    1.151e-20  0.1047    42.76    69.32  1
  094  i02j07k08       731    869    5.785e+21    6.000e+21   11.65    1.151e-20  0.1047    42.76    69.32  1
  095  i02j07k08       295    709    4.625e+21    6.000e+21   11.65    1.151e-20  0.1047    42.76    69.32  1
  096  i02j07k08       693    744    5.001e+21    6.000e+21   11.65    1.151e-20  0.1047    42.76    69.32  1
  097  i02j07k08       130    784    5.119e+21    6.000e+21   11.65    1.151e-20  0.1047    42.76    69.32  1
  098  i02j07k08       784    233    4.594e+21    6.000e+21   11.65    1.151e-20  0.1047    42.76    69.32  1
  099  i02j07k08       933    740    6.044e+21    6.000e+21   11.65    1.151e-20  0.1047    42.76    69.32  1
  100  i02j07k08       327    697    4.550e+21    6.000e+21   11.65    1.151e-20  0.1047    42.76    69.32  1
  101  i02j07k08       776    819    7.432e+21    6.000e+21   11.65    1.151e-20  0.1047    42.76    69.32  1
  102  i02j07k08       880    743    5.989e+21    6.000e+21   11.65    1.151e-20  0.1047    42.76    69.32  1
  103  i02j07k08       419    935    4.484e+21    6.000e+21   11.65    1.151e-20  0.1047    42.76    69.32  1
  104  i02j07k08       732    398    6.032e+21    6.000e+21   11.65    1.151e-20  0.1047    42.76    69.32  1
  105  i02j07k08       365    933    4.502e+21    6.000e+21   11.65    1.151e-20  0.1047    42.76    69.32  1
  106  i02j07k08       822    892    5.980e+21    6.000e+21   11.65    1.151e-20  0.1047    42.76    69.32  1
  107  i02j07k08       922    835    4.583e+21    6.000e+21   11.65    1.151e-20  0.1047    42.76    69.32  1
  108  i02j07k08        54    402    6.014e+21    6.000e+21   11.65    1.151e-20  0.1047    42.76    69.32  1
  109  i02j07k08       530     47    4.697e+21    6.000e+21   11.65    1.151e-20  0.1047    42.76    69.32  1
  110  i02j07k08       907    390    5.136e+21    6.000e+21   11.65    1.151e-20  0.1047    42.76    69.32  1
  111  i02j07k08       591    594    7.061e+21    6.000e+21   11.65    1.151e-20  0.1047    42.76    69.32  1
  112  i02j07k08       181    749    5.728e+21    6.000e+21   11.65    1.151e-20  0.1047    42.76    69.32  1
  113  i02j07k08       219    815    4.905e+21    6.000e+21   11.65    1.151e-20  0.1047    42.76    69.32  1
  114  i02j07k08       546    655    4.952e+21    6.000e+21   11.65    1.151e-20  0.1047    42.76    69.32  1
  115  i02j07k08       159    692    7.193e+21    6.000e+21   11.65    1.151e-20  0.1047    42.76    69.32  1
  116  i01j06k08       289    789    4.185e+21    3.000e+21   13.60    7.757e-21  0.0683    41.90    68.40  1
  117  i01j06k08       652    122    3.878e+21    3.000e+21   13.60    7.757e-21  0.0683    41.90    68.40  1
  118  i01j06k08       700    108    3.569e+21    3.000e+21   13.60    7.757e-21  0.0683    41.90    68.40  1
  119  i01j06k08       833    300    3.553e+21    3.000e+21   13.60    7.757e-21  0.0683    41.90    68.40  1
  120  i01j06k08       194    925    3.791e+21    3.000e+21   13.60    7.757e-21  0.0683    41.90    68.40  1
  121  i01j06k08       615    103    3.835e+21    3.000e+21   13.60    7.757e-21  0.0683    41.90    68.40  1
  122  i01j06k08       888    132    2.747e+21    3.000e+21   13.60    7.757e-21  0.0683    41.90    68.40  1
  123  i01j06k08       911    186    2.629e+21    3.000e+21   13.60    7.757e-21  0.0683    41.90    68.40  1
  124  i01j06k08       800     60    3.201e+21    3.000e+21   13.60    7.757e-21  0.0683    41.90    68.40  1
  125  i01j06k08       861    267    2.996e+21    3.000e+21   13.60    7.757e-21  0.0683    41.90    68.40  1
  126  i01j06k08       435    791    4.142e+21    3.000e+21   13.60    7.757e-21  0.0683    41.90    68.40  1
  127  i01j06k08       798    341    3.702e+21    3.000e+21   13.60    7.757e-21  0.0683    41.90    68.40  1
  128  i01j06k08       752    308    3.593e+21    3.000e+21   13.60    7.757e-21  0.0683    41.90    68.40  1
  129  i01j06k08       562     54    4.331e+21    3.000e+21   13.60    7.757e-21  0.0683    41.90    68.40  1
  130  i01j06k08       338    777    3.993e+21    3.000e+21   13.60    7.757e-21  0.0683    41.90    68.40  1
  131  i01j06k08       934    145    2.874e+21    3.000e+21   13.60    7.757e-21  0.0683    41.90    68.40  1
  132  i01j06k08       683     45    3.220e+21    3.000e+21   13.60    7.757e-21  0.0683    41.90    68.40  1
  133  i01j06k08       621    932    3.799e+21    3.000e+21   13.60    7.757e-21  0.0683    41.90    68.40  1
  134  i01j06k08       317    808    4.047e+21    3.000e+21   13.60    7.757e-21  0.0683    41.90    68.40  1
  135  i01j06k08       761     67    3.143e+21    3.000e+21   13.60    7.757e-21  0.0683    41.90    68.40  1
  136  i01j06k08       824    254    3.556e+21    3.000e+21   13.60    7.757e-21  0.0683    41.90    68.40  1
  137  i01j06k08       804    129    3.545e+21    3.000e+21   13.60    7.757e-21  0.0683    41.90    68.40  1
  138  i01j06k08       743    113    3.592e+21    3.000e+21   13.60    7.757e-21  0.0683    41.90    68.40  1
  139  i01j06k08       412    886    4.328e+21    3.000e+21   13.60    7.757e-21  0.0683    41.90    68.40  1
  140  i01j06k08       713     50    3.199e+21    3.000e+21   13.60    7.757e-21  0.0683    41.90    68.40  1
  141  i01j06k08       853    349    3.836e+21    3.000e+21   13.60    7.757e-21  0.0683    41.90    68.40  1
  142  i01j06k08       936    283    3.189e+21    3.000e+21   13.60    7.757e-21  0.0683    41.90    68.40  1
  143  i01j06k08       177    886    4.047e+21    3.000e+21   13.60    7.757e-21  0.0683    41.90    68.40  1
  144  i01j06k08       643    909    3.785e+21    3.000e+21   13.60    7.757e-21  0.0683    41.90    68.40  1
  145  i01j06k08       885    356    3.482e+21    3.000e+21   13.60    7.757e-21  0.0683    41.90    68.40  1
  146  i01j06k08       849     81    2.848e+21    3.000e+21   13.60    7.757e-21  0.0683    41.90    68.40  1
  147  i01j06k08       838    150    3.667e+21    3.000e+21   13.60    7.757e-21  0.0683    41.90    68.40  1
  148  i01j06k08       663     87    3.515e+21    3.000e+21   13.60    7.757e-21  0.0683    41.90    68.40  1
  149  i01j06k08       814     96    3.213e+21    3.000e+21   13.60    7.757e-21  0.0683    41.90    68.40  1
  150  i01j06k08       850    218    3.643e+21    3.000e+21   13.60    7.757e-21  0.0683    41.90    68.40  1
  151  i01j06k08       775    110    3.551e+21    3.000e+21   13.60    7.757e-21  0.0683    41.90    68.40  1
  152  i01j06k08       931    370    3.755e+21    3.000e+21   13.60    7.757e-21  0.0683    41.90    68.40  1
  153  i01j06k08       674    917    3.840e+21    3.000e+21   13.60    7.757e-21  0.0683    41.90    68.40  1
  154  i01j06k08       828    331    3.674e+21    3.000e+21   13.60    7.757e-21  0.0683    41.90    68.40  1
  155  i01j06k08       596    150    3.907e+21    3.000e+21   13.60    7.757e-21  0.0683    41.90    68.40  1
  156  i01j06k08       881    192    3.340e+21    3.000e+21   13.60    7.757e-21  0.0683    41.90    68.40  1
  157  i01j06k08       274    835    4.358e+21    3.000e+21   13.60    7.757e-21  0.0683    41.90    68.40  1
  158  i01j06k08       903    326    3.099e+21    3.000e+21   13.60    7.757e-21  0.0683    41.90    68.40  1
  159  i01j06k08       725     88    3.251e+21    3.000e+21   13.60    7.757e-21  0.0683    41.90    68.40  1
  160  i01j06k08       803    292    3.510e+21    3.000e+21   13.60    7.757e-21  0.0683    41.90    68.40  1
  161  i01j06k08       834     54    3.150e+21    3.000e+21   13.60    7.757e-21  0.0683    41.90    68.40  1
  162  i01j06k08       834    119    3.040e+21    3.000e+21   13.60    7.757e-21  0.0683    41.90    68.40  1
  163  i01j06k08       634     77    3.894e+21    3.000e+21   13.60    7.757e-21  0.0683    41.90    68.40  1
  164  i01j06k08       626    143    3.833e+21    3.000e+21   13.60    7.757e-21  0.0683    41.90    68.40  1
  165  i01j06k08       906    103    2.718e+21    3.000e+21   13.60    7.757e-21  0.0683    41.90    68.40  1
  166  i01j06k08       667    887    4.005e+21    3.000e+21   13.60    7.757e-21  0.0683    41.90    68.40  1
  167  i01j06k08       881     85    2.705e+21    3.000e+21   13.60    7.757e-21  0.0683    41.90    68.40  1
  168  i04j13k05       536    445    1.450e+22    2.400e+22    7.81    2.808e-18  1.3736    79.93    26.40  1
  169  i04j12k07       336    298    2.027e+22    2.400e+22    8.38    2.950e-19  0.8944    45.31    48.15  1
  170  i04j11k07       405    383    2.384e+22    2.400e+22    8.44    2.302e-19  0.5823    36.29    46.53  1
  171  i03j11k07       514    306    1.325e+22    1.200e+22    9.42    2.387e-19  0.5824    34.79    45.97  1
  172  i03j11k07       222    408    1.569e+22    1.200e+22    9.42    2.387e-19  0.5824    34.79    45.97  1
  173  i02j11k07       408     44    8.352e+21    6.000e+21   10.36    2.427e-19  0.5823    33.76    45.65  1
  174  i02j11k07       866    422    8.719e+21    6.000e+21   10.36    2.427e-19  0.5823    33.76    45.65  1
  175  i04j10k07        93    228    1.918e+22    2.400e+22    8.51    1.667e-19  0.3795    31.58    44.57  1
  176  i03j10k07       332    481    1.349e+22    1.200e+22    9.58    1.701e-19  0.3793    30.72    44.03  1
  177  i03j10k07       166    122    1.632e+22    1.200e+22    9.58    1.701e-19  0.3793    30.72    44.03  1
  178  i03j10k07       132    201    1.614e+22    1.200e+22    9.58    1.701e-19  0.3793    30.72    44.03  1
  179  i03j10k07       268    399    1.184e+22    1.200e+22    9.58    1.701e-19  0.3793    30.72    44.03  1
  180  i03j10k07       101    337    1.211e+22    1.200e+22    9.58    1.701e-19  0.3793    30.72    44.03  1
  181  i05j12k04       334    381    2.644e+22    4.800e+22    7.15    7.441e-18  0.8944    59.47    21.91  1
  182  i03j09k07       407    330    1.295e+22    1.200e+22    9.72    1.145e-19  0.2471    28.64    43.00  1
  183  i03j09k07       147    388    1.181e+22    1.200e+22    9.72    1.145e-19  0.2471    28.64    43.00  1
  184  i03j09k07       538    742    1.147e+22    1.200e+22    9.72    1.145e-19  0.2471    28.64    43.00  1
  185  i03j09k07       165    300    1.698e+22    1.200e+22    9.72    1.145e-19  0.2471    28.64    43.00  1
  186  i03j09k07       867    514    1.047e+22    1.200e+22    9.72    1.145e-19  0.2471    28.64    43.00  1
  187  i02j09k07       378    262    8.212e+21    6.000e+21   10.96    1.158e-19  0.2469    28.19    42.64  1
  188  i02j09k07        46    860    8.605e+21    6.000e+21   10.96    1.158e-19  0.2469    28.19    42.64  1
  189  i02j09k07       370    129    8.234e+21    6.000e+21   10.96    1.158e-19  0.2469    28.19    42.64  1
  190  i02j09k07       366     58    8.515e+21    6.000e+21   10.96    1.158e-19  0.2469    28.19    42.64  1
  191  i02j09k07       529    612    5.773e+21    6.000e+21   10.96    1.158e-19  0.2469    28.19    42.64  1
  192  i02j09k07       492    331    8.594e+21    6.000e+21   10.96    1.158e-19  0.2469    28.19    42.64  1
  193  i02j09k07       493    122    8.062e+21    6.000e+21   10.96    1.158e-19  0.2469    28.19    42.64  1
  194  i02j09k07        75    846    7.045e+21    6.000e+21   10.96    1.158e-19  0.2469    28.19    42.64  1
  195  i02j09k07       514    713    8.585e+21    6.000e+21   10.96    1.158e-19  0.2469    28.19    42.64  1
  196  i03j08k07       467    292    9.325e+21    1.200e+22    9.84    7.507e-20  0.1608    27.53    42.39  1
  197  i03j08k07       264    536    9.807e+21    1.200e+22    9.84    7.507e-20  0.1608    27.53    42.39  1
  198  i03j08k07       154    188    1.290e+22    1.200e+22    9.84    7.507e-20  0.1608    27.53    42.39  1
  199  i03j08k07       382    552    1.057e+22    1.200e+22    9.84    7.507e-20  0.1608    27.53    42.39  1
  200  i03j08k07       407    512    1.225e+22    1.200e+22    9.84    7.507e-20  0.1608    27.53    42.39  1
  201  i03j08k07       127    293    1.318e+22    1.200e+22    9.84    7.507e-20  0.1608    27.53    42.39  1
  202  i03j06k07       383    492    1.031e+22    1.200e+22    9.99    3.111e-20  0.0683    26.74    42.24  1
  203  i02j08k07       495     50    6.798e+21    6.000e+21   11.21    7.568e-20  0.1608    27.25    42.21  1
  204  i02j08k07       640    293    6.322e+21    6.000e+21   11.21    7.568e-20  0.1608    27.25    42.21  1
  205  i02j08k07       259    115    8.068e+21    6.000e+21   11.21    7.568e-20  0.1608    27.25    42.21  1
  206  i02j08k07       893    656    6.852e+21    6.000e+21   11.21    7.568e-20  0.1608    27.25    42.21  1
  207  i02j08k07        71    752    6.692e+21    6.000e+21   11.21    7.568e-20  0.1608    27.25    42.21  1
  208  i02j08k07       123    383    8.438e+21    6.000e+21   11.21    7.568e-20  0.1608    27.25    42.21  1
  209  i02j08k07       830    627    8.251e+21    6.000e+21   11.21    7.568e-20  0.1608    27.25    42.21  1
  210  i01j08k07       727    293    4.168e+21    3.000e+21   12.58    7.540e-20  0.1607    27.11    42.17  1
  211  i01j08k07       580    128    4.705e+21    3.000e+21   12.58    7.540e-20  0.1607    27.11    42.17  1
  212  i01j08k07       898    771    4.562e+21    3.000e+21   12.58    7.540e-20  0.1607    27.11    42.17  1
  213  i03j07k07       506    214    8.865e+21    1.200e+22    9.93    4.927e-20  0.1047    26.84    42.00  1
  214  i03j07k07       586    723    9.798e+21    1.200e+22    9.93    4.927e-20  0.1047    26.84    42.00  1
  215  i03j07k07       620    378    9.581e+21    1.200e+22    9.93    4.927e-20  0.1047    26.84    42.00  1
  216  i03j07k07       302    543    9.247e+21    1.200e+22    9.93    4.927e-20  0.1047    26.84    42.00  1
  217  i03j07k07       200    596    1.014e+22    1.200e+22    9.93    4.927e-20  0.1047    26.84    42.00  1
  218  i03j07k07       245     65    9.517e+21    1.200e+22    9.93    4.927e-20  0.1047    26.84    42.00  1
  219  i03j07k07       307    400    1.079e+22    1.200e+22    9.93    4.927e-20  0.1047    26.84    42.00  1
  220  i02j07k07       649    823    4.957e+21    6.000e+21   11.39    4.978e-20  0.1048    26.62    41.72  1
  221  i02j07k07       571    561    6.985e+21    6.000e+21   11.39    4.978e-20  0.1048    26.62    41.72  1
  222  i02j07k07       575    668    8.161e+21    6.000e+21   11.39    4.978e-20  0.1048    26.62    41.72  1
  223  i02j07k07       453    325    7.566e+21    6.000e+21   11.39    4.978e-20  0.1048    26.62    41.72  1
  224  i02j07k07       762    720    7.381e+21    6.000e+21   11.39    4.978e-20  0.1048    26.62    41.72  1
  225  i02j07k07       251    685    5.133e+21    6.000e+21   11.39    4.978e-20  0.1048    26.62    41.72  1
  226  i02j07k07       100    670    9.041e+21    6.000e+21   11.39    4.978e-20  0.1048    26.62    41.72  1
  227  i02j07k07       708    235    7.395e+21    6.000e+21   11.39    4.978e-20  0.1048    26.62    41.72  1
  228  i02j07k07       616    825    4.943e+21    6.000e+21   11.39    4.978e-20  0.1048    26.62    41.72  1
  229  i02j07k07        53    929    6.418e+21    6.000e+21   11.39    4.978e-20  0.1048    26.62    41.72  1
  230  i02j07k07       390    281    7.952e+21    6.000e+21   11.39    4.978e-20  0.1048    26.62    41.72  1
  231  i02j07k07        46    547    8.272e+21    6.000e+21   11.39    4.978e-20  0.1048    26.62    41.72  1
  232  i02j07k07       853    465    5.799e+21    6.000e+21   11.39    4.978e-20  0.1048    26.62    41.72  1
  233  i02j07k07       598    455    8.072e+21    6.000e+21   11.39    4.978e-20  0.1048    26.62    41.72  1
  234  i02j07k07       644    750    5.806e+21    6.000e+21   11.39    4.978e-20  0.1048    26.62    41.72  1
  235  i02j07k07       558    615    5.795e+21    6.000e+21   11.39    4.978e-20  0.1048    26.62    41.72  1
  236  i02j07k07       512    849    6.922e+21    6.000e+21   11.39    4.978e-20  0.1048    26.62    41.72  1
  237  i02j07k07       527    693    6.883e+21    6.000e+21   11.39    4.978e-20  0.1048    26.62    41.72  1
  238  i02j07k07       910    516    6.211e+21    6.000e+21   11.39    4.978e-20  0.1048    26.62    41.72  1
  239  i02j07k07       569    417    7.480e+21    6.000e+21   11.39    4.978e-20  0.1048    26.62    41.72  1
  240  i02j07k07       683    645    8.160e+21    6.000e+21   11.39    4.978e-20  0.1048    26.62    41.72  1
  241  i02j07k07       565    391    8.415e+21    6.000e+21   11.39    4.978e-20  0.1048    26.62    41.72  1
  242  i02j07k07       659    314    7.076e+21    6.000e+21   11.39    4.978e-20  0.1048    26.62    41.72  1
  243  i02j07k07       756    751    5.986e+21    6.000e+21   11.39    4.978e-20  0.1048    26.62    41.72  1
  244  i02j07k07       155     83    8.766e+21    6.000e+21   11.39    4.978e-20  0.1048    26.62    41.72  1
  245  i02j07k07       424    248    8.132e+21    6.000e+21   11.39    4.978e-20  0.1048    26.62    41.72  1
  246  i02j07k07        71    877    6.987e+21    6.000e+21   11.39    4.978e-20  0.1048    26.62    41.72  1
  247  i02j07k07        80    933    6.342e+21    6.000e+21   11.39    4.978e-20  0.1048    26.62    41.72  1
  248  i02j07k07        59    596    8.727e+21    6.000e+21   11.39    4.978e-20  0.1048    26.62    41.72  1
  249  i02j07k07       613    251    5.439e+21    6.000e+21   11.39    4.978e-20  0.1048    26.62    41.72  1
  250  i02j07k07       147     55    7.896e+21    6.000e+21   11.39    4.978e-20  0.1048    26.62    41.72  1
  251  i02j07k07       724    568    7.329e+21    6.000e+21   11.39    4.978e-20  0.1048    26.62    41.72  1
  252  i01j06k07       828    358    4.056e+21    3.000e+21   13.23    3.190e-20  0.0682    26.35    41.68  1
  253  i01j06k07       276    924    4.021e+21    3.000e+21   13.23    3.190e-20  0.0682    26.35    41.68  1
  254  i01j06k07       765    271    3.365e+21    3.000e+21   13.23    3.190e-20  0.0682    26.35    41.68  1
  255  i01j06k07       620    187    4.273e+21    3.000e+21   13.23    3.190e-20  0.0682    26.35    41.68  1
  256  i01j06k07       320    865    4.384e+21    3.000e+21   13.23    3.190e-20  0.0682    26.35    41.68  1
  257  i01j06k07       779    322    3.670e+21    3.000e+21   13.23    3.190e-20  0.0682    26.35    41.68  1
  258  i01j06k07       302    760    4.314e+21    3.000e+21   13.23    3.190e-20  0.0682    26.35    41.68  1
  259  i01j06k07       405    821    4.209e+21    3.000e+21   13.23    3.190e-20  0.0682    26.35    41.68  1
  260  i01j06k07       760    245    4.001e+21    3.000e+21   13.23    3.190e-20  0.0682    26.35    41.68  1
  261  i01j06k07       591     75    4.120e+21    3.000e+21   13.23    3.190e-20  0.0682    26.35    41.68  1
  262  i01j06k07       867    917    4.488e+21    3.000e+21   13.23    3.190e-20  0.0682    26.35    41.68  1
  263  i01j06k07       419    848    4.105e+21    3.000e+21   13.23    3.190e-20  0.0682    26.35    41.68  1
  264  i01j06k07       648    935    3.912e+21    3.000e+21   13.23    3.190e-20  0.0682    26.35    41.68  1
  265  i01j06k07       701    824    4.277e+21    3.000e+21   13.23    3.190e-20  0.0682    26.35    41.68  1
  266  i01j06k07       866    163    3.687e+21    3.000e+21   13.23    3.190e-20  0.0682    26.35    41.68  1
  267  i01j06k07       171    939    4.014e+21    3.000e+21   13.23    3.190e-20  0.0682    26.35    41.68  1
  268  i01j06k07       652    147    4.036e+21    3.000e+21   13.23    3.190e-20  0.0682    26.35    41.68  1
  269  i01j06k07       682    818    4.325e+21    3.000e+21   13.23    3.190e-20  0.0682    26.35    41.68  1
  270  i01j06k07       739     42    3.374e+21    3.000e+21   13.23    3.190e-20  0.0682    26.35    41.68  1
  271  i01j06k07       294    939    4.171e+21    3.000e+21   13.23    3.190e-20  0.0682    26.35    41.68  1
  272  i01j06k07       916    780    4.670e+21    3.000e+21   13.23    3.190e-20  0.0682    26.35    41.68  1
  273  i01j06k07       667    834    4.666e+21    3.000e+21   13.23    3.190e-20  0.0682    26.35    41.68  1
  274  i01j06k07       821    228    4.025e+21    3.000e+21   13.23    3.190e-20  0.0682    26.35    41.68  1
  275  i01j07k07       372    751    4.225e+21    3.000e+21   12.94    4.994e-20  0.1047    26.48    41.65  1
  276  i01j07k07       414    804    4.187e+21    3.000e+21   12.94    4.994e-20  0.1047    26.48    41.65  1
  277  i01j07k07       790     90    3.754e+21    3.000e+21   12.94    4.994e-20  0.1047    26.48    41.65  1
  278  i01j07k07       198    900    4.123e+21    3.000e+21   12.94    4.994e-20  0.1047    26.48    41.65  1
  279  i01j07k07       572    156    4.193e+21    3.000e+21   12.94    4.994e-20  0.1047    26.48    41.65  1
  280  i01j07k07       430    827    4.267e+21    3.000e+21   12.94    4.994e-20  0.1047    26.48    41.65  1
  281  i01j07k07       669    779    4.410e+21    3.000e+21   12.94    4.994e-20  0.1047    26.48    41.65  1
  282  i01j07k07       290    816    4.219e+21    3.000e+21   12.94    4.994e-20  0.1047    26.48    41.65  1
  283  i01j07k07       437    670    4.576e+21    3.000e+21   12.94    4.994e-20  0.1047    26.48    41.65  1
  284  i01j07k07       675    109    4.137e+21    3.000e+21   12.94    4.994e-20  0.1047    26.48    41.65  1
  285  i01j07k07       638    166    4.246e+21    3.000e+21   12.94    4.994e-20  0.1047    26.48    41.65  1
  286  i01j07k07       937    191    3.198e+21    3.000e+21   12.94    4.994e-20  0.1047    26.48    41.65  1
  287  i01j07k07       263    905    4.616e+21    3.000e+21   12.94    4.994e-20  0.1047    26.48    41.65  1
  288  i01j07k07       435    698    4.529e+21    3.000e+21   12.94    4.994e-20  0.1047    26.48    41.65  1
  289  i01j05k07       685    939    3.983e+21    3.000e+21   13.43    2.108e-20  0.0445    26.04    41.40  1
  290  i01j05k07       837    275    3.509e+21    3.000e+21   13.43    2.108e-20  0.0445    26.04    41.40  1
  291  i01j05k07       351    812    4.153e+21    3.000e+21   13.43    2.108e-20  0.0445    26.04    41.40  1
  292  i01j05k07       720    123    4.054e+21    3.000e+21   13.43    2.108e-20  0.0445    26.04    41.40  1
  293  i01j05k07       342    832    4.180e+21    3.000e+21   13.43    2.108e-20  0.0445    26.04    41.40  1
  294  i01j05k07       756     92    3.475e+21    3.000e+21   13.43    2.108e-20  0.0445    26.04    41.40  1
  295  i01j05k07       199    873    4.067e+21    3.000e+21   13.43    2.108e-20  0.0445    26.04    41.40  1
  296  i01j05k07       398    855    4.225e+21    3.000e+21   13.43    2.108e-20  0.0445    26.04    41.40  1
  297  i01j05k07       454    714    4.278e+21    3.000e+21   13.43    2.108e-20  0.0445    26.04    41.40  1
  298  i01j05k07       751    375    4.328e+21    3.000e+21   13.43    2.108e-20  0.0445    26.04    41.40  1
  299  i01j05k07       173    912    4.069e+21    3.000e+21   13.43    2.108e-20  0.0445    26.04    41.40  1
  300  i01j05k07       615    166    4.170e+21    3.000e+21   13.43    2.108e-20  0.0445    26.04    41.40  1
  301  i01j05k07       607    127    4.067e+21    3.000e+21   13.43    2.108e-20  0.0445    26.04    41.40  1
  302  i01j05k07       592    207    4.418e+21    3.000e+21   13.43    2.108e-20  0.0445    26.04    41.40  1
  303  i01j05k07       892    243    2.711e+21    3.000e+21   13.43    2.108e-20  0.0445    26.04    41.40  1
  304  i01j05k07       770    340    4.153e+21    3.000e+21   13.43    2.108e-20  0.0445    26.04    41.40  1
  305  i01j05k07       311    844    4.061e+21    3.000e+21   13.43    2.108e-20  0.0445    26.04    41.40  1
  306  i01j05k07       360    766    4.219e+21    3.000e+21   13.43    2.108e-20  0.0445    26.04    41.40  1
  307  i01j05k07       680    137    4.024e+21    3.000e+21   13.43    2.108e-20  0.0445    26.04    41.40  1
  308  i01j05k07       797    316    3.593e+21    3.000e+21   13.43    2.108e-20  0.0445    26.04    41.40  1
  309  i01j05k07       597    938    4.004e+21    3.000e+21   13.43    2.108e-20  0.0445    26.04    41.40  1
  310  i01j05k07       939    257    3.057e+21    3.000e+21   13.43    2.108e-20  0.0445    26.04    41.40  1
  311  i01j05k07       272    810    4.302e+21    3.000e+21   13.43    2.108e-20  0.0445    26.04    41.40  1
  312  i01j05k07       920    865    4.212e+21    3.000e+21   13.43    2.108e-20  0.0445    26.04    41.40  1
  313  i01j05k07       125    916    4.363e+21    3.000e+21   13.43    2.108e-20  0.0445    26.04    41.40  1
  314  i01j05k07       264    939    4.030e+21    3.000e+21   13.43    2.108e-20  0.0445    26.04    41.40  1
  315  i01j05k07       937    211    3.105e+21    3.000e+21   13.43    2.108e-20  0.0445    26.04    41.40  1
  316  i01j05k07       888    165    2.973e+21    3.000e+21   13.43    2.108e-20  0.0445    26.04    41.40  1
  317  i01j05k07       760    131    4.158e+21    3.000e+21   13.43    2.108e-20  0.0445    26.04    41.40  1
  318  i01j05k07       323    722    4.272e+21    3.000e+21   13.43    2.108e-20  0.0445    26.04    41.40  1
  319  i01j05k07       822    204    4.460e+21    3.000e+21   13.43    2.108e-20  0.0445    26.04    41.40  1
  320  i01j05k07       313    744    4.189e+21    3.000e+21   13.43    2.108e-20  0.0445    26.04    41.40  1
  321  i01j05k07       868    898    4.382e+21    3.000e+21   13.43    2.108e-20  0.0445    26.04    41.40  1
  322  i01j05k07       906    810    4.433e+21    3.000e+21   13.43    2.108e-20  0.0445    26.04    41.40  1
  323  i01j05k07       894    795    4.520e+21    3.000e+21   13.43    2.108e-20  0.0445    26.04    41.40  1
  324  i01j05k07       781    303    3.530e+21    3.000e+21   13.43    2.108e-20  0.0445    26.04    41.40  1
  325  i01j05k07       330    849    4.318e+21    3.000e+21   13.43    2.108e-20  0.0445    26.04    41.40  1
  326  i01j05k07       313    776    4.205e+21    3.000e+21   13.43    2.108e-20  0.0445    26.04    41.40  1
  327  i01j05k07       162    834    4.365e+21    3.000e+21   13.43    2.108e-20  0.0445    26.04    41.40  1
  328  i01j05k07       590    103    4.251e+21    3.000e+21   13.43    2.108e-20  0.0445    26.04    41.40  1
  329  i01j05k07       857    292    3.421e+21    3.000e+21   13.43    2.108e-20  0.0445    26.04    41.40  1
  330  i01j05k07       672    154    4.390e+21    3.000e+21   13.43    2.108e-20  0.0445    26.04    41.40  1
  331  i01j05k07       758     37    3.309e+21    3.000e+21   13.43    2.108e-20  0.0445    26.04    41.40  1
  332  i01j05k07       578    939    4.289e+21    3.000e+21   13.43    2.108e-20  0.0445    26.04    41.40  1
  333  i01j05k07       390    937    4.230e+21    3.000e+21   13.43    2.108e-20  0.0445    26.04    41.40  1
  334  i01j05k07       587     56    4.305e+21    3.000e+21   13.43    2.108e-20  0.0445    26.04    41.40  1
  335  i01j05k07       710    807    4.431e+21    3.000e+21   13.43    2.108e-20  0.0445    26.04    41.40  1
  336  i01j05k07       212    857    4.402e+21    3.000e+21   13.43    2.108e-20  0.0445    26.04    41.40  1
  337  i01j05k07       445    815    4.477e+21    3.000e+21   13.43    2.108e-20  0.0445    26.04    41.40  1
  338  i01j05k07       688     86    3.324e+21    3.000e+21   13.43    2.108e-20  0.0445    26.04    41.40  1
  339  i01j05k07       876    297    3.277e+21    3.000e+21   13.43    2.108e-20  0.0445    26.04    41.40  1
  340  i01j05k07       699    133    4.302e+21    3.000e+21   13.43    2.108e-20  0.0445    26.04    41.40  1
  341  i01j05k07       816     37    3.210e+21    3.000e+21   13.43    2.108e-20  0.0445    26.04    41.40  1
  342  i01j05k07       170    860    4.318e+21    3.000e+21   13.43    2.108e-20  0.0445    26.04    41.40  1
  343  i01j05k07       938     92    2.922e+21    3.000e+21   13.43    2.108e-20  0.0445    26.04    41.40  1
  344  i01j05k07       775     46    3.239e+21    3.000e+21   13.43    2.108e-20  0.0445    26.04    41.40  1
  345  i01j05k07       693    901    4.279e+21    3.000e+21   13.43    2.108e-20  0.0445    26.04    41.40  1
  346  i01j05k07       487    680    4.422e+21    3.000e+21   13.43    2.108e-20  0.0445    26.04    41.40  1
  347  i01j05k07       669    799    4.394e+21    3.000e+21   13.43    2.108e-20  0.0445    26.04    41.40  1
  348  i01j05k07       904    855    4.451e+21    3.000e+21   13.43    2.108e-20  0.0445    26.04    41.40  1
  349  i01j05k07       639    189    4.476e+21    3.000e+21   13.43    2.108e-20  0.0445    26.04    41.40  1
  350  i01j05k07       838    939    4.242e+21    3.000e+21   13.43    2.108e-20  0.0445    26.04    41.40  1
  351  i01j05k07       846    243    3.227e+21    3.000e+21   13.43    2.108e-20  0.0445    26.04    41.40  1
  352  i01j05k07       780    135    4.415e+21    3.000e+21   13.43    2.108e-20  0.0445    26.04    41.40  1
  353  i01j05k07       481    654    4.350e+21    3.000e+21   13.43    2.108e-20  0.0445    26.04    41.40  1
  354  i01j05k07       910    357    3.303e+21    3.000e+21   13.43    2.108e-20  0.0445    26.04    41.40  1
  355  i01j05k07       938    237    3.024e+21    3.000e+21   13.43    2.108e-20  0.0445    26.04    41.40  1
  356  i01j05k07       515    626    4.587e+21    3.000e+21   13.43    2.108e-20  0.0445    26.04    41.40  1
  357  i01j05k07       862    144    3.126e+21    3.000e+21   13.43    2.108e-20  0.0445    26.04    41.40  1
  358  i01j05k07       158    925    4.475e+21    3.000e+21   13.43    2.108e-20  0.0445    26.04    41.40  1
  359  i01j05k07       553    156    4.482e+21    3.000e+21   13.43    2.108e-20  0.0445    26.04    41.40  1
  360  i01j05k07       357    793    4.357e+21    3.000e+21   13.43    2.108e-20  0.0445    26.04    41.40  1
  361  i01j05k07       435    858    4.412e+21    3.000e+21   13.43    2.108e-20  0.0445    26.04    41.40  1
  362  i01j05k07       938    873    4.530e+21    3.000e+21   13.43    2.108e-20  0.0445    26.04    41.40  1
  363  i01j05k07       883    381    4.536e+21    3.000e+21   13.43    2.108e-20  0.0445    26.04    41.40  1
  364  i01j05k07       362    735    4.592e+21    3.000e+21   13.43    2.108e-20  0.0445    26.04    41.40  1
  365  i01j05k07       414    777    4.339e+21    3.000e+21   13.43    2.108e-20  0.0445    26.04    41.40  1
  366  i01j05k07       616    207    4.425e+21    3.000e+21   13.43    2.108e-20  0.0445    26.04    41.40  1
  367  i01j05k07       391    918    4.348e+21    3.000e+21   13.43    2.108e-20  0.0445    26.04    41.40  1
  368  i01j05k07       752    333    4.430e+21    3.000e+21   13.43    2.108e-20  0.0445    26.04    41.40  1
  369  i01j05k07       939    454    4.354e+21    3.000e+21   13.43    2.108e-20  0.0445    26.04    41.40  1
  370  i01j05k07       694     67    3.223e+21    3.000e+21   13.43    2.108e-20  0.0445    26.04    41.40  1
  371  i01j05k07       735     61    3.255e+21    3.000e+21   13.43    2.108e-20  0.0445    26.04    41.40  1
  372  i01j05k07       331    901    4.433e+21    3.000e+21   13.43    2.108e-20  0.0445    26.04    41.40  1
  373  i01j05k07       709    299    4.849e+21    3.000e+21   13.43    2.108e-20  0.0445    26.04    41.40  1
  374  i01j05k07       663    761    4.638e+21    3.000e+21   13.43    2.108e-20  0.0445    26.04    41.40  1
  375  i02j06k07       921    470    4.862e+21    6.000e+21   11.53    3.285e-20  0.0683    26.18    41.31  1
  376  i02j06k07       826    570    7.124e+21    6.000e+21   11.53    3.285e-20  0.0683    26.18    41.31  1
  377  i02j06k07       482    838    6.158e+21    6.000e+21   11.53    3.285e-20  0.0683    26.18    41.31  1
  378  i02j06k07       110    824    5.497e+21    6.000e+21   11.53    3.285e-20  0.0683    26.18    41.31  1
  379  i02j06k07       686    167    5.914e+21    6.000e+21   11.53    3.285e-20  0.0683    26.18    41.31  1
  380  i02j06k07        70    781    5.786e+21    6.000e+21   11.53    3.285e-20  0.0683    26.18    41.31  1
  381  i02j06k07       346    182    7.602e+21    6.000e+21   11.53    3.285e-20  0.0683    26.18    41.31  1
  382  i02j06k07       357    652    5.263e+21    6.000e+21   11.53    3.285e-20  0.0683    26.18    41.31  1
  383  i02j06k07       935    768    5.756e+21    6.000e+21   11.53    3.285e-20  0.0683    26.18    41.31  1
  384  i02j06k07       591    619    5.382e+21    6.000e+21   11.53    3.285e-20  0.0683    26.18    41.31  1
  385  i02j06k07       158    783    4.903e+21    6.000e+21   11.53    3.285e-20  0.0683    26.18    41.31  1
  386  i02j06k07       575    758    5.885e+21    6.000e+21   11.53    3.285e-20  0.0683    26.18    41.31  1
  387  i02j06k07       831    866    6.510e+21    6.000e+21   11.53    3.285e-20  0.0683    26.18    41.31  1
  388  i02j06k07       930    507    5.297e+21    6.000e+21   11.53    3.285e-20  0.0683    26.18    41.31  1
  389  i02j06k07       231    675    5.665e+21    6.000e+21   11.53    3.285e-20  0.0683    26.18    41.31  1
  390  i02j06k07       160    764    5.349e+21    6.000e+21   11.53    3.285e-20  0.0683    26.18    41.31  1
  391  i02j06k07       884    926    5.232e+21    6.000e+21   11.53    3.285e-20  0.0683    26.18    41.31  1
  392  i02j06k07       730    823    5.804e+21    6.000e+21   11.53    3.285e-20  0.0683    26.18    41.31  1
  393  i02j06k07       573    820    4.886e+21    6.000e+21   11.53    3.285e-20  0.0683    26.18    41.31  1
  394  i02j06k07       911    495    5.406e+21    6.000e+21   11.53    3.285e-20  0.0683    26.18    41.31  1
  395  i02j06k07       880    854    5.577e+21    6.000e+21   11.53    3.285e-20  0.0683    26.18    41.31  1
  396  i02j06k07       155    897    4.616e+21    6.000e+21   11.53    3.285e-20  0.0683    26.18    41.31  1
  397  i02j06k07       535    132    5.491e+21    6.000e+21   11.53    3.285e-20  0.0683    26.18    41.31  1
  398  i02j06k07       570    841    5.243e+21    6.000e+21   11.53    3.285e-20  0.0683    26.18    41.31  1
  399  i02j06k07       766    390    5.278e+21    6.000e+21   11.53    3.285e-20  0.0683    26.18    41.31  1
  400  i02j06k07       683    300    5.810e+21    6.000e+21   11.53    3.285e-20  0.0683    26.18    41.31  1
  401  i02j06k07       568    797    4.844e+21    6.000e+21   11.53    3.285e-20  0.0683    26.18    41.31  1
  402  i02j06k07       400    726    5.861e+21    6.000e+21   11.53    3.285e-20  0.0683    26.18    41.31  1
  403  i02j06k07        83    803    5.448e+21    6.000e+21   11.53    3.285e-20  0.0683    26.18    41.31  1
  404  i02j06k07       615    348    7.353e+21    6.000e+21   11.53    3.285e-20  0.0683    26.18    41.31  1
  405  i02j06k07       179    612    7.593e+21    6.000e+21   11.53    3.285e-20  0.0683    26.18    41.31  1
  406  i02j06k07       255    663    5.411e+21    6.000e+21   11.53    3.285e-20  0.0683    26.18    41.31  1
  407  i02j06k07       661    741    6.103e+21    6.000e+21   11.53    3.285e-20  0.0683    26.18    41.31  1
  408  i02j06k07       462    777    4.759e+21    6.000e+21   11.53    3.285e-20  0.0683    26.18    41.31  1
  409  i02j06k07       630    776    4.896e+21    6.000e+21   11.53    3.285e-20  0.0683    26.18    41.31  1
  410  i02j06k07       496    729    5.477e+21    6.000e+21   11.53    3.285e-20  0.0683    26.18    41.31  1
  411  i02j06k07       446    295    7.052e+21    6.000e+21   11.53    3.285e-20  0.0683    26.18    41.31  1
  412  i02j06k07       236    747    6.237e+21    6.000e+21   11.53    3.285e-20  0.0683    26.18    41.31  1
  413  i02j06k07       905    743    5.414e+21    6.000e+21   11.53    3.285e-20  0.0683    26.18    41.31  1
  414  i02j06k07       483    788    6.892e+21    6.000e+21   11.53    3.285e-20  0.0683    26.18    41.31  1
  415  i02j06k07       766    939    4.625e+21    6.000e+21   11.53    3.285e-20  0.0683    26.18    41.31  1
  416  i02j06k07       356    672    5.331e+21    6.000e+21   11.53    3.285e-20  0.0683    26.18    41.31  1
  417  i02j06k07       324    671    4.929e+21    6.000e+21   11.53    3.285e-20  0.0683    26.18    41.31  1
  418  i02j06k07       669    683    5.391e+21    6.000e+21   11.53    3.285e-20  0.0683    26.18    41.31  1
  419  i02j06k07       727    798    5.159e+21    6.000e+21   11.53    3.285e-20  0.0683    26.18    41.31  1
  420  i02j06k07       636    347    7.058e+21    6.000e+21   11.53    3.285e-20  0.0683    26.18    41.31  1
  421  i02j06k07       288    129    7.299e+21    6.000e+21   11.53    3.285e-20  0.0683    26.18    41.31  1
  422  i02j06k07       592    642    5.391e+21    6.000e+21   11.53    3.285e-20  0.0683    26.18    41.31  1
  423  i02j06k07       804    418    5.650e+21    6.000e+21   11.53    3.285e-20  0.0683    26.18    41.31  1
  424  i02j06k07       648    207    5.553e+21    6.000e+21   11.53    3.285e-20  0.0683    26.18    41.31  1
  425  i02j06k07       845    667    6.709e+21    6.000e+21   11.53    3.285e-20  0.0683    26.18    41.31  1
  426  i02j06k07       263    735    5.191e+21    6.000e+21   11.53    3.285e-20  0.0683    26.18    41.31  1
  427  i02j06k07       387    659    5.230e+21    6.000e+21   11.53    3.285e-20  0.0683    26.18    41.31  1
  428  i02j06k07       428    653    4.692e+21    6.000e+21   11.53    3.285e-20  0.0683    26.18    41.31  1
  429  i02j06k07       356    884    5.152e+21    6.000e+21   11.53    3.285e-20  0.0683    26.18    41.31  1
  430  i02j06k07       108    926    4.996e+21    6.000e+21   11.53    3.285e-20  0.0683    26.18    41.31  1
  431  i02j06k07       522    188    7.243e+21    6.000e+21   11.53    3.285e-20  0.0683    26.18    41.31  1
  432  i02j06k07       266    632    5.328e+21    6.000e+21   11.53    3.285e-20  0.0683    26.18    41.31  1
  433  i02j06k07       748    896    6.281e+21    6.000e+21   11.53    3.285e-20  0.0683    26.18    41.31  1
  434  i02j06k07       841    918    4.677e+21    6.000e+21   11.53    3.285e-20  0.0683    26.18    41.31  1
  435  i02j06k07        85    415    6.091e+21    6.000e+21   11.53    3.285e-20  0.0683    26.18    41.31  1
  436  i02j06k07       311    105    7.944e+21    6.000e+21   11.53    3.285e-20  0.0683    26.18    41.31  1
  437  i02j05k07       648    675    5.162e+21    6.000e+21   11.63    2.133e-20  0.0444    25.98    41.23  1
  438  i02j05k07       128    937    4.626e+21    6.000e+21   11.63    2.133e-20  0.0444    25.98    41.23  1
  439  i02j05k07       727    738    5.378e+21    6.000e+21   11.63    2.133e-20  0.0444    25.98    41.23  1
  440  i02j05k07       742    590    7.976e+21    6.000e+21   11.63    2.133e-20  0.0444    25.98    41.23  1
  441  i02j05k07       245    825    4.980e+21    6.000e+21   11.63    2.133e-20  0.0444    25.98    41.23  1
  442  i02j05k07       866    390    5.696e+21    6.000e+21   11.63    2.133e-20  0.0444    25.98    41.23  1
  443  i02j05k07       526    935    4.866e+21    6.000e+21   11.63    2.133e-20  0.0444    25.98    41.23  1
  444  i02j05k07       691    881    4.469e+21    6.000e+21   11.63    2.133e-20  0.0444    25.98    41.23  1
  445  i02j05k07       191    775    4.992e+21    6.000e+21   11.63    2.133e-20  0.0444    25.98    41.23  1
  446  i02j05k07       474    712    4.624e+21    6.000e+21   11.63    2.133e-20  0.0444    25.98    41.23  1
  447  i02j05k07       403    706    6.359e+21    6.000e+21   11.63    2.133e-20  0.0444    25.98    41.23  1
  448  i02j05k07       312    886    4.981e+21    6.000e+21   11.63    2.133e-20  0.0444    25.98    41.23  1
  449  i02j05k07       422    610    5.704e+21    6.000e+21   11.63    2.133e-20  0.0444    25.98    41.23  1
  450  i02j05k07       741    349    5.499e+21    6.000e+21   11.63    2.133e-20  0.0444    25.98    41.23  1
  451  i02j05k07       600    224    4.746e+21    6.000e+21   11.63    2.133e-20  0.0444    25.98    41.23  1
  452  i02j05k07       626    744    6.692e+21    6.000e+21   11.63    2.133e-20  0.0444    25.98    41.23  1
  453  i02j05k07       143    810    4.769e+21    6.000e+21   11.63    2.133e-20  0.0444    25.98    41.23  1
  454  i02j05k07       532    164    5.578e+21    6.000e+21   11.63    2.133e-20  0.0444    25.98    41.23  1
  455  i02j05k07       343    867    4.729e+21    6.000e+21   11.63    2.133e-20  0.0444    25.98    41.23  1
  456  i02j05k07       859    630    5.887e+21    6.000e+21   11.63    2.133e-20  0.0444    25.98    41.23  1
  457  i02j05k07       263    784    5.341e+21    6.000e+21   11.63    2.133e-20  0.0444    25.98    41.23  1
  458  i02j05k07       142    848    4.822e+21    6.000e+21   11.63    2.133e-20  0.0444    25.98    41.23  1
  459  i02j05k07       132    827    5.185e+21    6.000e+21   11.63    2.133e-20  0.0444    25.98    41.23  1
  460  i02j05k07       521    781    7.101e+21    6.000e+21   11.63    2.133e-20  0.0444    25.98    41.23  1
  461  i02j05k07       733    238    5.575e+21    6.000e+21   11.63    2.133e-20  0.0444    25.98    41.23  1
  462  i02j05k07       747    795    5.836e+21    6.000e+21   11.63    2.133e-20  0.0444    25.98    41.23  1
  463  i02j05k07       402    464    6.800e+21    6.000e+21   11.63    2.133e-20  0.0444    25.98    41.23  1
  464  i02j05k07        42    890    6.818e+21    6.000e+21   11.63    2.133e-20  0.0444    25.98    41.23  1
  465  i02j05k07       866    660    5.962e+21    6.000e+21   11.63    2.133e-20  0.0444    25.98    41.23  1
  466  i02j05k07       548    180    5.232e+21    6.000e+21   11.63    2.133e-20  0.0444    25.98    41.23  1
  467  i02j05k07       859    487    6.162e+21    6.000e+21   11.63    2.133e-20  0.0444    25.98    41.23  1
  468  i02j05k07       583    248    5.215e+21    6.000e+21   11.63    2.133e-20  0.0444    25.98    41.23  1
  469  i02j05k07       573    638    4.874e+21    6.000e+21   11.63    2.133e-20  0.0444    25.98    41.23  1
  470  i02j05k07       626    674    5.703e+21    6.000e+21   11.63    2.133e-20  0.0444    25.98    41.23  1
  471  i02j05k07       374    692    5.637e+21    6.000e+21   11.63    2.133e-20  0.0444    25.98    41.23  1
  472  i02j05k07       746    936    4.790e+21    6.000e+21   11.63    2.133e-20  0.0444    25.98    41.23  1
  473  i02j05k07       290    599    4.798e+21    6.000e+21   11.63    2.133e-20  0.0444    25.98    41.23  1
  474  i02j05k07       851    888    5.076e+21    6.000e+21   11.63    2.133e-20  0.0444    25.98    41.23  1
  475  i02j05k07       872    777    5.821e+21    6.000e+21   11.63    2.133e-20  0.0444    25.98    41.23  1
  476  i02j05k07       281    555    7.026e+21    6.000e+21   11.63    2.133e-20  0.0444    25.98    41.23  1
  477  i02j05k07       380    887    4.650e+21    6.000e+21   11.63    2.133e-20  0.0444    25.98    41.23  1
  478  i02j05k07       735    918    5.279e+21    6.000e+21   11.63    2.133e-20  0.0444    25.98    41.23  1
  479  i02j05k07       692    716    5.011e+21    6.000e+21   11.63    2.133e-20  0.0444    25.98    41.23  1
  480  i02j05k07       238    844    4.873e+21    6.000e+21   11.63    2.133e-20  0.0444    25.98    41.23  1
  481  i02j05k07       121    846    5.305e+21    6.000e+21   11.63    2.133e-20  0.0444    25.98    41.23  1
  482  i02j05k07       355    910    4.818e+21    6.000e+21   11.63    2.133e-20  0.0444    25.98    41.23  1
  483  i02j05k07       522     75    5.987e+21    6.000e+21   11.63    2.133e-20  0.0444    25.98    41.23  1
  484  i02j05k07       787    403    5.813e+21    6.000e+21   11.63    2.133e-20  0.0444    25.98    41.23  1
  485  i02j05k07       379    147    7.585e+21    6.000e+21   11.63    2.133e-20  0.0444    25.98    41.23  1
  486  i02j05k07       290    880    5.291e+21    6.000e+21   11.63    2.133e-20  0.0444    25.98    41.23  1
  487  i02j05k07       410    758    5.283e+21    6.000e+21   11.63    2.133e-20  0.0444    25.98    41.23  1
  488  i02j05k07       689    679    5.356e+21    6.000e+21   11.63    2.133e-20  0.0444    25.98    41.23  1
  489  i02j05k07       668    719    5.857e+21    6.000e+21   11.63    2.133e-20  0.0444    25.98    41.23  1
  490  i02j05k07       600    836    5.144e+21    6.000e+21   11.63    2.133e-20  0.0444    25.98    41.23  1
  491  i02j05k07       857    868    5.566e+21    6.000e+21   11.63    2.133e-20  0.0444    25.98    41.23  1
  492  i02j05k07       629    319    6.221e+21    6.000e+21   11.63    2.133e-20  0.0444    25.98    41.23  1
  493  i02j05k07       294    677    4.590e+21    6.000e+21   11.63    2.133e-20  0.0444    25.98    41.23  1
  494  i02j05k07       291    620    4.600e+21    6.000e+21   11.63    2.133e-20  0.0444    25.98    41.23  1
  495  i02j05k07       575    228    5.223e+21    6.000e+21   11.63    2.133e-20  0.0444    25.98    41.23  1
  496  i02j05k07       123    888    4.526e+21    6.000e+21   11.63    2.133e-20  0.0444    25.98    41.23  1
  497  i02j05k07       523    115    6.803e+21    6.000e+21   11.63    2.133e-20  0.0444    25.98    41.23  1
  498  i02j05k07        38    439    6.333e+21    6.000e+21   11.63    2.133e-20  0.0444    25.98    41.23  1
  499  i02j05k07       216    639    5.764e+21    6.000e+21   11.63    2.133e-20  0.0444    25.98    41.23  1
  500  i02j05k07       756    411    5.829e+21    6.000e+21   11.63    2.133e-20  0.0444    25.98    41.23  1
  501  i02j05k07       460    802    5.014e+21    6.000e+21   11.63    2.133e-20  0.0444    25.98    41.23  1
  502  i04j12k06       517    426    2.100e+22    2.400e+22    8.13    9.315e-19  0.8945    41.83    33.72  1
  503  i04j11k06       179    165    2.360e+22    2.400e+22    8.19    8.069e-19  0.5826    29.27    32.17  1
  504  i03j10k06       350     74    1.124e+22    1.200e+22    9.08    6.594e-19  0.3795    22.10    29.49  1
  505  i03j10k06       769    479    1.415e+22    1.200e+22    9.08    6.594e-19  0.3795    22.10    29.49  1
  506  i04j09k06       238    510    2.032e+22    2.400e+22    8.38    4.674e-19  0.2472    19.72    27.88  1
  507  i03j11k05       237    436    1.545e+22    1.200e+22    8.35    2.558e-18  0.5825    26.50    24.89  1
  508  i03j09k06       165    572    1.742e+22    1.200e+22    9.29    4.724e-19  0.2469    19.24    27.56  1
  509  i03j09k06       657    570    1.413e+22    1.200e+22    9.29    4.724e-19  0.2469    19.24    27.56  1
  510  i03j09k06       224    587    1.119e+22    1.200e+22    9.29    4.724e-19  0.2469    19.24    27.56  1
  511  i03j09k06       685    447    1.170e+22    1.200e+22    9.29    4.724e-19  0.2469    19.24    27.56  1
  512  i03j09k06       185    318    1.333e+22    1.200e+22    9.29    4.724e-19  0.2469    19.24    27.56  1
  513  i03j09k06       454    554    1.219e+22    1.200e+22    9.29    4.724e-19  0.2469    19.24    27.56  1
  514  i03j09k06       420     69    1.326e+22    1.200e+22    9.29    4.724e-19  0.2469    19.24    27.56  1
  515  i02j09k06       712    547    1.046e+22    6.000e+21   10.13    4.836e-19  0.2470    18.81    27.25  1
  516  i04j08k06       272    482    2.173e+22    2.400e+22    8.47    3.221e-19  0.1608    18.00    26.74  1
  517  i03j08k06       151    492    1.759e+22    1.200e+22    9.50    3.197e-19  0.1608    17.78    26.65  1
  518  i03j08k06       106    652    1.204e+22    1.200e+22    9.50    3.197e-19  0.1608    17.78    26.65  1
  519  i03j08k06       235    230    2.083e+22    1.200e+22    9.50    3.197e-19  0.1608    17.78    26.65  1
  520  i03j08k06        54    187    1.475e+22    1.200e+22    9.50    3.197e-19  0.1608    17.78    26.65  1
  521  i03j08k06       538    406    1.375e+22    1.200e+22    9.50    3.197e-19  0.1608    17.78    26.65  1
  522  i03j08k06       785    487    1.107e+22    1.200e+22    9.50    3.197e-19  0.1608    17.78    26.65  1
  523  i03j08k06       553    419    1.192e+22    1.200e+22    9.50    3.197e-19  0.1608    17.78    26.65  1
  524  i03j08k06       673    507    1.111e+22    1.200e+22    9.50    3.197e-19  0.1608    17.78    26.65  1
  525  i03j08k06       123    606    1.597e+22    1.200e+22    9.50    3.197e-19  0.1608    17.78    26.65  1
  526  i03j08k06        80    520    9.686e+21    1.200e+22    9.50    3.197e-19  0.1608    17.78    26.65  1
  527  i03j08k06        39    645    1.317e+22    1.200e+22    9.50    3.197e-19  0.1608    17.78    26.65  1
  528  i02j08k06       122     74    9.273e+21    6.000e+21   10.51    3.265e-19  0.1607    17.47    26.37  1
  529  i03j10k02       110    291    1.358e+22    1.200e+22    7.03    4.883e-17  0.3795    26.19    18.30  1
  530  i02j07k06       773    853    7.840e+21    6.000e+21   10.86    2.114e-19  0.1048    16.86    26.00  1
  531  i02j07k06       585    265    6.372e+21    6.000e+21   10.86    2.114e-19  0.1048    16.86    26.00  1
  532  i02j07k06        52    782    7.255e+21    6.000e+21   10.86    2.114e-19  0.1048    16.86    26.00  1
  533  i02j07k06       237    638    7.084e+21    6.000e+21   10.86    2.114e-19  0.1048    16.86    26.00  1
  534  i02j07k06       706    163    7.813e+21    6.000e+21   10.86    2.114e-19  0.1048    16.86    26.00  1
  535  i03j07k06        38    249    1.169e+22    1.200e+22    9.67    2.138e-19  0.1047    16.93    25.99  1
  536  i03j06k06       472     75    1.054e+22    1.200e+22    9.80    1.402e-19  0.0682    16.48    25.62  1
  537  i03j06k06       138    665    9.257e+21    1.200e+22    9.80    1.402e-19  0.0682    16.48    25.62  1
  538  i03j06k06       316    443    9.170e+21    1.200e+22    9.80    1.402e-19  0.0682    16.48    25.62  1
  539  i02j06k06       833    644    7.147e+21    6.000e+21   11.13    1.422e-19  0.0682    16.32    25.45  1
  540  i02j06k06       379    613    6.882e+21    6.000e+21   11.13    1.422e-19  0.0682    16.32    25.45  1
  541  i02j06k06       469    919    5.928e+21    6.000e+21   11.13    1.422e-19  0.0682    16.32    25.45  1
  542  i02j06k06       802    476    6.804e+21    6.000e+21   11.13    1.422e-19  0.0682    16.32    25.45  1
  543  i02j06k06       306    599    5.994e+21    6.000e+21   11.13    1.422e-19  0.0682    16.32    25.45  1
  544  i02j06k06       603    754    5.981e+21    6.000e+21   11.13    1.422e-19  0.0682    16.32    25.45  1
  545  i02j06k06       197    679    6.344e+21    6.000e+21   11.13    1.422e-19  0.0682    16.32    25.45  1
  546  i02j06k06       782    177    8.096e+21    6.000e+21   11.13    1.422e-19  0.0682    16.32    25.45  1
  547  i02j06k06       661    697    5.954e+21    6.000e+21   11.13    1.422e-19  0.0682    16.32    25.45  1
  548  i02j06k06       835    836    7.254e+21    6.000e+21   11.13    1.422e-19  0.0682    16.32    25.45  1
  549  i02j06k06       330    168    8.336e+21    6.000e+21   11.13    1.422e-19  0.0682    16.32    25.45  1
  550  i02j06k06        51    482    7.383e+21    6.000e+21   11.13    1.422e-19  0.0682    16.32    25.45  1
  551  i02j06k06       721    222    8.811e+21    6.000e+21   11.13    1.422e-19  0.0682    16.32    25.45  1
  552  i02j06k06       381    164    7.487e+21    6.000e+21   11.13    1.422e-19  0.0682    16.32    25.45  1
  553  i02j06k06       276     37    8.517e+21    6.000e+21   11.13    1.422e-19  0.0682    16.32    25.45  1
  554  i02j06k06       149    363    9.122e+21    6.000e+21   11.13    1.422e-19  0.0682    16.32    25.45  1
  555  i01j04k06       300    831    4.287e+21    3.000e+21   13.16    5.827e-20  0.0289    16.10    25.43  1
  556  i01j04k06       357    836    4.472e+21    3.000e+21   13.16    5.827e-20  0.0289    16.10    25.43  1
  557  i01j04k06       811    362    4.220e+21    3.000e+21   13.16    5.827e-20  0.0289    16.10    25.43  1
  558  i03j05k06       291    403    1.011e+22    1.200e+22    9.90    9.190e-20  0.0445    16.19    25.41  1
  559  i03j05k06        37    150    9.783e+21    1.200e+22    9.90    9.190e-20  0.0445    16.19    25.41  1
  560  i03j05k06       286    453    9.036e+21    1.200e+22    9.90    9.190e-20  0.0445    16.19    25.41  1
  561  i03j05k06       502    517    1.171e+22    1.200e+22    9.90    9.190e-20  0.0445    16.19    25.41  1
  562  i03j05k06       303    383    1.716e+22    1.200e+22    9.90    9.190e-20  0.0445    16.19    25.41  1
  563  i02j05k06        45    497    7.685e+21    6.000e+21   11.34    9.133e-20  0.0445    16.16    25.40  1
  564  i02j05k06       410    275    7.894e+21    6.000e+21   11.34    9.133e-20  0.0445    16.16    25.40  1
  565  i02j05k06       873    938    5.302e+21    6.000e+21   11.34    9.133e-20  0.0445    16.16    25.40  1
  566  i02j05k06       417    685    4.986e+21    6.000e+21   11.34    9.133e-20  0.0445    16.16    25.40  1
  567  i02j05k06       619    806    4.889e+21    6.000e+21   11.34    9.133e-20  0.0445    16.16    25.40  1
  568  i02j05k06       474    138    7.652e+21    6.000e+21   11.34    9.133e-20  0.0445    16.16    25.40  1
  569  i02j05k06       396    256    7.295e+21    6.000e+21   11.34    9.133e-20  0.0445    16.16    25.40  1
  570  i02j05k06       732    757    5.617e+21    6.000e+21   11.34    9.133e-20  0.0445    16.16    25.40  1
  571  i02j05k06        74    502    7.982e+21    6.000e+21   11.34    9.133e-20  0.0445    16.16    25.40  1
  572  i01j05k06       744    288    3.849e+21    3.000e+21   12.83    9.354e-20  0.0444    15.98    25.18  1
  573  i01j05k06       892    261    3.043e+21    3.000e+21   12.83    9.354e-20  0.0444    15.98    25.18  1
  574  i01j05k06       935    305    3.708e+21    3.000e+21   12.83    9.354e-20  0.0444    15.98    25.18  1
  575  i01j05k06       821    276    4.030e+21    3.000e+21   12.83    9.354e-20  0.0444    15.98    25.18  1
  576  i01j05k06       816    149    4.128e+21    3.000e+21   12.83    9.354e-20  0.0444    15.98    25.18  1
  577  i01j03k06       382    764    4.388e+21    3.000e+21   13.37    3.904e-20  0.0188    15.87    25.15  1
  578  i01j03k06       814    313    3.619e+21    3.000e+21   13.37    3.904e-20  0.0188    15.87    25.15  1
  579  i01j03k06       634     35    3.853e+21    3.000e+21   13.37    3.904e-20  0.0188    15.87    25.15  1
  580  i01j03k06       303    730    4.287e+21    3.000e+21   13.37    3.904e-20  0.0188    15.87    25.15  1
  581  i01j03k06       774     88    3.606e+21    3.000e+21   13.37    3.904e-20  0.0188    15.87    25.15  1
  582  i01j03k06       610     74    4.145e+21    3.000e+21   13.37    3.904e-20  0.0188    15.87    25.15  1
  583  i01j03k06       941    349    3.480e+21    3.000e+21   13.37    3.904e-20  0.0188    15.87    25.15  1
  584  i01j03k06       644    886    3.900e+21    3.000e+21   13.37    3.904e-20  0.0188    15.87    25.15  1
  585  i01j03k06       871    338    3.542e+21    3.000e+21   13.37    3.904e-20  0.0188    15.87    25.15  1
  586  i01j03k06       796    107    3.545e+21    3.000e+21   13.37    3.904e-20  0.0188    15.87    25.15  1
  587  i02j04k06       436    717    5.000e+21    6.000e+21   11.49    6.197e-20  0.0289    15.80    24.99  1
  588  i02j04k06       469    857    4.922e+21    6.000e+21   11.49    6.197e-20  0.0289    15.80    24.99  1
  589  i02j03k06       269    679    4.683e+21    6.000e+21   11.59    4.201e-20  0.0189    15.52    24.64  1
  590  i04j10k03       267    268    2.424e+22    2.400e+22    7.23    1.854e-17  0.3794    22.50    18.83  1
  591  i04j10k05       463    386    1.771e+22    2.400e+22    7.95    2.159e-18  0.3794    19.13    22.99  1
  592  i03j07k05       147    609    1.324e+22    1.200e+22    9.17    9.131e-19  0.1047    11.00    18.55  1
  593  i03j07k05       160    441    1.825e+22    1.200e+22    9.17    9.131e-19  0.1047    11.00    18.55  1
  594  i03j06k05       143     96    1.016e+22    1.200e+22    9.41    6.091e-19  0.0683    10.43    18.25  1
  595  i03j06k05       809    518    1.672e+22    1.200e+22    9.41    6.091e-19  0.0683    10.43    18.25  1
  596  i03j06k05       549    486    1.736e+22    1.200e+22    9.41    6.091e-19  0.0683    10.43    18.25  1
  597  i03j08k04       298    416    1.270e+22    1.200e+22    8.19    4.871e-18  0.1609     9.18    16.44  1
  598  i03j08k01        84    301    1.507e+22    1.200e+22    6.74    1.331e-16  0.1610    10.88    15.58  1
  599  i05j08k02       271    292    4.978e+22    4.800e+22    6.83    4.292e-17  0.1610     9.31    15.41  1
  600  i03j08k02       651    559    1.662e+22    1.200e+22    7.08    4.488e-17  0.1610     8.93    15.30  1
