# Injection truth table -- cmf2.00_n400_s2026  seed=2026
# sep_criterion=90.0"  scale_factor=1  local_Sigma/SD_emb in cm-2  T_BE in K  rho_BE in cm-3  M_BE in Msun  R_BE_as in arcsec
# id    model         x_pix  y_pix  local_Sigma  SD_emb       T_BE   rho_BE       M_BE    R_BE_as  scale
#-------------------------------------------------------------------------------------------------------
  001  i01j15k10       810     97    3.177e+21    3.000e+21   12.71    1.626e-20  3.2365   148.70  1
  002  i03j14k10       334    417    1.504e+22    1.200e+22    9.94    1.092e-20  2.1068   141.03  1
  003  i01j12k10       429    816    4.217e+21    3.000e+21   13.42    5.012e-21  0.8935   119.69  1
  004  i01j13k04       812    286    3.347e+21    3.000e+21    7.92    9.827e-18  1.3737    87.85  1
  005  i01j13k04       299    786    4.227e+21    3.000e+21    7.92    9.827e-18  1.3737    87.85  1
  006  i01j13k09       466    672    4.171e+21    3.000e+21   12.51    3.202e-20  1.3721    82.78  1
  007  i02j12k09        84    853    5.852e+21    6.000e+21   11.35    2.140e-20  0.8933    78.15  1
  008  i02j11k09       321    191    8.564e+21    6.000e+21   11.49    1.423e-20  0.5820    74.37  1
  009  i02j10k09       626    659    6.266e+21    6.000e+21   11.60    9.401e-21  0.3790    72.07  1
  010  i02j10k09       404    191    7.770e+21    6.000e+21   11.60    9.401e-21  0.3790    72.07  1
  011  i02j10k09       880    413    6.649e+21    6.000e+21   11.60    9.401e-21  0.3790    72.07  1
  012  i02j10k09       564    405    9.824e+21    6.000e+21   11.60    9.401e-21  0.3790    72.07  1
  013  i01j10k09       176    839    4.170e+21    3.000e+21   13.36    9.324e-21  0.3789    71.79  1
  014  i01j08k09       204    923    3.775e+21    3.000e+21   13.63    4.112e-21  0.1606    69.21  1
  015  i01j08k09       660    154    4.164e+21    3.000e+21   13.63    4.112e-21  0.1606    69.21  1
  016  i01j08k09       629    909    3.819e+21    3.000e+21   13.63    4.112e-21  0.1606    69.21  1
  017  i01j08k09       699    927    4.043e+21    3.000e+21   13.63    4.112e-21  0.1606    69.21  1
  018  i01j08k09       930    332    3.215e+21    3.000e+21   13.63    4.112e-21  0.1606    69.21  1
  019  i01j08k09       562     69    4.433e+21    3.000e+21   13.63    4.112e-21  0.1606    69.21  1
  020  i01j07k09       675    792    4.158e+21    3.000e+21   13.71    2.793e-21  0.1046    67.85  1
  021  i01j07k09       904    867    4.330e+21    3.000e+21   13.71    2.793e-21  0.1046    67.85  1
  022  i01j07k09       367    738    4.306e+21    3.000e+21   13.71    2.793e-21  0.1046    67.85  1
  023  i01j07k09       573    153    4.186e+21    3.000e+21   13.71    2.793e-21  0.1046    67.85  1
  024  i01j07k09       280    920    4.174e+21    3.000e+21   13.71    2.793e-21  0.1046    67.85  1
  025  i01j07k09       684     80    3.195e+21    3.000e+21   13.71    2.793e-21  0.1046    67.85  1
  026  i04j13k07       329    306    3.020e+22    2.400e+22    8.32    3.540e-19  1.3731    63.04  1
  027  i01j11k08       714    291    4.421e+21    3.000e+21   12.32    6.095e-20  0.5820    47.68  1
  028  i03j10k08       239    209    1.801e+22    1.200e+22    9.88    4.058e-20  0.3789    46.31  1
  029  i03j09k08       144    285    1.340e+22    1.200e+22    9.95    2.644e-20  0.2469    44.77  1
  030  i03j09k08       229    432    1.518e+22    1.200e+22    9.95    2.644e-20  0.2469    44.77  1
  031  i02j09k08       737    581    7.573e+21    6.000e+21   11.45    2.620e-20  0.2468    44.54  1
  032  i02j09k08        69    126    7.874e+21    6.000e+21   11.45    2.620e-20  0.2468    44.54  1
  033  i02j09k08       876    603    6.342e+21    6.000e+21   11.45    2.620e-20  0.2468    44.54  1
  034  i02j09k08       475    314    8.319e+21    6.000e+21   11.45    2.620e-20  0.2468    44.54  1
  035  i02j08k08       356    129    7.489e+21    6.000e+21   11.57    1.732e-20  0.1607    43.52  1
  036  i02j08k08       151    693    7.052e+21    6.000e+21   11.57    1.732e-20  0.1607    43.52  1
  037  i02j08k08       210    616    6.796e+21    6.000e+21   11.57    1.732e-20  0.1607    43.52  1
  038  i02j08k08        85    446    7.114e+21    6.000e+21   11.57    1.732e-20  0.1607    43.52  1
  039  i02j08k08       271     59    8.584e+21    6.000e+21   11.57    1.732e-20  0.1607    43.52  1
  040  i02j08k08       282    110    7.561e+21    6.000e+21   11.57    1.732e-20  0.1607    43.52  1
  041  i02j08k08       778    888    6.391e+21    6.000e+21   11.57    1.732e-20  0.1607    43.52  1
  042  i02j07k08        87     42    8.137e+21    6.000e+21   11.65    1.151e-20  0.1047    42.76  1
  043  i02j07k08       649    247    6.095e+21    6.000e+21   11.65    1.151e-20  0.1047    42.76  1
  044  i02j07k08       805    566    7.996e+21    6.000e+21   11.65    1.151e-20  0.1047    42.76  1
  045  i02j07k08       497    234    8.892e+21    6.000e+21   11.65    1.151e-20  0.1047    42.76  1
  046  i02j07k08       515    837    7.359e+21    6.000e+21   11.65    1.151e-20  0.1047    42.76  1
  047  i02j07k08       395     56    8.170e+21    6.000e+21   11.65    1.151e-20  0.1047    42.76  1
  048  i02j07k08        59    518    7.792e+21    6.000e+21   11.65    1.151e-20  0.1047    42.76  1
  049  i02j07k08       397    557    8.782e+21    6.000e+21   11.65    1.151e-20  0.1047    42.76  1
  050  i02j07k08       845    668    8.623e+21    6.000e+21   11.65    1.151e-20  0.1047    42.76  1
  051  i02j07k08       499    533    9.301e+21    6.000e+21   11.65    1.151e-20  0.1047    42.76  1
  052  i01j06k08       695    854    4.169e+21    3.000e+21   13.60    7.757e-21  0.0683    41.90  1
  053  i01j06k08       594    801    4.299e+21    3.000e+21   13.60    7.757e-21  0.0683    41.90  1
  054  i01j06k08       871    350    3.531e+21    3.000e+21   13.60    7.757e-21  0.0683    41.90  1
  055  i01j06k08       383    927    4.275e+21    3.000e+21   13.60    7.757e-21  0.0683    41.90  1
  056  i01j06k08       830    458    4.838e+21    3.000e+21   13.60    7.757e-21  0.0683    41.90  1
  057  i01j06k08       303    855    4.247e+21    3.000e+21   13.60    7.757e-21  0.0683    41.90  1
  058  i01j06k08       623     66    3.820e+21    3.000e+21   13.60    7.757e-21  0.0683    41.90  1
  059  i01j06k08       821    353    3.691e+21    3.000e+21   13.60    7.757e-21  0.0683    41.90  1
  060  i01j06k08       892    787    4.410e+21    3.000e+21   13.60    7.757e-21  0.0683    41.90  1
  061  i01j06k08       754    386    4.590e+21    3.000e+21   13.60    7.757e-21  0.0683    41.90  1
  062  i01j06k08       869    214    3.221e+21    3.000e+21   13.60    7.757e-21  0.0683    41.90  1
  063  i01j06k08       124    910    4.333e+21    3.000e+21   13.60    7.757e-21  0.0683    41.90  1
  064  i01j06k08       723    126    4.053e+21    3.000e+21   13.60    7.757e-21  0.0683    41.90  1
  065  i01j06k08       769    235    4.406e+21    3.000e+21   13.60    7.757e-21  0.0683    41.90  1
  066  i01j06k08       520    622    4.779e+21    3.000e+21   13.60    7.757e-21  0.0683    41.90  1
  067  i02j12k05       525    768    8.450e+21    6.000e+21    8.59    2.820e-18  0.8947    41.21  1
  068  i02j11k03       634    330    6.649e+21    6.000e+21    7.44    2.157e-17  0.5826    37.54  1
  069  i02j11k03       855    754    8.285e+21    6.000e+21    7.44    2.157e-17  0.5826    37.54  1
  070  i02j11k03       691    664    6.830e+21    6.000e+21    7.44    2.157e-17  0.5826    37.54  1
  071  i02j11k03       394    481    7.036e+21    6.000e+21    7.44    2.157e-17  0.5826    37.54  1
  072  i04j11k07       433    419    2.474e+22    2.400e+22    8.44    2.302e-19  0.5823    36.29  1
  073  i03j11k07       527    457    1.560e+22    1.200e+22    9.42    2.387e-19  0.5824    34.79  1
  074  i01j11k04       859    906    4.289e+21    3.000e+21    8.09    7.818e-18  0.5827    29.57  1
  075  i01j11k04       758    325    3.725e+21    3.000e+21    8.09    7.818e-18  0.5827    29.57  1
  076  i01j11k04       469    735    4.114e+21    3.000e+21    8.09    7.818e-18  0.5827    29.57  1
  077  i04j09k07       177    235    2.986e+22    2.400e+22    8.57    1.129e-19  0.2468    29.15  1
  078  i01j09k07       937    452    4.258e+21    3.000e+21   12.12    1.155e-19  0.2469    27.97  1
  079  i01j09k07       621    197    4.153e+21    3.000e+21   12.12    1.155e-19  0.2469    27.97  1
  080  i01j09k07       737     37    3.241e+21    3.000e+21   12.12    1.155e-19  0.2469    27.97  1
  081  i04j08k07       269    280    3.478e+22    2.400e+22    8.62    7.464e-20  0.1608    27.84  1
  082  i04j08k07       280    351    2.665e+22    2.400e+22    8.62    7.464e-20  0.1608    27.84  1
  083  i03j10k02       704    517    1.185e+22    1.200e+22    7.03    4.883e-17  0.3795    26.19  1
  084  i02j06k07       349    568    8.001e+21    6.000e+21   11.53    3.285e-20  0.0683    26.18  1
  085  i02j06k07       135    365    7.893e+21    6.000e+21   11.53    3.285e-20  0.0683    26.18  1
  086  i02j06k07       456    583    7.734e+21    6.000e+21   11.53    3.285e-20  0.0683    26.18  1
  087  i02j06k07        62    910    6.175e+21    6.000e+21   11.53    3.285e-20  0.0683    26.18  1
  088  i02j06k07       822    871    6.637e+21    6.000e+21   11.53    3.285e-20  0.0683    26.18  1
  089  i02j06k07        90    395    6.993e+21    6.000e+21   11.53    3.285e-20  0.0683    26.18  1
  090  i02j06k07       762    715    7.275e+21    6.000e+21   11.53    3.285e-20  0.0683    26.18  1
  091  i02j06k07       262    553    7.703e+21    6.000e+21   11.53    3.285e-20  0.0683    26.18  1
  092  i02j06k07       894    659    6.385e+21    6.000e+21   11.53    3.285e-20  0.0683    26.18  1
  093  i02j06k07       370    615    6.847e+21    6.000e+21   11.53    3.285e-20  0.0683    26.18  1
  094  i02j06k07       914    937    5.967e+21    6.000e+21   11.53    3.285e-20  0.0683    26.18  1
  095  i02j06k07        37     62    8.436e+21    6.000e+21   11.53    3.285e-20  0.0683    26.18  1
  096  i02j06k07       194     40    8.455e+21    6.000e+21   11.53    3.285e-20  0.0683    26.18  1
  097  i02j06k07       433    363    9.308e+21    6.000e+21   11.53    3.285e-20  0.0683    26.18  1
  098  i02j06k07       321    611    6.883e+21    6.000e+21   11.53    3.285e-20  0.0683    26.18  1
  099  i02j06k07       836    815    8.133e+21    6.000e+21   11.53    3.285e-20  0.0683    26.18  1
  100  i02j05k07       732    683    7.385e+21    6.000e+21   11.63    2.133e-20  0.0444    25.98  1
  101  i02j05k07       685    571    7.732e+21    6.000e+21   11.63    2.133e-20  0.0444    25.98  1
  102  i02j05k07       664    720    6.157e+21    6.000e+21   11.63    2.133e-20  0.0444    25.98  1
  103  i02j05k07       547    254    7.889e+21    6.000e+21   11.63    2.133e-20  0.0444    25.98  1
  104  i02j05k07       613    736    7.751e+21    6.000e+21   11.63    2.133e-20  0.0444    25.98  1
  105  i02j05k07       401    272    7.136e+21    6.000e+21   11.63    2.133e-20  0.0444    25.98  1
  106  i02j05k07       322     46    7.592e+21    6.000e+21   11.63    2.133e-20  0.0444    25.98  1
  107  i02j05k07        49    609    8.862e+21    6.000e+21   11.63    2.133e-20  0.0444    25.98  1
  108  i02j05k07       770    812    6.775e+21    6.000e+21   11.63    2.133e-20  0.0444    25.98  1
  109  i02j05k07       590    579    7.438e+21    6.000e+21   11.63    2.133e-20  0.0444    25.98  1
  110  i02j05k07        85    721    8.054e+21    6.000e+21   11.63    2.133e-20  0.0444    25.98  1
  111  i02j05k07       890    509    6.700e+21    6.000e+21   11.63    2.133e-20  0.0444    25.98  1
  112  i02j05k07       563    728    8.912e+21    6.000e+21   11.63    2.133e-20  0.0444    25.98  1
  113  i02j05k07       510    120    6.629e+21    6.000e+21   11.63    2.133e-20  0.0444    25.98  1
  114  i02j05k07       645    516    8.441e+21    6.000e+21   11.63    2.133e-20  0.0444    25.98  1
  115  i02j05k07       688    331    6.932e+21    6.000e+21   11.63    2.133e-20  0.0444    25.98  1
  116  i02j05k07       593    316    7.012e+21    6.000e+21   11.63    2.133e-20  0.0444    25.98  1
  117  i02j05k07       483    891    6.177e+21    6.000e+21   11.63    2.133e-20  0.0444    25.98  1
  118  i02j05k07       688    212    8.246e+21    6.000e+21   11.63    2.133e-20  0.0444    25.98  1
  119  i02j05k07       479     91    8.572e+21    6.000e+21   11.63    2.133e-20  0.0444    25.98  1
  120  i02j05k07       140     69    7.834e+21    6.000e+21   11.63    2.133e-20  0.0444    25.98  1
  121  i02j05k07        67    571    7.918e+21    6.000e+21   11.63    2.133e-20  0.0444    25.98  1
  122  i02j05k07       391    688    5.882e+21    6.000e+21   11.63    2.133e-20  0.0444    25.98  1
  123  i02j10k03       935    702    6.907e+21    6.000e+21    7.50    1.929e-17  0.3795    21.49  1
  124  i02j10k03       493    171    7.832e+21    6.000e+21    7.50    1.929e-17  0.3795    21.49  1
  125  i02j10k03       445    467    9.188e+21    6.000e+21    7.50    1.929e-17  0.3795    21.49  1
  126  i02j10k03       531    693    6.605e+21    6.000e+21    7.50    1.929e-17  0.3795    21.49  1
  127  i04j09k06       177    464    2.463e+22    2.400e+22    8.38    4.674e-19  0.2472    19.72  1
  128  i04j09k06       183    155    2.547e+22    2.400e+22    8.38    4.674e-19  0.2472    19.72  1
  129  i04j10k04       239    309    2.980e+22    2.400e+22    7.58    6.574e-18  0.3795    19.14  1
  130  i01j10k04       347    831    3.960e+21    3.000e+21    8.20    7.043e-18  0.3795    17.60  1
  131  i04j07k06       117    240    2.804e+22    2.400e+22    8.55    2.143e-19  0.1047    17.07  1
  132  i04j07k06       213    267    3.162e+22    2.400e+22    8.55    2.143e-19  0.1047    17.07  1
  133  i03j07k06        99    650    1.161e+22    1.200e+22    9.67    2.138e-19  0.1047    16.93  1
  134  i03j07k06       151    568    1.649e+22    1.200e+22    9.67    2.138e-19  0.1047    16.93  1
  135  i03j07k06       103    184    1.549e+22    1.200e+22    9.67    2.138e-19  0.1047    16.93  1
  136  i03j07k06       201    375    1.320e+22    1.200e+22    9.67    2.138e-19  0.1047    16.93  1
  137  i03j07k06       454    532    1.466e+22    1.200e+22    9.67    2.138e-19  0.1047    16.93  1
  138  i03j07k06       252    386    1.357e+22    1.200e+22    9.67    2.138e-19  0.1047    16.93  1
  139  i03j07k06       561    487    1.330e+22    1.200e+22    9.67    2.138e-19  0.1047    16.93  1
  140  i03j07k06       172    517    1.223e+22    1.200e+22    9.67    2.138e-19  0.1047    16.93  1
  141  i03j07k06        61    356    1.363e+22    1.200e+22    9.67    2.138e-19  0.1047    16.93  1
  142  i03j07k06       646    575    1.302e+22    1.200e+22    9.67    2.138e-19  0.1047    16.93  1
  143  i03j07k06        49    694    1.239e+22    1.200e+22    9.67    2.138e-19  0.1047    16.93  1
  144  i03j06k06       224    152    1.408e+22    1.200e+22    9.80    1.402e-19  0.0682    16.48  1
  145  i03j06k06       194    115    1.659e+22    1.200e+22    9.80    1.402e-19  0.0682    16.48  1
  146  i03j06k06       131    605    1.478e+22    1.200e+22    9.80    1.402e-19  0.0682    16.48  1
  147  i03j06k06       322    499    1.238e+22    1.200e+22    9.80    1.402e-19  0.0682    16.48  1
  148  i03j06k06        57    659    1.550e+22    1.200e+22    9.80    1.402e-19  0.0682    16.48  1
  149  i03j06k06       144    215    1.562e+22    1.200e+22    9.80    1.402e-19  0.0682    16.48  1
  150  i03j06k06        63    260    1.262e+22    1.200e+22    9.80    1.402e-19  0.0682    16.48  1
  151  i03j06k06       837    711    1.293e+22    1.200e+22    9.80    1.402e-19  0.0682    16.48  1
  152  i03j06k06       632    391    1.205e+22    1.200e+22    9.80    1.402e-19  0.0682    16.48  1
  153  i02j06k06       800    488    7.183e+21    6.000e+21   11.13    1.422e-19  0.0682    16.32  1
  154  i02j06k06       209    756    6.251e+21    6.000e+21   11.13    1.422e-19  0.0682    16.32  1
  155  i02j06k06       728    628    8.620e+21    6.000e+21   11.13    1.422e-19  0.0682    16.32  1
  156  i02j06k06       373    239    8.364e+21    6.000e+21   11.13    1.422e-19  0.0682    16.32  1
  157  i02j06k06       901    560    7.328e+21    6.000e+21   11.13    1.422e-19  0.0682    16.32  1
  158  i02j06k06       797    610    7.302e+21    6.000e+21   11.13    1.422e-19  0.0682    16.32  1
  159  i02j06k06       432    298    6.702e+21    6.000e+21   11.13    1.422e-19  0.0682    16.32  1
  160  i02j06k06       723    746    5.901e+21    6.000e+21   11.13    1.422e-19  0.0682    16.32  1
  161  i02j06k06        39    805    7.645e+21    6.000e+21   11.13    1.422e-19  0.0682    16.32  1
  162  i02j06k06        44    460    6.984e+21    6.000e+21   11.13    1.422e-19  0.0682    16.32  1
  163  i02j06k06       237    115    8.173e+21    6.000e+21   11.13    1.422e-19  0.0682    16.32  1
  164  i02j06k06        51    771    6.894e+21    6.000e+21   11.13    1.422e-19  0.0682    16.32  1
  165  i02j06k06       781    644    8.253e+21    6.000e+21   11.13    1.422e-19  0.0682    16.32  1
  166  i02j06k06       623    287    6.045e+21    6.000e+21   11.13    1.422e-19  0.0682    16.32  1
  167  i02j06k06       678    614    8.211e+21    6.000e+21   11.13    1.422e-19  0.0682    16.32  1
  168  i02j06k06       602    460    7.501e+21    6.000e+21   11.13    1.422e-19  0.0682    16.32  1
  169  i02j06k06       462    199    8.421e+21    6.000e+21   11.13    1.422e-19  0.0682    16.32  1
  170  i02j06k06       478     50    8.127e+21    6.000e+21   11.13    1.422e-19  0.0682    16.32  1
  171  i02j06k06       779    188    8.341e+21    6.000e+21   11.13    1.422e-19  0.0682    16.32  1
  172  i01j06k06       334    911    4.116e+21    3.000e+21   12.44    1.404e-19  0.0682    16.31  1
  173  i01j06k06       553    937    4.205e+21    3.000e+21   12.44    1.404e-19  0.0682    16.31  1
  174  i01j06k06       871    295    3.124e+21    3.000e+21   12.44    1.404e-19  0.0682    16.31  1
  175  i01j06k06       424    889    4.232e+21    3.000e+21   12.44    1.404e-19  0.0682    16.31  1
  176  i01j06k06       828    200    4.290e+21    3.000e+21   12.44    1.404e-19  0.0682    16.31  1
  177  i01j06k06       316    724    3.969e+21    3.000e+21   12.44    1.404e-19  0.0682    16.31  1
  178  i01j06k06       936    275    3.022e+21    3.000e+21   12.44    1.404e-19  0.0682    16.31  1
  179  i01j06k06       618    121    3.791e+21    3.000e+21   12.44    1.404e-19  0.0682    16.31  1
  180  i01j06k06       877    164    3.027e+21    3.000e+21   12.44    1.404e-19  0.0682    16.31  1
  181  i01j06k06       240    877    4.318e+21    3.000e+21   12.44    1.404e-19  0.0682    16.31  1
  182  i01j06k06       941    157    3.003e+21    3.000e+21   12.44    1.404e-19  0.0682    16.31  1
  183  i01j06k06       940     66    3.044e+21    3.000e+21   12.44    1.404e-19  0.0682    16.31  1
  184  i01j06k06       826    937    4.215e+21    3.000e+21   12.44    1.404e-19  0.0682    16.31  1
  185  i01j06k06       388    883    4.207e+21    3.000e+21   12.44    1.404e-19  0.0682    16.31  1
  186  i01j06k06       941    579    4.113e+21    3.000e+21   12.44    1.404e-19  0.0682    16.31  1
  187  i01j06k06       764    939    4.263e+21    3.000e+21   12.44    1.404e-19  0.0682    16.31  1
  188  i01j06k06       262    836    3.996e+21    3.000e+21   12.44    1.404e-19  0.0682    16.31  1
  189  i03j04k06       221    557    1.707e+22    1.200e+22    9.97    6.004e-20  0.0290    16.01  1
  190  i03j04k06       245    517    1.522e+22    1.200e+22    9.97    6.004e-20  0.0290    16.01  1
  191  i03j04k06       139    463    1.663e+22    1.200e+22    9.97    6.004e-20  0.0290    16.01  1
  192  i03j04k06        38    216    1.433e+22    1.200e+22    9.97    6.004e-20  0.0290    16.01  1
  193  i03j04k06       672    481    1.600e+22    1.200e+22    9.97    6.004e-20  0.0290    16.01  1
  194  i03j04k06       184    425    1.695e+22    1.200e+22    9.97    6.004e-20  0.0290    16.01  1
  195  i03j04k06       140    156    1.301e+22    1.200e+22    9.97    6.004e-20  0.0290    16.01  1
  196  i03j04k06       493    393    1.668e+22    1.200e+22    9.97    6.004e-20  0.0290    16.01  1
  197  i01j05k06       583    207    4.230e+21    3.000e+21   12.83    9.354e-20  0.0444    15.98  1
  198  i01j05k06       359    789    4.115e+21    3.000e+21   12.83    9.354e-20  0.0444    15.98  1
  199  i01j05k06       285    622    4.242e+21    3.000e+21   12.83    9.354e-20  0.0444    15.98  1
  200  i01j05k06       648    858    4.044e+21    3.000e+21   12.83    9.354e-20  0.0444    15.98  1
  201  i01j05k06       654     36    3.189e+21    3.000e+21   12.83    9.354e-20  0.0444    15.98  1
  202  i01j05k06       328    690    4.296e+21    3.000e+21   12.83    9.354e-20  0.0444    15.98  1
  203  i01j05k06       935    384    4.377e+21    3.000e+21   12.83    9.354e-20  0.0444    15.98  1
  204  i01j05k06       941    193    3.000e+21    3.000e+21   12.83    9.354e-20  0.0444    15.98  1
  205  i01j05k06       346    867    4.376e+21    3.000e+21   12.83    9.354e-20  0.0444    15.98  1
  206  i01j05k06       521     35    4.215e+21    3.000e+21   12.83    9.354e-20  0.0444    15.98  1
  207  i01j05k06       155    941    4.148e+21    3.000e+21   12.83    9.354e-20  0.0444    15.98  1
  208  i01j05k06       577    638    4.352e+21    3.000e+21   12.83    9.354e-20  0.0444    15.98  1
  209  i01j05k06       162    891    4.143e+21    3.000e+21   12.83    9.354e-20  0.0444    15.98  1
  210  i02j09k02        36    881    6.855e+21    6.000e+21    7.10    4.816e-17  0.2472    15.23  1
  211  i02j09k02       773    756    6.346e+21    6.000e+21    7.10    4.816e-17  0.2472    15.23  1
  212  i02j09k02       434     36    7.498e+21    6.000e+21    7.10    4.816e-17  0.2472    15.23  1
  213  i02j09k02       858    542    8.769e+21    6.000e+21    7.10    4.816e-17  0.2472    15.23  1
  214  i03j09k04       540    524    1.285e+22    1.200e+22    8.01    5.863e-18  0.2472    12.21  1
  215  i03j09k04       742    445    1.351e+22    1.200e+22    8.01    5.863e-18  0.2472    12.21  1
  216  i03j09k04       519    309    1.418e+22    1.200e+22    8.01    5.863e-18  0.2472    12.21  1
  217  i03j09k04       647    427    1.383e+22    1.200e+22    8.01    5.863e-18  0.2472    12.21  1
  218  i03j09k04       608    509    1.220e+22    1.200e+22    8.01    5.863e-18  0.2472    12.21  1
  219  i03j09k04        88    610    1.409e+22    1.200e+22    8.01    5.863e-18  0.2472    12.21  1
  220  i04j08k01       366    342    2.665e+22    2.400e+22    6.71    1.277e-16  0.1610    10.90  1
  221  i03j08k01       482    492    1.475e+22    1.200e+22    6.74    1.331e-16  0.1610    10.88  1
  222  i02j08k01       246    649    6.166e+21    6.000e+21    6.77    1.322e-16  0.1610    10.81  1
  223  i02j08k01       537    885    6.093e+21    6.000e+21    6.77    1.322e-16  0.1610    10.81  1
  224  i02j08k01       941    635    7.832e+21    6.000e+21    6.77    1.322e-16  0.1610    10.81  1
  225  i02j08k01       640    462    8.649e+21    6.000e+21    6.77    1.322e-16  0.1610    10.81  1
  226  i03j05k05       706    450    1.242e+22    1.200e+22    9.61    4.005e-19  0.0444    10.10  1
  227  i03j05k05       174    321    1.246e+22    1.200e+22    9.61    4.005e-19  0.0444    10.10  1
  228  i03j05k05       758    522    1.775e+22    1.200e+22    9.61    4.005e-19  0.0444    10.10  1
  229  i03j05k05        74    217    1.483e+22    1.200e+22    9.61    4.005e-19  0.0444    10.10  1
  230  i03j05k05        95    311    1.543e+22    1.200e+22    9.61    4.005e-19  0.0444    10.10  1
  231  i03j05k05       254    469    1.535e+22    1.200e+22    9.61    4.005e-19  0.0444    10.10  1
  232  i03j05k05       685    412    1.194e+22    1.200e+22    9.61    4.005e-19  0.0444    10.10  1
  233  i03j05k05        51    171    1.188e+22    1.200e+22    9.61    4.005e-19  0.0444    10.10  1
  234  i03j05k05       400    342    1.273e+22    1.200e+22    9.61    4.005e-19  0.0444    10.10  1
  235  i03j05k05       561    347    1.338e+22    1.200e+22    9.61    4.005e-19  0.0444    10.10  1
  236  i03j05k05       221     73    1.425e+22    1.200e+22    9.61    4.005e-19  0.0444    10.10  1
  237  i03j05k05       480    458    1.643e+22    1.200e+22    9.61    4.005e-19  0.0444    10.10  1
  238  i03j05k05       131    422    1.288e+22    1.200e+22    9.61    4.005e-19  0.0444    10.10  1
  239  i03j05k05       127    118    1.264e+22    1.200e+22    9.61    4.005e-19  0.0444    10.10  1
  240  i03j05k05       753    481    1.644e+22    1.200e+22    9.61    4.005e-19  0.0444    10.10  1
  241  i03j05k05       241    349    1.571e+22    1.200e+22    9.61    4.005e-19  0.0444    10.10  1
  242  i01j08k02       552    573    4.292e+21    3.000e+21    7.17    4.552e-17  0.1610     8.79  1
  243  i01j08k02       754    274    3.302e+21    3.000e+21    7.17    4.552e-17  0.1610     8.79  1
  244  i01j08k02       274    676    4.264e+21    3.000e+21    7.17    4.552e-17  0.1610     8.79  1
  245  i01j08k02       812    408    4.268e+21    3.000e+21    7.17    4.552e-17  0.1610     8.79  1
  246  i01j08k02       206    796    4.218e+21    3.000e+21    7.17    4.552e-17  0.1610     8.79  1
  247  i01j08k02       588    941    3.716e+21    3.000e+21    7.17    4.552e-17  0.1610     8.79  1
  248  i04j06k04       221    482    2.555e+22    2.400e+22    8.09    2.541e-18  0.0682     6.95  1
  249  i04j06k04       184    552    2.451e+22    2.400e+22    8.09    2.541e-18  0.0682     6.95  1
  250  i04j06k04       179    193    2.477e+22    2.400e+22    8.09    2.541e-18  0.0682     6.95  1
  251  i04j05k04       497    428    2.502e+22    2.400e+22    8.25    1.730e-18  0.0444     6.49  1
  252  i03j07k01       425     97    1.263e+22    1.200e+22    6.78    1.189e-16  0.1048     6.23  1
  253  i01j07k01       605    845    4.259e+21    3.000e+21    6.82    1.188e-16  0.1049     6.17  1
  254  i01j07k01       922    820    4.266e+21    3.000e+21    6.82    1.188e-16  0.1049     6.17  1
  255  i01j07k01       718    820    4.233e+21    3.000e+21    6.82    1.188e-16  0.1049     6.17  1
  256  i01j07k01       519    941    4.259e+21    3.000e+21    6.82    1.188e-16  0.1049     6.17  1
  257  i04j07k03       199    299    2.414e+22    2.400e+22    7.45    1.283e-17  0.1048     6.13  1
  258  i02j07k02       625    606    6.474e+21    6.000e+21    7.22    4.116e-17  0.1048     5.54  1
  259  i02j07k02       414    140    8.237e+21    6.000e+21    7.22    4.116e-17  0.1048     5.54  1
  260  i02j07k02       712    381    7.509e+21    6.000e+21    7.22    4.116e-17  0.1048     5.54  1
  261  i02j07k02       739    863    6.245e+21    6.000e+21    7.22    4.116e-17  0.1048     5.54  1
  262  i02j07k02       391    101    8.421e+21    6.000e+21    7.22    4.116e-17  0.1048     5.54  1
  263  i02j07k02       535    201    6.068e+21    6.000e+21    7.22    4.116e-17  0.1048     5.54  1
  264  i03j05k03       831    517    1.358e+22    1.200e+22    8.24    7.273e-18  0.0445     4.28  1
  265  i03j05k03       113    494    1.279e+22    1.200e+22    8.24    7.273e-18  0.0445     4.28  1
  266  i03j05k03       590    697    1.441e+22    1.200e+22    8.24    7.273e-18  0.0445     4.28  1
  267  i03j05k03       236     35    1.236e+22    1.200e+22    8.24    7.273e-18  0.0445     4.28  1
  268  i03j05k03       818    769    1.347e+22    1.200e+22    8.24    7.273e-18  0.0445     4.28  1
  269  i03j05k03       796    522    1.654e+22    1.200e+22    8.24    7.273e-18  0.0445     4.28  1
  270  i03j06k01       383    310    1.460e+22    1.200e+22    6.82    1.096e-16  0.0683     3.80  1
  271  i03j06k01       138    533    1.452e+22    1.200e+22    6.82    1.096e-16  0.0683     3.80  1
  272  i03j06k01       276    497    1.540e+22    1.200e+22    6.82    1.096e-16  0.0683     3.80  1
  273  i03j06k01       209    515    1.632e+22    1.200e+22    6.82    1.096e-16  0.0683     3.80  1
  274  i02j05k02       793    844    7.826e+21    6.000e+21    7.57    2.807e-17  0.0445     3.10  1
  275  i02j05k02       711    246    6.595e+21    6.000e+21    7.57    2.807e-17  0.0445     3.10  1
  276  i02j05k02       430    499    7.190e+21    6.000e+21    7.57    2.807e-17  0.0445     3.10  1
  277  i02j05k02       469    127    7.586e+21    6.000e+21    7.57    2.807e-17  0.0445     3.10  1
  278  i02j05k02       151    641    7.725e+21    6.000e+21    7.57    2.807e-17  0.0445     3.10  1
  279  i02j05k02       129    754    6.013e+21    6.000e+21    7.57    2.807e-17  0.0445     3.10  1
  280  i02j05k02       719    416    7.376e+21    6.000e+21    7.57    2.807e-17  0.0445     3.10  1
  281  i02j05k02       419    717    6.186e+21    6.000e+21    7.57    2.807e-17  0.0445     3.10  1
  282  i02j05k02       258    594    6.301e+21    6.000e+21    7.57    2.807e-17  0.0445     3.10  1
  283  i02j05k02       180    663    6.740e+21    6.000e+21    7.57    2.807e-17  0.0445     3.10  1
  284  i02j05k02       413    609    6.064e+21    6.000e+21    7.57    2.807e-17  0.0445     3.10  1
  285  i02j05k02       748    160    6.726e+21    6.000e+21    7.57    2.807e-17  0.0445     3.10  1
  286  i02j05k02       872    466    6.415e+21    6.000e+21    7.57    2.807e-17  0.0445     3.10  1
  287  i02j05k02        72     84    8.405e+21    6.000e+21    7.57    2.807e-17  0.0445     3.10  1
  288  i02j05k02       220    673    6.014e+21    6.000e+21    7.57    2.807e-17  0.0445     3.10  1
  289  i02j05k02       941    774    6.364e+21    6.000e+21    7.57    2.807e-17  0.0445     3.10  1
  290  i02j05k02       427    241    6.730e+21    6.000e+21    7.57    2.807e-17  0.0445     3.10  1
  291  i02j05k02       322    541    7.556e+21    6.000e+21    7.57    2.807e-17  0.0445     3.10  1
  292  i02j05k02       833    625    8.349e+21    6.000e+21    7.57    2.807e-17  0.0445     3.10  1
  293  i02j05k02       601    362    8.282e+21    6.000e+21    7.57    2.807e-17  0.0445     3.10  1
  294  i02j05k02       579    274    6.347e+21    6.000e+21    7.57    2.807e-17  0.0445     3.10  1
  295  i02j05k02       663    287    6.028e+21    6.000e+21    7.57    2.807e-17  0.0445     3.10  1
  296  i02j05k02       245    757    6.770e+21    6.000e+21    7.57    2.807e-17  0.0445     3.10  1
  297  i02j05k02       564    672    6.099e+21    6.000e+21    7.57    2.807e-17  0.0445     3.10  1
  298  i02j05k02       598    542    7.908e+21    6.000e+21    7.57    2.807e-17  0.0445     3.10  1
  299  i01j05k02       228    833    4.213e+21    3.000e+21    7.64    2.823e-17  0.0445     3.09  1
  300  i01j05k02       941    509    4.237e+21    3.000e+21    7.64    2.823e-17  0.0445     3.09  1
  301  i04j04k02       802    696    2.410e+22    2.400e+22    7.45    2.025e-17  0.0290     2.71  1
  302  i02j04k01       499    351    8.037e+21    6.000e+21    7.10    7.590e-17  0.0290     2.01  1
  303  i02j04k01       168    610    8.488e+21    6.000e+21    7.10    7.590e-17  0.0290     2.01  1
  304  i02j04k01       729    350    7.498e+21    6.000e+21    7.10    7.590e-17  0.0290     2.01  1
  305  i02j04k01        50    735    7.533e+21    6.000e+21    7.10    7.590e-17  0.0290     2.01  1
  306  i02j04k01       354     65    7.806e+21    6.000e+21    7.10    7.590e-17  0.0290     2.01  1
  307  i02j04k01       775    421    8.046e+21    6.000e+21    7.10    7.590e-17  0.0290     2.01  1
  308  i02j04k01        90    938    6.297e+21    6.000e+21    7.10    7.590e-17  0.0290     2.01  1
  309  i02j04k01        36    387    6.138e+21    6.000e+21    7.10    7.590e-17  0.0290     2.01  1
  310  i02j04k01       509    727    7.041e+21    6.000e+21    7.10    7.590e-17  0.0290     2.01  1
  311  i02j04k01       359    531    7.863e+21    6.000e+21    7.10    7.590e-17  0.0290     2.01  1
  312  i02j04k01       918    609    6.191e+21    6.000e+21    7.10    7.590e-17  0.0290     2.01  1
  313  i02j04k01       469    368    7.951e+21    6.000e+21    7.10    7.590e-17  0.0290     2.01  1
  314  i02j04k01       712    166    7.820e+21    6.000e+21    7.10    7.590e-17  0.0290     2.01  1
  315  i02j04k01       313    649    6.756e+21    6.000e+21    7.10    7.590e-17  0.0290     2.01  1
  316  i02j04k01       108    683    6.249e+21    6.000e+21    7.10    7.590e-17  0.0290     2.01  1
  317  i02j04k01       853    848    6.000e+21    6.000e+21    7.10    7.590e-17  0.0290     2.01  1
  318  i02j04k01       106    149    6.695e+21    6.000e+21    7.10    7.590e-17  0.0290     2.01  1
  319  i02j04k01       155     35    6.888e+21    6.000e+21    7.10    7.590e-17  0.0290     2.01  1
  320  i02j04k01       455    160    8.434e+21    6.000e+21    7.10    7.590e-17  0.0290     2.01  1
  321  i02j04k01       469    928    6.101e+21    6.000e+21    7.10    7.590e-17  0.0290     2.01  1
  322  i02j04k01        98    358    8.024e+21    6.000e+21    7.10    7.590e-17  0.0290     2.01  1
  323  i02j04k01       314    138    6.341e+21    6.000e+21    7.10    7.590e-17  0.0290     2.01  1
  324  i02j04k01       781    457    8.280e+21    6.000e+21    7.10    7.590e-17  0.0290     2.01  1
  325  i02j04k01       169    733    6.129e+21    6.000e+21    7.10    7.590e-17  0.0290     2.01  1
  326  i02j04k01        95    756    6.059e+21    6.000e+21    7.10    7.590e-17  0.0290     2.01  1
