! mass-weighted dust temperature of the middle part of the cylinder, |z| < 3.650 pc, against R
!        R(AU)    cells   frac T=0       T(K)     rms(K)
   4.50126e-01      213      0.014    13.6416     0.0000
   4.71340e-01      226      0.000     9.7014     0.0000
   4.93553e-01      224      0.000     8.4331     0.0000
   5.41170e-01      234      0.000     8.0138     0.0000
   5.66675e-01      234      0.000     6.3413     1.2905
   5.93381e-01      240      0.000     8.9600     1.3084
   6.50630e-01      246      0.000     7.3703     0.0000
   6.81293e-01      248      0.004     7.2273     0.0000
   7.13401e-01      250      0.012     5.0276     2.3181
   7.47023e-01      252      0.008     8.2008     0.4252
   7.82229e-01      254      0.004    15.3874     5.4239
   8.19094e-01      258      0.023     6.8799     0.0000
   8.57697e-01      268      0.007     8.8659     1.1909
   8.98119e-01      264      0.000     7.6935     1.6374
   9.40446e-01      268      0.007    12.9625     5.0604
   9.84768e-01      276      0.007     9.7922     0.3564
   1.03118e+00      278      0.000     9.4857     0.6873
   1.07978e+00      280      0.000     7.3785     0.4998
   1.13066e+00      286      0.000    10.4211     3.2573
   1.18395e+00      286      0.000     8.8056     0.7759
   1.23975e+00      294      0.007     8.4769     0.4853
   1.29818e+00      296      0.000     7.7642     1.1037
   1.35936e+00      300      0.000    10.7654     3.1229
   1.42342e+00      298      0.000     8.1167     0.3683
   1.49051e+00      300      0.000     7.5549     0.4922
   1.56075e+00      302      0.000     7.7647     0.2558
   1.63431e+00      300      0.013     7.4177     0.3973
   1.71133e+00      296      0.000     8.8351     0.3355
   1.79198e+00      300      0.000     7.6851     0.6339
   1.87644e+00      302      0.000     7.9524     0.3411
   1.96487e+00      302      0.000     7.1407     0.2918
   2.05747e+00      296      0.000     7.5618     0.3492
   2.15444e+00      300      0.000     7.1554     0.4211
   2.25597e+00      300      0.000     7.4487     0.3480
   2.36229e+00      302      0.000     7.1691     0.2977
   2.47363e+00      298      0.000     7.4246     0.2462
   2.59020e+00      300      0.000     7.2632     0.5638
   2.71228e+00      298      0.000     7.5001     0.3429
   2.84010e+00      302      0.000     7.5059     0.4235
   2.97395e+00      300      0.000     7.2064     0.2534
   3.11411e+00      298      0.000     7.0458     0.2670
   3.26087e+00      298      0.000     7.4153     0.2867
   3.41455e+00      300      0.000     7.1182     0.3436
   3.57548e+00      302      0.000     6.8250     0.2214
   3.74398e+00      298      0.000     6.8427     0.1809
   3.92043e+00      300      0.000     6.8685     0.2696
   4.10520e+00      300      0.000     6.7132     0.2781
   4.29867e+00      302      0.000     6.7853     0.2165
   4.50126e+00      298      0.000     6.6749     0.1979
   4.71340e+00      298      0.000     6.6377     0.3006
   4.93553e+00      300      0.000     6.5854     0.3456
   5.16814e+00      302      0.000     6.6458     0.2650
   5.41170e+00      300      0.000     6.7841     0.3469
   5.66675e+00      298      0.000     6.5887     0.2991
   5.93381e+00      300      0.000     6.6504     0.3151
   6.21347e+00      300      0.000     6.8791     0.4256
   6.50630e+00      300      0.000     6.4421     0.1962
   6.81293e+00      298      0.000     6.6233     0.2339
   7.13401e+00      302      0.000     6.4060     0.2161
   7.47023e+00      298      0.000     6.4195     0.2323
   7.82229e+00      300      0.000     6.4812     0.2052
   8.19094e+00      298      0.000     6.5443     0.1963
   8.57697e+00      300      0.000     6.4364     0.2371
   8.98119e+00      300      0.000     6.5675     0.1642
   9.40446e+00      302      0.000     6.5139     0.1621
   9.84768e+00      300      0.000     6.3459     0.1602
   1.03118e+01      296      0.000     6.1161     0.1197
   1.07978e+01      300      0.000     6.2000     0.0794
   1.13066e+01      302      0.000     6.1837     0.1396
   1.18395e+01      302      0.000     6.2274     0.1239
   1.23975e+01      296      0.000     6.3005     0.0964
   1.29818e+01      300      0.000     6.3108     0.0868
   1.35936e+01      300      0.000     6.2699     0.2366
   1.42342e+01      302      0.000     6.3708     0.1215
   1.49051e+01      296      0.000     6.2955     0.1437
   1.56075e+01      302      0.000     6.1007     0.0861
   1.63431e+01      300      0.000     6.0955     0.1820
   1.71133e+01      302      0.000     6.1011     0.0828
   1.79198e+01      298      0.000     6.0867     0.1451
   1.87644e+01      298      0.000     6.1597     0.1187
   1.96487e+01      300      0.000     6.1033     0.1707
   2.05747e+01      300      0.000     6.1439     0.2024
   2.15444e+01      300      0.000     6.2364     0.1207
   2.25597e+01      298      0.000     6.1641     0.0642
   2.36229e+01      298      0.000     6.1964     0.0931
   2.47363e+01      302      0.000     6.1727     0.0833
   2.59020e+01      302      0.000     6.1962     0.1147
   2.71228e+01      298      0.000     6.1706     0.0566
   2.84010e+01      298      0.000     6.3232     0.0978
   2.97395e+01      300      0.000     6.2543     0.0841
   3.11411e+01      302      0.000     6.2845     0.0529
   3.26087e+01      302      0.000     6.2568     0.0539
   3.41455e+01      296      0.000     6.2481     0.0918
   3.57548e+01      300      0.000     6.1508     0.0780
   3.74398e+01      300      0.000     6.2500     0.0659
   3.92043e+01      302      0.000     6.1747     0.0501
   4.10520e+01      296      0.000     6.0998     0.0524
   4.29867e+01      302      0.000     6.2925     0.0553
   4.50126e+01      300      0.000     6.2894     0.0598
   4.71340e+01      302      0.000     6.2615     0.0826
   4.93553e+01      298      0.000     6.3942     0.0769
   5.16814e+01      298      0.000     6.2923     0.0648
   5.41170e+01      300      0.000     6.3663     0.0469
   5.66675e+01      304      0.000     6.4285     0.0893
   5.93381e+01      298      0.000     6.3665     0.0834
   6.21347e+01      298      0.000     6.3743     0.0838
   6.50630e+01      302      0.000     6.3313     0.0752
   6.81293e+01      298      0.000     6.4968     0.0832
   7.13401e+01      304      0.000     6.4208     0.0702
   7.47023e+01      300      0.000     6.4927     0.1000
   7.82229e+01      296      0.000     6.5608     0.0430
   8.19094e+01      298      0.000     6.5557     0.0828
   8.57697e+01      306      0.000     6.5176     0.0759
   8.98119e+01      300      0.000     6.5877     0.0537
   9.40446e+01      302      0.000     6.5012     0.0875
   9.84768e+01      302      0.000     6.6072     0.0561
   1.03118e+02      304      0.000     6.5124     0.1191
   1.07978e+02      300      0.000     6.5032     0.1115
   1.13066e+02      302      0.000     6.5245     0.0995
   1.18395e+02      306      0.000     6.6201     0.0899
   1.23975e+02      300      0.000     6.5667     0.0914
   1.29818e+02      306      0.000     6.5582     0.0867
   1.35936e+02      304      0.000     6.5466     0.0619
   1.42342e+02      302      0.000     6.6046     0.0683
   1.49051e+02      312      0.000     6.5876     0.0608
   1.56075e+02      300      0.000     6.6268     0.0963
   1.63431e+02      306      0.000     6.6800     0.0918
   1.71133e+02      314      0.000     6.6526     0.0711
   1.79198e+02      308      0.000     6.7054     0.0893
   1.87644e+02      320      0.000     6.7059     0.0774
   1.96487e+02      322      0.000     6.6394     0.0695
   2.05747e+02      328      0.000     6.6894     0.0661
   2.15444e+02      348      0.000     6.6931     0.0662
   2.25597e+02      340      0.000     6.7525     0.0368
   2.36229e+02      376      0.000     6.8035     0.0484
   2.47363e+02      344      0.000     6.7031     0.0477
   2.59020e+02      338      0.000     6.6983     0.0557
   2.71228e+02      358      0.000     6.7292     0.0396
   2.84010e+02      368      0.000     6.7226     0.0429
   2.97395e+02      362      0.000     6.7641     0.0287
   3.11411e+02      396      0.000     6.7531     0.0292
   3.26087e+02      382      0.000     6.7920     0.0402
   3.41455e+02      406      0.000     6.7746     0.0445
   3.57548e+02      430      0.000     6.8648     0.0257
   3.74398e+02      428      0.000     6.8266     0.0208
   3.92043e+02      476      0.000     6.8066     0.0234
   4.10520e+02      472      0.000     6.8376     0.0454
   4.29867e+02      502      0.000     6.8306     0.0217
   4.50126e+02      556      0.000     6.8662     0.0309
   4.71340e+02      600      0.000     6.8456     0.0204
   4.93553e+02      674      0.000     6.8496     0.0211
   5.16814e+02      674      0.000     6.8423     0.0233
   5.41170e+02      648      0.000     6.8882     0.0308
   5.66675e+02      676      0.000     6.8612     0.0125
   5.93381e+02      644      0.000     6.8599     0.0143
   6.21347e+02      656      0.000     6.8721     0.0159
   6.50630e+02      640      0.000     6.9260     0.0116
   6.81293e+02      632      0.000     6.8888     0.0201
   7.13401e+02      652      0.000     6.8634     0.0180
   7.47023e+02      642      0.000     6.9088     0.0176
   7.82229e+02      624      0.000     6.9366     0.0066
   8.19094e+02      650      0.000     6.9140     0.0212
   8.57697e+02      608      0.000     6.9179     0.0141
   8.98119e+02      624      0.000     6.9082     0.0273
   9.40446e+02      624      0.000     6.8948     0.0341
   9.84768e+02      602      0.000     6.8993     0.0336
   1.03118e+03      622      0.000     6.8788     0.0250
   1.07978e+03      606      0.000     6.9117     0.0311
   1.13066e+03      600      0.000     6.8930     0.0247
   1.18395e+03      606      0.000     6.8840     0.0086
   1.23975e+03      584      0.000     6.9278     0.0223
   1.29818e+03      598      0.000     6.9282     0.0140
   1.35936e+03      590      0.000     6.9496     0.0163
   1.42342e+03      580      0.000     6.9293     0.0110
   1.49051e+03      602      0.000     6.9353     0.0097
   1.56075e+03      562      0.000     6.9418     0.0181
   1.63431e+03      580      0.000     6.9518     0.0177
   1.71133e+03      574      0.000     6.9352     0.0171
   1.79198e+03      556      0.000     6.9633     0.0174
   1.87644e+03      570      0.000     6.9505     0.0165
   1.96487e+03      574      0.000     6.9769     0.0142
   2.05747e+03      542      0.000     6.9995     0.0085
   2.15444e+03      568      0.000     7.0254     0.0191
   2.25597e+03      540      0.000     7.0469     0.0175
   2.36229e+03      550      0.000     7.0334     0.0054
   2.47363e+03      536      0.000     7.0464     0.0075
   2.59020e+03      532      0.000     7.0555     0.0229
   2.71228e+03      544      0.000     7.0592     0.0131
   2.84010e+03      536      0.000     7.0652     0.0110
   2.97395e+03      518      0.000     7.0890     0.0074
   3.11411e+03      546      0.000     7.1095     0.0065
   3.26087e+03      502      0.000     7.1120     0.0105
   3.41455e+03      522      0.000     7.1241     0.0075
   3.57548e+03      518      0.000     7.1523     0.0118
   3.74398e+03      498      0.000     7.1639     0.0098
   3.92043e+03      520      0.000     7.1918     0.0071
   4.10520e+03      498      0.000     7.2137     0.0105
   4.29867e+03      492      0.000     7.2358     0.0132
   4.50126e+03      506      0.000     7.2508     0.0107
   4.71340e+03      480      0.000     7.2718     0.0056
   4.93553e+03      488      0.000     7.2921     0.0055
   5.16814e+03      494      0.000     7.3168     0.0040
   5.41170e+03      474      0.000     7.3174     0.0125
   5.66675e+03      492      0.000     7.3569     0.0071
   5.93381e+03      464      0.000     7.3862     0.0061
   6.21347e+03      476      0.000     7.3988     0.0067
   6.50630e+03      464      0.000     7.4287     0.0048
   6.81293e+03      458      0.000     7.4454     0.0034
   7.13401e+03      468      0.000     7.4793     0.0061
   7.47023e+03      462      0.000     7.4915     0.0051
   7.82229e+03      444      0.000     7.5077     0.0052
   8.19094e+03      452      0.000     7.5372     0.0054
   8.57697e+03      434      0.000     7.5650     0.0054
   8.98119e+03      442      0.000     7.6026     0.0081
   9.40446e+03      420      0.000     7.6281     0.0063
   9.84768e+03      416      0.000     7.6482     0.0053
   1.03118e+04      418      0.000     7.6810     0.0033
   1.07978e+04      414      0.000     7.7203     0.0046
   1.13066e+04      392      0.000     7.7275     0.0039
   1.18395e+04      404      0.000     7.7651     0.0064
   1.23975e+04      374      0.000     7.7918     0.0064
   1.29818e+04      386      0.000     7.8325     0.0082
   1.35936e+04      366      0.000     7.8667     0.0175
   1.42342e+04      360      0.000     7.8929     0.0117
   1.49051e+04      360      0.000     7.9296     0.0099
   1.56075e+04      340      0.000     7.9629     0.0145
   1.63431e+04      342      0.000     8.0001     0.0121
   1.71133e+04      322      0.000     8.0380     0.0078
   1.79198e+04      320      0.000     8.0713     0.0053
   1.87644e+04      318      0.000     8.1079     0.0116
   1.96487e+04      298      0.000     8.1362     0.0081
   2.05747e+04      296      0.000     8.1818     0.0078
   2.15444e+04      290      0.000     8.2369     0.0083
   2.25597e+04      270      0.000     8.2681     0.0106
   2.36229e+04      282      0.000     8.3094     0.0072
   2.47363e+04      246      0.000     8.3517     0.0089
   2.59020e+04      250      0.000     8.3903     0.0054
   2.71228e+04      250      0.000     8.4328     0.0029
   2.84010e+04      236      0.000     8.4758     0.0036
   2.97395e+04      228      0.000     8.5164     0.0051
   3.11411e+04      222      0.000     8.5706     0.0031
   3.26087e+04      206      0.000     8.6170     0.0076
   3.41455e+04      214      0.000     8.6597     0.0038
   3.57548e+04      188      0.000     8.7136     0.0023
   3.74398e+04      188      0.000     8.7688     0.0044
   3.92043e+04      184      0.000     8.8253     0.0043
   4.10520e+04      174      0.000     8.8890     0.0053
   4.29867e+04      168      0.000     8.9320     0.0040
   4.50126e+04      162      0.000     8.9882     0.0035
   4.71340e+04      150      0.000     9.0396     0.0045
   4.93553e+04      156      0.000     9.0984     0.0034
   5.16814e+04      136      0.000     9.1530     0.0050
   5.41170e+04      138      0.000     9.2064     0.0073
   5.66675e+04      136      0.000     9.2681     0.0036
   5.93381e+04      118      0.000     9.3290     0.0041
   6.21347e+04      130      0.000     9.3920     0.0039
   6.50630e+04      106      0.000     9.4457     0.0048
   6.81293e+04      108      0.000     9.5053     0.0034
   7.13401e+04      114      0.000     9.5700     0.0049
   7.47023e+04       94      0.000     9.6332     0.0052
   7.82229e+04       98      0.000     9.7004     0.0039
   8.19094e+04       94      0.000     9.7652     0.0048
   8.57697e+04       84      0.000     9.8140     0.0035
   8.98119e+04       94      0.000     9.8795     0.0077
   9.40446e+04       74      0.000     9.9330     0.0083
   9.84768e+04       74      0.000     9.9840     0.0096
   1.03118e+05       80      0.000    10.0426     0.0080
   1.07978e+05       68      0.000    10.1081     0.0106
   1.13066e+05       68      0.000    10.2006     0.0076
   1.18395e+05       64      0.000    10.3181     0.0089
   1.23975e+05       60      0.000    10.4400     0.0101
   1.29818e+05       68      0.000    10.6002     0.0096
   1.35936e+05       50      0.000    10.7738     0.0109
   1.42342e+05       54      0.000    10.9784     0.0149
   1.49051e+05       56      0.000    11.2458     0.0153
   1.56075e+05       42      0.000    11.5494     0.0166
   1.63431e+05       54      0.000    11.9435     0.0213
   1.71133e+05       44      0.000    12.4800     0.0200
   1.79198e+05       38      0.000    13.1886     0.0291
   1.87644e+05       50      0.000    14.3631     0.0255
   1.96487e+05       32      0.000    16.2942     0.0327
   2.05747e+05       32      0.000    18.9077     0.0255
