! mass-weighted dust temperature of the middle part of the cylinder, |z| < 2.605 pc, against R
!        R(AU)    cells   frac T=0       T(K)     rms(K)
   1.87644e-01       74      0.986     8.2124     0.0000
   2.25597e-01       82      0.988     6.2264     0.0000
   2.97395e-01       93      0.989     9.4065     0.0000
   3.57548e-01       98      0.990     7.2306     0.0000
   3.92043e-01      104      0.990     7.5225     0.0000
   4.10520e-01      105      0.990     7.4335     0.0000
   4.50126e-01      108      0.991     7.3478     0.0000
   4.71340e-01      113      0.982     6.4709     0.7303
   4.93553e-01      112      0.982     6.3928     0.7272
   5.16814e-01      111      0.982     6.6065     4.1734
   5.41170e-01      117      0.983     6.3181     0.7236
   5.66675e-01      117      0.974     4.4918     0.2891
   5.93381e-01      120      0.975     9.0725     3.4776
   6.21347e-01      120      0.992     5.4519     0.0000
   6.50630e-01      123      0.984    10.1181     2.6044
   6.81293e-01      125      0.968     4.9389     0.7975
   7.13401e-01      128      0.977     8.2162     2.7112
   7.47023e-01      128      0.977     6.1374     0.5692
   7.82229e-01      129      0.984     8.3897     2.3476
   8.19094e-01      132      0.977     7.9306     2.5254
   8.57697e-01      136      0.971     7.3105     2.1385
   8.98119e-01      135      0.963     7.2706     2.5748
   9.40446e-01      136      0.985     8.0195     2.1380
   9.84768e-01      140      0.971     6.7618     1.6255
   1.03118e+00      142      0.958     6.2650     1.6802
   1.07978e+00      142      0.944     9.0785     1.2955
   1.13066e+00      145      0.945     5.1626     1.0447
   1.18395e+00      146      0.938     8.7356     0.6455
   1.23975e+00      149      0.940     6.0900     3.3649
   1.29818e+00      151      0.940     4.2071     2.0448
   1.35936e+00      152      0.934     5.1383     0.8370
   1.42342e+00      153      0.935     9.1550     1.1944
   1.49051e+00      156      0.917     8.9607     2.8108
   1.56075e+00      159      0.925     6.2339     1.2983
   1.63431e+00      159      0.918     6.9131     0.9318
   1.71133e+00      159      0.918     5.9486     0.8174
   1.79198e+00      165      0.909     8.3206     1.0234
   1.87644e+00      166      0.898     6.9519     0.9184
   1.96487e+00      166      0.880     9.6538     1.4614
   2.05747e+00      168      0.881     5.1845     2.0581
   2.15444e+00      171      0.860     6.0832     0.7041
   2.25597e+00      172      0.878     6.2414     1.2125
   2.36229e+00      175      0.840     6.1886     1.1714
   2.47363e+00      175      0.811     7.5277     1.6164
   2.59020e+00      178      0.826     7.6549     1.3242
   2.71228e+00      179      0.810     7.5968     0.7216
   2.84010e+00      183      0.820     8.2477     1.1608
   2.97395e+00      183      0.792     7.1807     1.5754
   3.11411e+00      184      0.793     4.9834     1.5008
   3.26087e+00      187      0.759     7.7524     2.0602
   3.41455e+00      189      0.778     5.3505     0.6530
   3.57548e+00      190      0.747     8.6631     2.1172
   3.74398e+00      193      0.751     6.6665     1.2742
   3.92043e+00      195      0.738     6.2883     1.0508
   4.10520e+00      194      0.753     7.0157     0.6763
   4.29867e+00      199      0.688     5.9741     0.8477
   4.50126e+00      200      0.685     6.6485     0.7196
   4.71340e+00      201      0.697     7.2320     0.8791
   4.93553e+00      203      0.685     7.2929     0.8920
   5.16814e+00      206      0.655     6.5636     0.9644
   5.41170e+00      207      0.623     7.6258     1.5968
   5.66675e+00      208      0.663     7.6587     1.0040
   5.93381e+00      211      0.621     7.1189     1.2127
   6.21347e+00      213      0.606     7.7578     0.9209
   6.50630e+00      213      0.582     8.2830     1.0010
   6.81293e+00      217      0.590     7.9473     1.0888
   7.13401e+00      220      0.559     7.1170     0.9152
   7.47023e+00      217      0.567     7.5701     1.3803
   7.82229e+00      222      0.541     7.1612     0.8896
   8.19094e+00      224      0.522     7.2441     0.7586
   8.57697e+00      225      0.524     6.8743     0.8560
   8.98119e+00      227      0.489     6.4620     0.7215
   9.40446e+00      229      0.489     6.9409     0.9115
   9.84768e+00      232      0.448     7.2293     0.9039
   1.03118e+01      231      0.459     7.2960     0.7148
   1.07978e+01      235      0.447     7.3277     0.9220
   1.13066e+01      237      0.439     7.2583     0.6150
   1.18395e+01      238      0.399     6.8815     0.6315
   1.23975e+01      239      0.402     7.2718     0.7031
   1.29818e+01      244      0.385     7.0034     0.6073
   1.35936e+01      241      0.378     7.3687     0.6627
   1.42342e+01      247      0.364     7.2824     0.6329
   1.49051e+01      247      0.340     7.3401     0.6038
   1.56075e+01      249      0.321     7.4722     0.7105
   1.63431e+01      250      0.304     7.4614     0.6118
   1.71133e+01      254      0.299     7.2436     0.5527
   1.79198e+01      254      0.295     7.1476     0.6622
   1.87644e+01      253      0.281     7.2363     1.0889
   1.96487e+01      255      0.275     7.1739     1.0443
   2.05747e+01      259      0.270     7.2420     0.9446
   2.15444e+01      258      0.256     7.2417     0.9550
   2.25597e+01      262      0.263     7.1878     0.9162
   2.36229e+01      263      0.259     7.2063     0.8581
   2.47363e+01      264      0.246     7.2423     0.8865
   2.59020e+01      268      0.239     7.2991     0.7851
   2.71228e+01      269      0.227     7.2461     0.8310
   2.84010e+01      269      0.208     7.1856     0.7622
   2.97395e+01      273      0.198     7.2882     0.7333
   3.11411e+01      274      0.215     7.3227     0.7199
   3.26087e+01      278      0.187     7.2509     0.6856
   3.41455e+01      276      0.178     7.2912     0.6682
   3.57548e+01      279      0.158     7.3586     0.6980
   3.74398e+01      281      0.160     7.3177     0.7001
   3.92043e+01      280      0.179     7.3145     0.6317
   4.10520e+01      278      0.144     7.2888     0.6440
   4.29867e+01      282      0.149     7.3525     0.6355
   4.50126e+01      279      0.136     7.3189     0.5989
   4.71340e+01      280      0.121     7.2884     0.5835
   4.93553e+01      280      0.104     7.3035     0.5579
   5.16814e+01      279      0.090     7.2756     0.5278
   5.41170e+01      279      0.108     7.3605     0.5522
   5.66675e+01      282      0.085     7.3512     0.5229
   5.93381e+01      280      0.082     7.3310     0.4762
   6.21347e+01      278      0.083     7.3381     0.4854
   6.50630e+01      280      0.079     7.3614     0.5106
   6.81293e+01      280      0.057     7.3080     0.4605
   7.13401e+01      281      0.053     7.3057     0.4441
   7.47023e+01      280      0.046     7.3691     0.4565
   7.82229e+01      279      0.057     7.4068     0.4846
   8.19094e+01      278      0.050     7.3849     0.4758
   8.57697e+01      282      0.021     7.3773     0.4557
   8.98119e+01      281      0.025     7.3866     0.4327
   9.40446e+01      282      0.032     7.3653     0.3999
   9.84768e+01      279      0.032     7.4275     0.4087
   1.03118e+02      281      0.000     7.3614     0.4184
   1.07978e+02      282      0.007     7.3928     0.3878
   1.13066e+02      281      0.011     7.3985     0.3909
   1.18395e+02      281      0.018     7.4289     0.4186
   1.23975e+02      282      0.014     7.4272     0.3863
   1.29818e+02      282      0.014     7.4007     0.3559
   1.35936e+02      282      0.007     7.4140     0.3535
   1.42342e+02      281      0.004     7.4093     0.3251
   1.49051e+02      286      0.007     7.3927     0.3533
   1.56075e+02      278      0.000     7.4043     0.3484
   1.63431e+02      284      0.004     7.4258     0.3591
   1.71133e+02      288      0.000     7.4586     0.3467
   1.79198e+02      283      0.007     7.4657     0.3327
   1.87644e+02      288      0.000     7.4353     0.2947
   1.96487e+02      293      0.010     7.4335     0.2991
   2.05747e+02      294      0.007     7.4313     0.2899
   2.15444e+02      303      0.000     7.4389     0.2824
   2.25597e+02      300      0.000     7.4486     0.2784
   2.36229e+02      318      0.009     7.4412     0.2927
   2.47363e+02      302      0.000     7.4462     0.2724
   2.59020e+02      300      0.003     7.4447     0.2615
   2.71228e+02      308      0.000     7.4495     0.2615
   2.84010e+02      313      0.003     7.4638     0.2382
   2.97395e+02      311      0.003     7.4436     0.2392
   3.11411e+02      330      0.000     7.4624     0.2344
   3.26087e+02      319      0.000     7.4469     0.2349
   3.41455e+02      332      0.000     7.4428     0.2363
   3.57548e+02      347      0.000     7.4405     0.2264
   3.74398e+02      344      0.003     7.4529     0.2018
   3.92043e+02      366      0.000     7.4600     0.2217
   4.10520e+02      367      0.000     7.4569     0.1937
   4.29867e+02      380      0.000     7.4688     0.1949
   4.50126e+02      408      0.000     7.4657     0.1928
   4.71340e+02      430      0.000     7.4828     0.1855
   4.93553e+02      468      0.000     7.4665     0.1855
   5.16814e+02      465      0.000     7.4726     0.1877
   5.41170e+02      454      0.000     7.4844     0.1855
   5.66675e+02      470      0.000     7.4755     0.1739
   5.93381e+02      451      0.000     7.4591     0.1761
   6.21347e+02      456      0.000     7.4652     0.1609
   6.50630e+02      452      0.000     7.4814     0.1612
   6.81293e+02      446      0.000     7.4942     0.1677
   7.13401e+02      455      0.000     7.4776     0.1509
   7.47023e+02      451      0.000     7.4865     0.1621
   7.82229e+02      442      0.000     7.4781     0.1634
   8.19094e+02      455      0.000     7.5012     0.1529
   8.57697e+02      433      0.000     7.5087     0.1443
   8.98119e+02      443      0.000     7.5068     0.1473
   9.40446e+02      441      0.000     7.4988     0.1458
   9.84768e+02      431      0.000     7.5183     0.1300
   1.03118e+03      442      0.000     7.5248     0.1316
   1.07978e+03      432      0.000     7.5242     0.1343
   1.13066e+03      429      0.000     7.5308     0.1333
   1.18395e+03      435      0.000     7.5259     0.1244
   1.23975e+03      422      0.000     7.5385     0.1177
   1.29818e+03      428      0.000     7.5446     0.1169
   1.35936e+03      425      0.000     7.5539     0.1180
   1.42342e+03      419      0.000     7.5451     0.1109
   1.49051e+03      431      0.000     7.5516     0.1036
   1.56075e+03      411      0.000     7.5659     0.1098
   1.63431e+03      420      0.000     7.5747     0.1015
   1.71133e+03      416      0.000     7.5741     0.1026
   1.79198e+03      407      0.000     7.5799     0.1009
   1.87644e+03      415      0.000     7.5935     0.0985
   1.96487e+03      414      0.000     7.6115     0.1020
   2.05747e+03      400      0.000     7.6203     0.1000
   2.15444e+03      415      0.000     7.6204     0.0886
   2.25597e+03      400      0.000     7.6466     0.0908
   2.36229e+03      402      0.000     7.6513     0.0892
   2.47363e+03      398      0.000     7.6676     0.0859
   2.59020e+03      395      0.000     7.6691     0.0797
   2.71228e+03      401      0.000     7.6973     0.0872
   2.84010e+03      397      0.000     7.7044     0.0874
   2.97395e+03      389      0.000     7.7247     0.0828
   3.11411e+03      402      0.000     7.7360     0.0809
   3.26087e+03      381      0.000     7.7540     0.0764
   3.41455e+03      390      0.000     7.7699     0.0792
   3.57548e+03      388      0.000     7.7957     0.0685
   3.74398e+03      379      0.000     7.8173     0.0736
   3.92043e+03      389      0.000     7.8414     0.0757
   4.10520e+03      378      0.000     7.8603     0.0730
   4.29867e+03      376      0.000     7.8844     0.0721
   4.50126e+03      381      0.000     7.9141     0.0723
   4.71340e+03      369      0.000     7.9369     0.0646
   4.93553e+03      376      0.000     7.9677     0.0676
   5.16814e+03      372      0.000     7.9873     0.0659
   5.41170e+03      366      0.000     8.0153     0.0687
   5.66675e+03      377      0.000     8.0444     0.0569
   5.93381e+03      358      0.000     8.0839     0.0654
   6.21347e+03      367      0.000     8.1084     0.0625
   6.50630e+03      363      0.000     8.1389     0.0619
   6.81293e+03      354      0.000     8.1630     0.0578
   7.13401e+03      362      0.000     8.2036     0.0660
   7.47023e+03      362      0.000     8.2270     0.0570
   7.82229e+03      347      0.000     8.2724     0.0555
   8.19094e+03      360      0.000     8.3029     0.0605
   8.57697e+03      347      0.000     8.3339     0.0517
   8.98119e+03      351      0.000     8.3781     0.0547
   9.40446e+03      346      0.000     8.4105     0.0508
   9.84768e+03      341      0.000     8.4488     0.0544
   1.03118e+04      348      0.000     8.4844     0.0481
   1.07978e+04      344      0.000     8.5271     0.0523
   1.13066e+04      335      0.000     8.5648     0.0516
   1.18395e+04      349      0.000     8.5991     0.0492
   1.23975e+04      328      0.000     8.6409     0.0524
   1.29818e+04      336      0.000     8.6815     0.0483
   1.35936e+04      337      0.000     8.7226     0.0486
   1.42342e+04      326      0.000     8.7640     0.0436
   1.49051e+04      334      0.000     8.8001     0.0428
   1.56075e+04      325      0.000     8.8393     0.0433
   1.63431e+04      324      0.000     8.8853     0.0442
   1.71133e+04      327      0.000     8.9254     0.0400
   1.79198e+04      316      0.000     8.9661     0.0403
   1.87644e+04      323      0.000     9.0151     0.0403
   1.96487e+04      321      0.000     9.0500     0.0393
   2.05747e+04      311      0.000     9.0892     0.0382
   2.15444e+04      325      0.000     9.1338     0.0381
   2.25597e+04      305      0.000     9.1715     0.0352
   2.36229e+04      313      0.000     9.2119     0.0326
   2.47363e+04      311      0.000     9.2541     0.0353
   2.59020e+04      301      0.000     9.2939     0.0350
   2.71228e+04      308      0.000     9.3322     0.0338
   2.84010e+04      309      0.000     9.3752     0.0323
   2.97395e+04      295      0.000     9.4184     0.0325
   3.11411e+04      307      0.000     9.4581     0.0291
   3.26087e+04      293      0.000     9.5032     0.0261
   3.41455e+04      298      0.000     9.5377     0.0299
   3.57548e+04      295      0.000     9.5731     0.0280
   3.74398e+04      287      0.000     9.6115     0.0305
   3.92043e+04      294      0.000     9.6497     0.0260
   4.10520e+04      291      0.000     9.6834     0.0286
   4.29867e+04      281      0.000     9.7229     0.0283
   4.50126e+04      298      0.000     9.7568     0.0249
   4.71340e+04      274      0.000     9.7950     0.0240
   4.93553e+04      282      0.000     9.8222     0.0244
   5.16814e+04      284      0.000     9.8554     0.0219
   5.41170e+04      274      0.000     9.8830     0.0212
   5.66675e+04      280      0.000     9.9130     0.0216
   5.93381e+04      272      0.000     9.9397     0.0223
   6.21347e+04      272      0.000     9.9679     0.0225
   6.50630e+04      274      0.000     9.9929     0.0194
   6.81293e+04      262      0.000    10.0189     0.0177
   7.13401e+04      269      0.000    10.0374     0.0184
   7.47023e+04      268      0.000    10.0564     0.0183
   7.82229e+04      259      0.000    10.0715     0.0165
   8.19094e+04      273      0.000    10.0851     0.0152
   8.57697e+04      251      0.000    10.0915     0.0148
   8.98119e+04      260      0.000    10.0965     0.0143
   9.40446e+04      257      0.000    10.0936     0.0138
   9.84768e+04      248      0.000    10.0805     0.0144
   1.03118e+05      257      0.000    10.0617     0.0168
   1.07978e+05      256      0.000    10.0791     0.0187
   1.13066e+05      242      0.000    10.1339     0.0216
   1.18395e+05      255      0.000    10.2153     0.0313
   1.23975e+05      241      0.000    10.3147     0.0335
   1.29818e+05      244      0.000    10.4331     0.0379
   1.35936e+05      244      0.000    10.5868     0.0539
   1.42342e+05      235      0.000    10.7726     0.0572
   1.49051e+05      239      0.000    10.9930     0.0716
   1.56075e+05      241      0.000    11.2818     0.0971
   1.63431e+05      231      0.000    11.6537     0.1156
   1.71133e+05      241      0.000    12.1628     0.1815
   1.79198e+05      225      0.000    12.8671     0.2375
   1.87644e+05      233      0.000    13.9186     0.3796
   1.96487e+05      228      0.000    15.7650     0.7230
   2.05747e+05      187      0.000    18.2005     0.6551
