! Date: 04/10/2026  Time: 15:53:17  Created by RADMC3D compiled on Oct  4 2026 15:52    
! DENSITIES AND TEMPERATURES OF THE CYLINDER, CELL BY CELL (cell centers)
! Distance (pc): 2.60000000E+02  Mass-averaged Tdust (K): 1.62785268E+01
!   IR  ITH       R(AU)          z(AU)          R(as)          z(as)       DENS(g/cm^3)  NUMDEN(1/cm^3)    DENSDUST     TEMPERATURE
    1    1  2.4102157E+02  1.4758315E-14  9.2700603E-01  5.6762748E-17  1.0300628E-18  2.2154213E+05  1.0300628E-20  9.7995392E+00
    2    1  4.8663621E+02  2.9797874E-14  1.8716777E+00  1.1460721E-16  1.0151310E-18  2.1833065E+05  1.0151310E-20  8.4792039E+00
    3    1  5.0082263E+02  3.0666542E-14  1.9262409E+00  1.1794824E-16  1.0130570E-18  2.1788459E+05  1.0130570E-20  8.3811698E+00
    4    1  5.1542261E+02  3.1560532E-14  1.9823946E+00  1.2138666E-16  1.0108702E-18  2.1741427E+05  1.0108702E-20  9.1222328E+00
    5    1  5.3044820E+02  3.2480585E-14  2.0401854E+00  1.2492533E-16  1.0085651E-18  2.1691849E+05  1.0085651E-20  9.3223758E+00
    6    1  5.4591183E+02  3.3427459E-14  2.0996609E+00  1.2856715E-16  1.0061359E-18  2.1639602E+05  1.0061359E-20  9.1214868E+00
    7    1  5.6182624E+02  3.4401936E-14  2.1608702E+00  1.3231514E-16  1.0035766E-18  2.1584558E+05  1.0035766E-20  9.0746430E+00
    8    1  5.7820460E+02  3.5404821E-14  2.2238638E+00  1.3617239E-16  1.0008811E-18  2.1526584E+05  1.0008811E-20  8.9625589E+00
    9    1  5.9506042E+02  3.6436942E-14  2.2886939E+00  1.4014208E-16  9.9804299E-19  2.1465543E+05  9.9804299E-21  9.0461378E+00
   10    1  6.1240761E+02  3.7499151E-14  2.3554139E+00  1.4422750E-16  9.9505576E-19  2.1401295E+05  9.9505576E-21  8.9574006E+00
   11    1  6.3026052E+02  3.8592326E-14  2.4240789E+00  1.4843202E-16  9.9191264E-19  2.1333693E+05  9.9191264E-21  8.8002715E+00
   12    1  6.4863387E+02  3.9717369E-14  2.4947456E+00  1.5275911E-16  9.8860671E-19  2.1262591E+05  9.8860671E-21  9.1083005E+00
   13    1  6.6754284E+02  4.0875210E-14  2.5674724E+00  1.5721235E-16  9.8513087E-19  2.1187834E+05  9.8513087E-21  8.8702095E+00
   14    1  6.8700304E+02  4.2066804E-14  2.6423194E+00  1.6179540E-16  9.8147787E-19  2.1109266E+05  9.8147787E-21  8.8278182E+00
   15    1  7.0703055E+02  4.3293135E-14  2.7193483E+00  1.6651206E-16  9.7764029E-19  2.1026729E+05  9.7764029E-21  9.2683011E+00
   16    1  7.2764190E+02  4.4555216E-14  2.7986227E+00  1.7136622E-16  9.7361062E-19  2.0940060E+05  9.7361062E-21  8.9959298E+00
   17    1  7.4885411E+02  4.5854089E-14  2.8802081E+00  1.7636188E-16  9.6938120E-19  2.0849096E+05  9.6938120E-21  9.3680992E+00
   18    1  7.7068470E+02  4.7190827E-14  2.9641719E+00  1.8150318E-16  9.6494431E-19  2.0753669E+05  9.6494431E-21  8.9581950E+00
   19    1  7.9315169E+02  4.8566534E-14  3.0505834E+00  1.8679436E-16  9.6029217E-19  2.0653612E+05  9.6029217E-21  8.7388181E+00
   20    1  8.1627365E+02  4.9982345E-14  3.1395140E+00  1.9223979E-16  9.5541696E-19  2.0548758E+05  9.5541696E-21  8.5905898E+00
   21    1  8.4006965E+02  5.1439430E-14  3.2310371E+00  1.9784396E-16  9.5031085E-19  2.0438938E+05  9.5031085E-21  8.5135989E+00
   22    1  8.6455935E+02  5.2938992E-14  3.3252283E+00  2.0361151E-16  9.4496607E-19  2.0323984E+05  9.4496607E-21  8.5974930E+00
   23    1  8.8976298E+02  5.4482269E-14  3.4221653E+00  2.0954719E-16  9.3937491E-19  2.0203731E+05  9.3937491E-21  8.4357329E+00
   24    1  9.1570135E+02  5.6070536E-14  3.5219283E+00  2.1565591E-16  9.3352978E-19  2.0078016E+05  9.3352978E-21  8.3431389E+00
   25    1  9.4239587E+02  5.7705104E-14  3.6245995E+00  2.2194271E-16  9.2742327E-19  1.9946680E+05  9.2742327E-21  8.4151251E+00
   26    1  9.6986858E+02  5.9387323E-14  3.7302638E+00  2.2841278E-16  9.2104815E-19  1.9809566E+05  9.2104815E-21  8.7280596E+00
   27    1  9.9814219E+02  6.1118582E-14  3.8390084E+00  2.3507147E-16  9.1439750E-19  1.9666526E+05  9.1439750E-21  8.4496320E+00
   28    1  1.0272400E+03  6.2900310E-14  3.9509232E+00  2.4192427E-16  9.0746471E-19  1.9517418E+05  9.0746471E-21  8.5642893E+00
   29    1  1.0571861E+03  6.4733980E-14  4.0661004E+00  2.4897684E-16  9.0024355E-19  1.9362108E+05  9.0024355E-21  8.7764766E+00
   30    1  1.0880052E+03  6.6621104E-14  4.1846354E+00  2.5623502E-16  8.9272826E-19  1.9200472E+05  8.9272826E-21  8.5684668E+00
   31    1  1.1197227E+03  6.8563242E-14  4.3066258E+00  2.6370478E-16  8.8491357E-19  1.9032397E+05  8.8491357E-21  8.5780076E+00
   32    1  1.1523649E+03  7.0561997E-14  4.4321726E+00  2.7139230E-16  8.7679483E-19  1.8857782E+05  8.7679483E-21  8.7394685E+00
   33    1  1.1859586E+03  7.2619020E-14  4.5613792E+00  2.7930392E-16  8.6836800E-19  1.8676541E+05  8.6836800E-21  8.8172885E+00
   34    1  1.2205317E+03  7.4736009E-14  4.6943525E+00  2.8744619E-16  8.5962981E-19  1.8488603E+05  8.5962981E-21  8.6639281E+00
   35    1  1.2561126E+03  7.6914713E-14  4.8312023E+00  2.9582582E-16  8.5057777E-19  1.8293915E+05  8.5057777E-21  8.4694156E+00
   36    1  1.2927308E+03  7.9156930E-14  4.9720414E+00  3.0444973E-16  8.4121023E-19  1.8092441E+05  8.4121023E-21  9.0733388E+00
   37    1  1.3304164E+03  8.1464512E-14  5.1169863E+00  3.1332505E-16  8.3152652E-19  1.7884168E+05  8.3152652E-21  8.5691492E+00
   38    1  1.3692007E+03  8.3839365E-14  5.2661567E+00  3.2245910E-16  8.2152693E-19  1.7669100E+05  8.2152693E-21  8.6104025E+00
   39    1  1.4091157E+03  8.6283450E-14  5.4196757E+00  3.3185942E-16  8.1121285E-19  1.7447269E+05  8.1121285E-21  9.1754207E+00
   40    1  1.4501942E+03  8.8798784E-14  5.5776700E+00  3.4153379E-16  8.0058676E-19  1.7218727E+05  8.0058676E-21  9.0975669E+00
   41    1  1.4924703E+03  9.1387446E-14  5.7402702E+00  3.5149018E-16  7.8965233E-19  1.6983553E+05  7.8965233E-21  8.7774804E+00
   42    1  1.5359787E+03  9.4051572E-14  5.9076105E+00  3.6173682E-16  7.7841445E-19  1.6741853E+05  7.7841445E-21  8.8562764E+00
   43    1  1.5807556E+03  9.6793363E-14  6.0798291E+00  3.7228216E-16  7.6687926E-19  1.6493758E+05  7.6687926E-21  8.6852608E+00
   44    1  1.6268378E+03  9.9615082E-14  6.2570683E+00  3.8313493E-16  7.5505419E-19  1.6239429E+05  7.5505419E-21  8.5921790E+00
   45    1  1.6742633E+03  1.0251906E-13  6.4394743E+00  3.9430408E-16  7.4294796E-19  1.5979052E+05  7.4294796E-21  8.5736496E+00
   46    1  1.7230714E+03  1.0550770E-13  6.6271978E+00  4.0579883E-16  7.3057062E-19  1.5712845E+05  7.3057062E-21  8.7365424E+00
   47    1  1.7733024E+03  1.0858346E-13  6.8203938E+00  4.1762867E-16  7.1793350E-19  1.5441051E+05  7.1793350E-21  8.7276601E+00
   48    1  1.8249977E+03  1.1174888E-13  7.0192219E+00  4.2980338E-16  7.0504925E-19  1.5163941E+05  7.0504925E-21  8.6195424E+00
   49    1  1.8782000E+03  1.1500658E-13  7.2238462E+00  4.4233301E-16  6.9193176E-19  1.4881815E+05  6.9193176E-21  8.8104969E+00
   50    1  1.9329533E+03  1.1835925E-13  7.4344357E+00  4.5522790E-16  6.7859613E-19  1.4594997E+05  6.7859613E-21  8.9406560E+00
   51    1  1.9893027E+03  1.2180966E-13  7.6511643E+00  4.6849870E-16  6.6505864E-19  1.4303837E+05  6.6505864E-21  8.9934249E+00
   52    1  2.0472949E+03  1.2536066E-13  7.8742110E+00  4.8215637E-16  6.5133662E-19  1.4008709E+05  6.5133662E-21  8.7199997E+00
   53    1  2.1069776E+03  1.2901517E-13  8.1037600E+00  4.9621219E-16  6.3744847E-19  1.3710008E+05  6.3744847E-21  8.6822280E+00
   54    1  2.1684002E+03  1.3277622E-13  8.3400007E+00  5.1067776E-16  6.2341344E-19  1.3408148E+05  6.2341344E-21  8.6469764E+00
   55    1  2.2316134E+03  1.3664691E-13  8.5831284E+00  5.2556503E-16  6.0925164E-19  1.3103561E+05  6.0925164E-21  8.7213376E+00
   56    1  2.2966694E+03  1.4063044E-13  8.8333437E+00  5.4088630E-16  5.9498385E-19  1.2796695E+05  5.9498385E-21  8.5771202E+00
   57    1  2.3636218E+03  1.4473010E-13  9.0908532E+00  5.5665422E-16  5.8063143E-19  1.2488008E+05  5.8063143E-21  8.6361530E+00
   58    1  2.4325261E+03  1.4894927E-13  9.3558697E+00  5.7288180E-16  5.6621618E-19  1.2177970E+05  5.6621618E-21  8.8016948E+00
   59    1  2.5034391E+03  1.5329144E-13  9.6286120E+00  5.8958244E-16  5.5176022E-19  1.1867056E+05  5.5176022E-21  8.6373335E+00
   60    1  2.5764194E+03  1.5776019E-13  9.9093052E+00  6.0676995E-16  5.3728581E-19  1.1555746E+05  5.3728582E-21  8.6350836E+00
   61    1  2.6515271E+03  1.6235921E-13  1.0198181E+01  6.2445850E-16  5.2281529E-19  1.1244520E+05  5.2281529E-21  8.6151420E+00
   62    1  2.7288244E+03  1.6709230E-13  1.0495479E+01  6.4266271E-16  5.0837084E-19  1.0933854E+05  5.0837084E-21  8.5082861E+00
   63    1  2.8083751E+03  1.7196338E-13  1.0801443E+01  6.6139761E-16  4.9397443E-19  1.0624221E+05  4.9397443E-21  8.4447954E+00
   64    1  2.8902448E+03  1.7697645E-13  1.1116326E+01  6.8067867E-16  4.7964763E-19  1.0316085E+05  4.7964763E-21  8.8169523E+00
   65    1  2.9745012E+03  1.8213567E-13  1.1440389E+01  7.0052181E-16  4.6541150E-19  1.0009900E+05  4.6541150E-21  8.7995222E+00
   66    1  3.0612139E+03  1.8744529E-13  1.1773899E+01  7.2094341E-16  4.5128649E-19  9.7061045E+04  4.5128649E-21  8.6036894E+00
   67    1  3.1504543E+03  1.9290969E-13  1.2117132E+01  7.4196035E-16  4.3729230E-19  9.4051225E+04  4.3729230E-21  8.6613985E+00
   68    1  3.2422964E+03  1.9853339E-13  1.2470371E+01  7.6358997E-16  4.2344778E-19  9.1073596E+04  4.2344778E-21  8.6159088E+00
   69    1  3.3368158E+03  2.0432104E-13  1.2833907E+01  7.8585014E-16  4.0977085E-19  8.8132013E+04  4.0977085E-21  8.6367693E+00
   70    1  3.4340906E+03  2.1027740E-13  1.3208041E+01  8.0875924E-16  3.9627843E-19  8.5230113E+04  3.9627843E-21  8.7735185E+00
   71    1  3.5342012E+03  2.1640741E-13  1.3593081E+01  8.3233618E-16  3.8298635E-19  8.2371301E+04  3.8298635E-21  8.8611026E+00
   72    1  3.6372302E+03  2.2271612E-13  1.3989347E+01  8.5660044E-16  3.6990931E-19  7.9558738E+04  3.6990931E-21  9.0488883E+00
   73    1  3.7432627E+03  2.2920873E-13  1.4397164E+01  8.8157205E-16  3.5706081E-19  7.6795331E+04  3.5706081E-21  8.8856163E+00
   74    1  3.8523863E+03  2.3589063E-13  1.4816870E+01  9.0727164E-16  3.4445319E-19  7.4083729E+04  3.4445319E-21  9.1118880E+00
   75    1  3.9646910E+03  2.4276731E-13  1.5248812E+01  9.3372041E-16  3.3209751E-19  7.1426315E+04  3.3209751E-21  8.8799161E+00
   76    1  4.0802696E+03  2.4984446E-13  1.5693345E+01  9.6094022E-16  3.2000364E-19  6.8825209E+04  3.2000364E-21  8.7606431E+00
   77    1  4.1992176E+03  2.5712792E-13  1.6150837E+01  9.8895355E-16  3.0818019E-19  6.6282266E+04  3.0818019E-21  8.9804815E+00
   78    1  4.3216332E+03  2.6462371E-13  1.6621666E+01  1.0177835E-15  2.9663458E-19  6.3799079E+04  2.9663458E-21  8.8209475E+00
   79    1  4.4476174E+03  2.7233802E-13  1.7106221E+01  1.0474539E-15  2.8537303E-19  6.1376986E+04  2.8537303E-21  8.7711077E+00
   80    1  4.5772743E+03  2.8027722E-13  1.7604901E+01  1.0779893E-15  2.7440060E-19  5.9017075E+04  2.7440060E-21  9.0184235E+00
   81    1  4.7107110E+03  2.8844786E-13  1.8118119E+01  1.1094148E-15  2.6372123E-19  5.6720195E+04  2.6372123E-21  8.9282872E+00
   82    1  4.8480376E+03  2.9685669E-13  1.8646299E+01  1.1417565E-15  2.5333778E-19  5.4486962E+04  2.5333778E-21  8.8803791E+00
   83    1  4.9893676E+03  3.0551065E-13  1.9189875E+01  1.1750410E-15  2.4325210E-19  5.2317771E+04  2.4325210E-21  8.9460425E+00
   84    1  5.1348176E+03  3.1441690E-13  1.9749298E+01  1.2092958E-15  2.3346506E-19  5.0212810E+04  2.3346506E-21  8.9467053E+00
   85    1  5.2845078E+03  3.2358278E-13  2.0325030E+01  1.2445491E-15  2.2397662E-19  4.8172070E+04  2.2397662E-21  8.9974634E+00
   86    1  5.4385617E+03  3.3301586E-13  2.0917545E+01  1.2808302E-15  2.1478588E-19  4.6195359E+04  2.1478588E-21  8.9840372E+00
   87    1  5.5971066E+03  3.4272393E-13  2.1527333E+01  1.3181690E-15  2.0589116E-19  4.4282315E+04  2.0589116E-21  9.1492884E+00
   88    1  5.7602734E+03  3.5271502E-13  2.2154898E+01  1.3565962E-15  1.9729005E-19  4.2432420E+04  1.9729005E-21  9.2073544E+00
   89    1  5.9281969E+03  3.6299737E-13  2.2800757E+01  1.3961437E-15  1.8897946E-19  4.0645011E+04  1.8897946E-21  9.2254463E+00
   90    1  6.1010156E+03  3.7357946E-13  2.3465445E+01  1.4368441E-15  1.8095574E-19  3.8919296E+04  1.8095574E-21  9.2030522E+00
   91    1  6.2788724E+03  3.8447005E-13  2.4149509E+01  1.4787310E-15  1.7321463E-19  3.7254369E+04  1.7321463E-21  9.4178047E+00
   92    1  6.4619140E+03  3.9567812E-13  2.4853515E+01  1.5218389E-15  1.6575145E-19  3.5649215E+04  1.6575145E-21  9.6070377E+00
   93    1  6.6502917E+03  4.0721292E-13  2.5578045E+01  1.5662035E-15  1.5856106E-19  3.4102731E+04  1.5856106E-21  9.4965699E+00
   94    1  6.8441610E+03  4.1908399E-13  2.6323696E+01  1.6118615E-15  1.5163795E-19  3.2613734E+04  1.5163795E-21  9.5554926E+00
   95    1  7.0436819E+03  4.3130112E-13  2.7091084E+01  1.6588505E-15  1.4497630E-19  3.1180970E+04  1.4497630E-21  9.5810869E+00
   96    1  7.2490193E+03  4.4387441E-13  2.7880843E+01  1.7072093E-15  1.3857001E-19  2.9803129E+04  1.3857001E-21  9.6855428E+00
   97    1  7.4603426E+03  4.5681424E-13  2.8693625E+01  1.7569778E-15  1.3241277E-19  2.8478853E+04  1.3241277E-21  9.7640346E+00
   98    1  7.6778265E+03  4.7013128E-13  2.9530102E+01  1.8081972E-15  1.2649807E-19  2.7206742E+04  1.2649807E-21  9.8060365E+00
   99    1  7.9016504E+03  4.8383654E-13  3.0390963E+01  1.8609098E-15  1.2081930E-19  2.5985371E+04  1.2081929E-21  9.8041493E+00
  100    1  8.1319993E+03  4.9794134E-13  3.1276920E+01  1.9151590E-15  1.1536969E-19  2.4813290E+04  1.1536969E-21  9.8805537E+00
  101    1  8.3690633E+03  5.1245733E-13  3.2188705E+01  1.9709897E-15  1.1014245E-19  2.3689035E+04  1.1014245E-21  9.8727537E+00
  102    1  8.6130381E+03  5.2739648E-13  3.3127070E+01  2.0284480E-15  1.0513074E-19  2.2611134E+04  1.0513074E-21  1.0112045E+01
  103    1  8.8641254E+03  5.4277114E-13  3.4092790E+01  2.0875813E-15  1.0032770E-19  2.1578114E+04  1.0032770E-21  1.0140844E+01
  104    1  9.1225323E+03  5.5859400E-13  3.5086663E+01  2.1484385E-15  9.5726511E-20  2.0588507E+04  9.5726511E-22  1.0185607E+01
  105    1  9.3884723E+03  5.7487813E-13  3.6109509E+01  2.2110697E-15  9.1320375E-20  1.9640851E+04  9.1320375E-22  1.0200848E+01
  106    1  9.6621650E+03  5.9163697E-13  3.7162173E+01  2.2755268E-15  8.7102566E-20  1.8733701E+04  8.7102566E-22  1.0317497E+01
  107    1  9.9438363E+03  6.0888437E-13  3.8245524E+01  2.3418629E-15  8.3066437E-20  1.7865625E+04  8.3066437E-22  1.0287696E+01
  108    1  1.0233719E+04  6.2663456E-13  3.9360458E+01  2.4101329E-15  7.9205438E-20  1.7035215E+04  7.9205438E-22  1.0346361E+01
  109    1  1.0532052E+04  6.4490221E-13  4.0507893E+01  2.4803931E-15  7.5513128E-20  1.6241087E+04  7.5513129E-22  1.0360302E+01
  110    1  1.0839083E+04  6.6370239E-13  4.1688779E+01  2.5527015E-15  7.1983190E-20  1.5481881E+04  7.1983190E-22  1.0470425E+01
  111    1  1.1155063E+04  6.8305064E-13  4.2904090E+01  2.6271178E-15  6.8609437E-20  1.4756266E+04  6.8609437E-22  1.0559423E+01
  112    1  1.1480256E+04  7.0296293E-13  4.4154830E+01  2.7037036E-15  6.5385824E-20  1.4062943E+04  6.5385824E-22  1.0540832E+01
  113    1  1.1814928E+04  7.2345570E-13  4.5442031E+01  2.7825219E-15  6.2306456E-20  1.3400644E+04  6.2306456E-22  1.0650441E+01
  114    1  1.2159357E+04  7.4454587E-13  4.6766757E+01  2.8636380E-15  5.9365589E-20  1.2768133E+04  5.9365589E-22  1.0674464E+01
  115    1  1.2513826E+04  7.6625087E-13  4.8130101E+01  2.9471187E-15  5.6557637E-20  1.2164209E+04  5.6557637E-22  1.0718747E+01
  116    1  1.2878629E+04  7.8858861E-13  4.9533190E+01  3.0330331E-15  5.3877177E-20  1.1587706E+04  5.3877177E-22  1.0901421E+01
  117    1  1.3254067E+04  8.1157754E-13  5.0977181E+01  3.1214521E-15  5.1318948E-20  1.1037491E+04  5.1318948E-22  1.0980734E+01
  118    1  1.3640449E+04  8.3523664E-13  5.2463267E+01  3.2124486E-15  4.8877851E-20  1.0512469E+04  4.8877851E-22  1.1040114E+01
  119    1  1.4038096E+04  8.5958545E-13  5.3992676E+01  3.3060979E-15  4.6548957E-20  1.0011579E+04  4.6548957E-22  1.1150023E+01
  120    1  1.4447334E+04  8.8464408E-13  5.5566670E+01  3.4024772E-15  4.4327496E-20  9.5337955E+03  4.4327497E-22  1.1198602E+01
  121    1  1.4868503E+04  9.1043322E-13  5.7186549E+01  3.5016662E-15  4.2208866E-20  9.0781283E+03  4.2208866E-22  1.1233221E+01
  122    1  1.5301949E+04  9.3697416E-13  5.8853651E+01  3.6037468E-15  4.0188625E-20  8.6436221E+03  4.0188625E-22  1.1329317E+01
  123    1  1.5748032E+04  9.6428883E-13  6.0569352E+01  3.7088032E-15  3.8262489E-20  8.2293560E+03  3.8262489E-22  1.1405251E+01
  124    1  1.6207118E+04  9.9239977E-13  6.2335070E+01  3.8169222E-15  3.6426336E-20  7.8344428E+03  3.6426336E-22  1.1449928E+01
  125    1  1.6679588E+04  1.0213302E-12  6.4152261E+01  3.9281931E-15  3.4676194E-20  7.4580287E+03  3.4676194E-22  1.1493704E+01
  126    1  1.7165831E+04  1.0511040E-12  6.6022428E+01  4.0427077E-15  3.3008245E-20  7.0992925E+03  3.3008246E-22  1.1594086E+01
  127    1  1.7666249E+04  1.0817458E-12  6.7947113E+01  4.1605607E-15  3.1418821E-20  6.7574449E+03  3.1418821E-22  1.1679688E+01
  128    1  1.8181256E+04  1.1132808E-12  6.9927907E+01  4.2818494E-15  2.9904395E-20  6.4317276E+03  2.9904395E-22  1.1734181E+01
  129    1  1.8711276E+04  1.1457352E-12  7.1966445E+01  4.4066738E-15  2.8461583E-20  6.1214129E+03  2.8461583E-22  1.1773982E+01
  130    1  1.9256747E+04  1.1791357E-12  7.4064410E+01  4.5351371E-15  2.7087137E-20  5.8258022E+03  2.7087137E-22  1.1853317E+01
  131    1  1.9818119E+04  1.2135098E-12  7.6223535E+01  4.6673454E-15  2.5777945E-20  5.5442258E+03  2.5777945E-22  1.1981047E+01
  132    1  2.0395857E+04  1.2488860E-12  7.8445603E+01  4.8034078E-15  2.4531020E-20  5.2760419E+03  2.4531020E-22  1.2075493E+01
  133    1  2.0990437E+04  1.2852936E-12  8.0732449E+01  4.9434367E-15  2.3343503E-20  5.0206351E+03  2.3343503E-22  1.2158284E+01
  134    1  2.1602350E+04  1.3227624E-12  8.3085960E+01  5.0875478E-15  2.2212656E-20  4.7774167E+03  2.2212656E-22  1.2239321E+01
  135    1  2.2232101E+04  1.3613236E-12  8.5508082E+01  5.2358599E-15  2.1135856E-20  4.5458225E+03  2.1135856E-22  1.2382662E+01
  136    1  2.2880211E+04  1.4010089E-12  8.8000813E+01  5.3884957E-15  2.0110595E-20  4.3253132E+03  2.0110595E-22  1.2466662E+01
  137    1  2.3547215E+04  1.4418511E-12  9.0566212E+01  5.5455811E-15  1.9134473E-20  4.1153724E+03  1.9134473E-22  1.2582237E+01
  138    1  2.4233663E+04  1.4838839E-12  9.3206398E+01  5.7072458E-15  1.8205195E-20  3.9155067E+03  1.8205195E-22  1.2686850E+01
  139    1  2.4940123E+04  1.5271421E-12  9.5923550E+01  5.8736234E-15  1.7320567E-20  3.7252441E+03  1.7320567E-22  1.2772735E+01
  140    1  2.5667177E+04  1.5716613E-12  9.8719912E+01  6.0448512E-15  1.6478493E-20  3.5441338E+03  1.6478493E-22  1.2834162E+01
  141    1  2.6415427E+04  1.6174784E-12  1.0159779E+02  6.2210707E-15  1.5676968E-20  3.3717448E+03  1.5676968E-22  1.2922776E+01
  142    1  2.7185489E+04  1.6646311E-12  1.0455957E+02  6.4024273E-15  1.4914081E-20  3.2076658E+03  1.4914081E-22  1.3029230E+01
  143    1  2.7978000E+04  1.7131584E-12  1.0760769E+02  6.5890708E-15  1.4188003E-20  3.0515037E+03  1.4188003E-22  1.3149206E+01
  144    1  2.8793615E+04  1.7631004E-12  1.1074467E+02  6.7811554E-15  1.3496992E-20  2.9028835E+03  1.3496992E-22  1.3225124E+01
  145    1  2.9633006E+04  1.8144983E-12  1.1397310E+02  6.9788396E-15  1.2839381E-20  2.7614471E+03  1.2839381E-22  1.3346797E+01
  146    1  3.0496867E+04  1.8673945E-12  1.1729564E+02  7.1822867E-15  1.2213583E-20  2.6268526E+03  1.2213583E-22  1.3452276E+01
  147    1  3.1385911E+04  1.9218328E-12  1.2071504E+02  7.3916646E-15  1.1618081E-20  2.4987743E+03  1.1618081E-22  1.3566008E+01
  148    1  3.2300873E+04  1.9778581E-12  1.2423413E+02  7.6071464E-15  1.1051430E-20  2.3769011E+03  1.1051430E-22  1.3702020E+01
  149    1  3.3242508E+04  2.0355166E-12  1.2785580E+02  7.8289099E-15  1.0512251E-20  2.2609364E+03  1.0512251E-22  1.3786514E+01
  150    1  3.4211594E+04  2.0948559E-12  1.3158305E+02  8.0571382E-15  9.9992282E-21  2.1505974E+03  9.9992282E-23  1.3893563E+01
  151    1  3.5208930E+04  2.1559252E-12  1.3541896E+02  8.2920198E-15  9.5111084E-21  2.0456143E+03  9.5111084E-23  1.3988184E+01
  152    1  3.6235340E+04  2.2187747E-12  1.3936669E+02  8.5337487E-15  9.0466964E-21  1.9457303E+03  9.0466964E-23  1.4123290E+01
  153    1  3.7291673E+04  2.2834564E-12  1.4342951E+02  8.7825245E-15  8.6048528E-21  1.8507002E+03  8.6048528E-23  1.4228234E+01
  154    1  3.8378799E+04  2.3500237E-12  1.4761077E+02  9.0385526E-15  8.1844919E-21  1.7602905E+03  8.1844919E-23  1.4358896E+01
  155    1  3.9497618E+04  2.4185316E-12  1.5191391E+02  9.3020444E-15  7.7845791E-21  1.6742787E+03  7.7845791E-23  1.4493886E+01
  156    1  4.0649052E+04  2.4890366E-12  1.5634251E+02  9.5732176E-15  7.4041286E-21  1.5924528E+03  7.4041286E-23  1.4612450E+01
  157    1  4.1834053E+04  2.5615969E-12  1.6090020E+02  9.8522959E-15  7.0422013E-21  1.5146108E+03  7.0422013E-23  1.4731043E+01
  158    1  4.3053599E+04  2.6362726E-12  1.6559076E+02  1.0139510E-14  6.6979023E-21  1.4405603E+03  6.6979024E-23  1.4886320E+01
  159    1  4.4308697E+04  2.7131252E-12  1.7041807E+02  1.0435097E-14  6.3703797E-21  1.3701179E+03  6.3703797E-23  1.5020200E+01
  160    1  4.5600384E+04  2.7922182E-12  1.7538609E+02  1.0739301E-14  6.0588216E-21  1.3031092E+03  6.0588216E-23  1.5156497E+01
  161    1  4.6929726E+04  2.8736169E-12  1.8049895E+02  1.1052373E-14  5.7624552E-21  1.2393677E+03  5.7624552E-23  1.5300311E+01
  162    1  4.8297821E+04  2.9573886E-12  1.8576085E+02  1.1374572E-14  5.4805444E-21  1.1787354E+03  5.4805444E-23  1.5451383E+01
  163    1  4.9705799E+04  3.0436024E-12  1.9117615E+02  1.1706163E-14  5.2123882E-21  1.1210613E+03  5.2123882E-23  1.5599259E+01
  164    1  5.1154822E+04  3.1323294E-12  1.9674931E+02  1.2047421E-14  4.9573193E-21  1.0662021E+03  4.9573193E-23  1.5754116E+01
  165    1  5.2646087E+04  3.2236431E-12  2.0248495E+02  1.2398627E-14  4.7147025E-21  1.0140209E+03  4.7147025E-23  1.5897586E+01
  166    1  5.4180825E+04  3.3176187E-12  2.0838779E+02  1.2760072E-14  4.4839328E-21  9.6438782E+02  4.4839328E-23  1.6037819E+01
  167    1  5.5760304E+04  3.4143339E-12  2.1446271E+02  1.3132053E-14  4.2644344E-21  9.1717893E+02  4.2644344E-23  1.6189195E+01
  168    1  5.7385828E+04  3.5138685E-12  2.2071472E+02  1.3514879E-14  4.0556594E-21  8.7227637E+02  4.0556594E-23  1.6356151E+01
  169    1  5.9058740E+04  3.6163048E-12  2.2714900E+02  1.3908865E-14  3.8570861E-21  8.2956793E+02  3.8570861E-23  1.6531502E+01
  170    1  6.0780419E+04  3.7217273E-12  2.3377084E+02  1.4314336E-14  3.6682178E-21  7.8894684E+02  3.6682178E-23  1.6724911E+01
  171    1  6.2552290E+04  3.8302231E-12  2.4058573E+02  1.4731627E-14  3.4885822E-21  7.5031146E+02  3.4885822E-23  1.6905146E+01
  172    1  6.4375814E+04  3.9418817E-12  2.4759928E+02  1.5161084E-14  3.3177293E-21  7.1356507E+02  3.3177293E-23  1.7093698E+01
  173    1  6.6252497E+04  4.0567954E-12  2.5481730E+02  1.5603059E-14  3.1552314E-21  6.7861560E+02  3.1552314E-23  1.7283630E+01
  174    1  6.8183889E+04  4.1750591E-12  2.6224573E+02  1.6057920E-14  3.0006810E-21  6.4537548E+02  3.0006810E-23  1.7481677E+01
  175    1  7.0171586E+04  4.2967704E-12  2.6989071E+02  1.6526040E-14  2.8536907E-21  6.1376134E+02  2.8536907E-23  1.7674697E+01
  176    1  7.2217227E+04  4.4220298E-12  2.7775857E+02  1.7007807E-14  2.7138917E-21  5.8369388E+02  2.7138917E-23  1.7877209E+01
  177    1  7.4322503E+04  4.5509408E-12  2.8585578E+02  1.7503618E-14  2.5809330E-21  5.5509761E+02  2.5809330E-23  1.8093444E+01
  178    1  7.6489152E+04  4.6836098E-12  2.9418905E+02  1.8013884E-14  2.4544809E-21  5.2790075E+02  2.4544809E-23  1.8318740E+01
  179    1  7.8718964E+04  4.8201463E-12  3.0276524E+02  1.8539024E-14  2.3342176E-21  5.0203497E+02  2.3342176E-23  1.8533597E+01
  180    1  8.1013778E+04  4.9606632E-12  3.1159146E+02  1.9079474E-14  2.2198410E-21  4.7743527E+02  2.2198410E-23  1.8751277E+01
  181    1  8.3375491E+04  5.1052764E-12  3.2067497E+02  1.9635679E-14  2.1110635E-21  4.5403980E+02  2.1110635E-23  1.8992365E+01
  182    1  8.5806053E+04  5.2541054E-12  3.3002328E+02  2.0208098E-14  2.0076116E-21  4.3178973E+02  2.0076116E-23  1.9245471E+01
  183    1  8.8307471E+04  5.4072731E-12  3.3964412E+02  2.0797204E-14  1.9092249E-21  4.1062910E+02  1.9092249E-23  1.9501833E+01
  184    1  9.0881809E+04  5.5649059E-12  3.4954542E+02  2.1403484E-14  1.8156560E-21  3.9050465E+02  1.8156561E-23  1.9764106E+01
  185    1  9.3531195E+04  5.7271340E-12  3.5973537E+02  2.2027438E-14  1.7266694E-21  3.7136573E+02  1.7266694E-23  2.0059549E+01
  186    1  9.6257816E+04  5.8940913E-12  3.7022237E+02  2.2669582E-14  1.6420409E-21  3.5316415E+02  1.6420409E-23  2.0377597E+01
  187    1  9.9063923E+04  6.0659158E-12  3.8101509E+02  2.3330446E-14  1.5615575E-21  3.3585407E+02  1.5615575E-23  2.0728954E+01
  188    1  1.0195183E+05  6.2427494E-12  3.9212244E+02  2.4010574E-14  1.3034017E-21  2.8033086E+02  1.3034017E-23  2.1145632E+01
