! Date: 15/08/2026  Time: 02:58:44  Created by RADMC3D compiled on Aug 14 2026 12:46    
! Alexander Men’shchikov, DAp IRFU CEA Saclay, France                         
!
! RADIAL PROFILES OF SURFACE DENSITIES (cm^-2)
!
! Distance (pc): 2.60000000E+02  Mass-averaged Tdust (K): 1.01079157E+01
!
!   N   RADIUS(au)     RADIUS(pc)     RADIUS(as)      PROFILE        SLOPE          PROFILEBS      SLOPEBS
!
    1  3.5225613E+01  1.7077624E-04  1.3548313E-01  1.7935138E+22  2.9825349E-03  1.1939275E+22  4.4909587E-03
    2  8.1450327E+02  3.9487690E-03  3.1327049E+00  1.7767914E+22  2.9825349E-03  1.1772051E+22  4.4909587E-03
    3  1.5937809E+03  7.7267618E-03  6.1299267E+00  1.7285458E+22  2.9825349E-03  1.1289595E+22  4.4909587E-03
    4  2.3730586E+03  1.1504755E-02  9.1271484E+00  1.6544329E+22  2.9825349E-03  1.0548466E+22  4.4909587E-03
    5  3.1523363E+03  1.5282747E-02  1.2124370E+01  1.5620560E+22  4.1008910E-02  9.6246972E+21  6.2338115E-02
    6  3.9316139E+03  1.9060740E-02  1.5121592E+01  1.4595912E+22  1.1008640E-01  8.6000487E+21  1.7057532E-01
    7  4.7108916E+03  2.2838733E-02  1.8118814E+01  1.3513477E+22  2.0233325E-01  7.5176136E+21  3.2274513E-01
    8  5.4901692E+03  2.6616726E-02  2.1116035E+01  1.2485530E+22  3.0712832E-01  6.4896672E+21  5.0955823E-01
    9  6.2694469E+03  3.0394718E-02  2.4113257E+01  1.1451655E+22  4.2611968E-01  5.4557921E+21  7.4390990E-01
   10  7.0487245E+03  3.4172711E-02  2.7110479E+01  1.0522074E+22  5.1682833E-01  4.5262114E+21  9.6051522E-01
   11  7.8280022E+03  3.7950704E-02  3.0107701E+01  9.6479710E+21  6.5122228E-01  3.6521079E+21  1.3074261E+00
   12  8.6072799E+03  4.1728697E-02  3.3104923E+01  8.8099236E+21  7.2260110E-01  2.8140606E+21  1.5943571E+00
   13  9.3865575E+03  4.5506690E-02  3.6102144E+01  7.9861984E+21  8.2707623E-01  1.9903354E+21  2.0463420E+00
   14  1.0165835E+04  4.9284682E-02  3.9099366E+01  6.9989810E+21  9.5751208E-01  1.0031180E+21  2.7468205E+00
   15  1.0945113E+04  5.3062675E-02  4.2096588E+01  5.9963980E+21  1.1326134E+00  1.0000000E-99  2.7468205E+00
   16  1.1724391E+04  5.6840668E-02  4.5093810E+01  5.9958648E+21  1.1326134E+00  1.0000000E-99  1.0000000E-99
   17  1.2503668E+04  6.0618661E-02  4.8091031E+01  5.9952949E+21  1.4772712E-03  1.0000000E-99  1.0000000E-99
   18  1.3282946E+04  6.4396653E-02  5.1088253E+01  5.9946881E+21  1.4772712E-03  1.0000000E-99  1.0000000E-99
   19  1.4062223E+04  6.8174646E-02  5.4085475E+01  5.9940444E+21  1.4772712E-03  1.0000000E-99  1.0000000E-99
   20  1.4841501E+04  7.1952639E-02  5.7082697E+01  5.9933639E+21  1.6741370E-03  1.0000000E-99  1.0000000E-99
   21  1.5620779E+04  7.5730632E-02  6.0079918E+01  5.9926466E+21  1.8833743E-03  1.0000000E-99  1.0000000E-99
   22  1.6400056E+04  7.9508624E-02  6.3077140E+01  5.9918923E+21  2.1049986E-03  1.0000000E-99  1.0000000E-99
   23  1.7179334E+04  8.3286617E-02  6.6074362E+01  5.9911012E+21  2.3390261E-03  1.0000000E-99  1.0000000E-99
   24  1.7958612E+04  8.7064610E-02  6.9071584E+01  5.9902732E+21  2.5854743E-03  1.0000000E-99  1.0000000E-99
   25  1.8737889E+04  9.0842603E-02  7.2068806E+01  5.9894082E+21  2.8443613E-03  1.0000000E-99  1.0000000E-99
   26  1.9517167E+04  9.4620596E-02  7.5066027E+01  5.9885063E+21  3.1157064E-03  1.0000000E-99  1.0000000E-99
   27  2.0296445E+04  9.8398588E-02  7.8063249E+01  5.9875675E+21  3.3995295E-03  1.0000000E-99  1.0000000E-99
   28  2.1075722E+04  1.0217658E-01  8.1060471E+01  5.9865916E+21  3.6958519E-03  1.0000000E-99  1.0000000E-99
   29  2.1855000E+04  1.0595457E-01  8.4057693E+01  5.9855788E+21  4.0046954E-03  1.0000000E-99  1.0000000E-99
   30  2.2634278E+04  1.0973257E-01  8.7054914E+01  5.9845290E+21  4.3260831E-03  1.0000000E-99  1.0000000E-99
   31  2.3413555E+04  1.1351056E-01  9.0052136E+01  5.9834421E+21  4.6600388E-03  1.0000000E-99  1.0000000E-99
   32  2.4192833E+04  1.1728855E-01  9.3049358E+01  5.9823182E+21  5.0065874E-03  1.0000000E-99  1.0000000E-99
   33  2.4972111E+04  1.2106654E-01  9.6046580E+01  5.9811572E+21  5.3657547E-03  1.0000000E-99  1.0000000E-99
   34  2.5751388E+04  1.2484454E-01  9.9043801E+01  5.9799591E+21  5.7375676E-03  1.0000000E-99  1.0000000E-99
   35  2.6530666E+04  1.2862253E-01  1.0204102E+02  5.9787239E+21  6.1220537E-03  1.0000000E-99  1.0000000E-99
   36  2.7309944E+04  1.3240052E-01  1.0503824E+02  5.9774516E+21  6.5192419E-03  1.0000000E-99  1.0000000E-99
   37  2.8089221E+04  1.3617852E-01  1.0803547E+02  5.9761421E+21  6.9291619E-03  1.0000000E-99  1.0000000E-99
   38  2.8868499E+04  1.3995651E-01  1.1103269E+02  5.9747954E+21  7.3518443E-03  1.0000000E-99  1.0000000E-99
   39  2.9647777E+04  1.4373450E-01  1.1402991E+02  5.9734115E+21  7.7873210E-03  1.0000000E-99  1.0000000E-99
   40  3.0427054E+04  1.4751249E-01  1.1702713E+02  5.9719904E+21  8.2356246E-03  1.0000000E-99  1.0000000E-99
   41  3.1206332E+04  1.5129049E-01  1.2002435E+02  5.9705320E+21  8.6967889E-03  1.0000000E-99  1.0000000E-99
   42  3.1985610E+04  1.5506848E-01  1.2302158E+02  5.9690363E+21  9.1708486E-03  1.0000000E-99  1.0000000E-99
   43  3.2764887E+04  1.5884647E-01  1.2601880E+02  5.9675033E+21  9.6578395E-03  1.0000000E-99  1.0000000E-99
   44  3.3544165E+04  1.6262447E-01  1.2901602E+02  5.9659329E+21  1.0157798E-02  1.0000000E-99  1.0000000E-99
   45  3.4323443E+04  1.6640246E-01  1.3201324E+02  5.9643252E+21  1.0670763E-02  1.0000000E-99  1.0000000E-99
   46  3.5102720E+04  1.7018045E-01  1.3501046E+02  5.9626801E+21  1.1196772E-02  1.0000000E-99  1.0000000E-99
   47  3.5881998E+04  1.7395844E-01  1.3800768E+02  5.9609975E+21  1.1735866E-02  1.0000000E-99  1.0000000E-99
   48  3.6661276E+04  1.7773644E-01  1.4100491E+02  5.9592774E+21  1.2288086E-02  1.0000000E-99  1.0000000E-99
   49  3.7440553E+04  1.8151443E-01  1.4400213E+02  5.9575199E+21  1.2853473E-02  1.0000000E-99  1.0000000E-99
   50  3.8219831E+04  1.8529242E-01  1.4699935E+02  5.9557248E+21  1.3432071E-02  1.0000000E-99  1.0000000E-99
   51  3.8999109E+04  1.8907041E-01  1.4999657E+02  5.9538921E+21  1.4023924E-02  1.0000000E-99  1.0000000E-99
   52  3.9778386E+04  1.9284841E-01  1.5299379E+02  5.9520219E+21  1.4629077E-02  1.0000000E-99  1.0000000E-99
   53  4.0557664E+04  1.9662640E-01  1.5599102E+02  5.9501140E+21  1.5247577E-02  1.0000000E-99  1.0000000E-99
   54  4.1336942E+04  2.0040439E-01  1.5898824E+02  5.9481684E+21  1.5879471E-02  1.0000000E-99  1.0000000E-99
   55  4.2116219E+04  2.0418239E-01  1.6198546E+02  5.9461851E+21  1.6524808E-02  1.0000000E-99  1.0000000E-99
   56  4.2895497E+04  2.0796038E-01  1.6498268E+02  5.9441640E+21  1.7183637E-02  1.0000000E-99  1.0000000E-99
   57  4.3674775E+04  2.1173837E-01  1.6797990E+02  5.9421052E+21  1.7856009E-02  1.0000000E-99  1.0000000E-99
   58  4.4454052E+04  2.1551636E-01  1.7097712E+02  5.9400085E+21  1.8541977E-02  1.0000000E-99  1.0000000E-99
   59  4.5233330E+04  2.1929436E-01  1.7397435E+02  5.9378740E+21  1.9241594E-02  1.0000000E-99  1.0000000E-99
   60  4.6012608E+04  2.2307235E-01  1.7697157E+02  5.9357016E+21  1.9954913E-02  1.0000000E-99  1.0000000E-99
   61  4.6791885E+04  2.2685034E-01  1.7996879E+02  5.9334912E+21  2.0681991E-02  1.0000000E-99  1.0000000E-99
   62  4.7571163E+04  2.3062834E-01  1.8296601E+02  5.9312428E+21  2.1422884E-02  1.0000000E-99  1.0000000E-99
   63  4.8350441E+04  2.3440633E-01  1.8596323E+02  5.9289563E+21  2.2177650E-02  1.0000000E-99  1.0000000E-99
   64  4.9129718E+04  2.3818432E-01  1.8896045E+02  5.9266318E+21  2.2946349E-02  1.0000000E-99  1.0000000E-99
   65  4.9908996E+04  2.4196231E-01  1.9195768E+02  5.9242692E+21  2.3729040E-02  1.0000000E-99  1.0000000E-99
   66  5.0688273E+04  2.4574031E-01  1.9495490E+02  5.9218684E+21  2.4525785E-02  1.0000000E-99  1.0000000E-99
   67  5.1467551E+04  2.4951830E-01  1.9795212E+02  5.9194294E+21  2.5336647E-02  1.0000000E-99  1.0000000E-99
   68  5.2246829E+04  2.5329629E-01  2.0094934E+02  5.9169521E+21  2.6161691E-02  1.0000000E-99  1.0000000E-99
   69  5.3026106E+04  2.5707428E-01  2.0394656E+02  5.9144365E+21  2.7000981E-02  1.0000000E-99  1.0000000E-99
   70  5.3805384E+04  2.6085228E-01  2.0694379E+02  5.9118825E+21  2.7854584E-02  1.0000000E-99  1.0000000E-99
   71  5.4584662E+04  2.6463027E-01  2.0994101E+02  5.9092901E+21  2.8722568E-02  1.0000000E-99  1.0000000E-99
   72  5.5363939E+04  2.6840826E-01  2.1293823E+02  5.9066593E+21  2.9605003E-02  1.0000000E-99  1.0000000E-99
   73  5.6143217E+04  2.7218626E-01  2.1593545E+02  5.9039899E+21  3.0501959E-02  1.0000000E-99  1.0000000E-99
   74  5.6922495E+04  2.7596425E-01  2.1893267E+02  5.9012820E+21  3.1413508E-02  1.0000000E-99  1.0000000E-99
   75  5.7701772E+04  2.7974224E-01  2.2192989E+02  5.8985355E+21  3.2339724E-02  1.0000000E-99  1.0000000E-99
   76  5.8481050E+04  2.8352023E-01  2.2492712E+02  5.8957502E+21  3.3280680E-02  1.0000000E-99  1.0000000E-99
   77  5.9260328E+04  2.8729823E-01  2.2792434E+02  5.8929263E+21  3.4236454E-02  1.0000000E-99  1.0000000E-99
   78  6.0039605E+04  2.9107622E-01  2.3092156E+02  5.8900636E+21  3.5207123E-02  1.0000000E-99  1.0000000E-99
   79  6.0818883E+04  2.9485421E-01  2.3391878E+02  5.8871620E+21  3.6192765E-02  1.0000000E-99  1.0000000E-99
   80  6.1598161E+04  2.9863221E-01  2.3691600E+02  5.8842215E+21  3.7193461E-02  1.0000000E-99  1.0000000E-99
   81  6.2377438E+04  3.0241020E-01  2.3991322E+02  5.8812421E+21  3.8209292E-02  1.0000000E-99  1.0000000E-99
   82  6.3156716E+04  3.0618819E-01  2.4291045E+02  5.8782237E+21  3.9240343E-02  1.0000000E-99  1.0000000E-99
   83  6.3935994E+04  3.0996618E-01  2.4590767E+02  5.8751661E+21  4.0286698E-02  1.0000000E-99  1.0000000E-99
   84  6.4715271E+04  3.1374418E-01  2.4890489E+02  5.8720695E+21  4.1348443E-02  1.0000000E-99  1.0000000E-99
   85  6.5494549E+04  3.1752217E-01  2.5190211E+02  5.8689336E+21  4.2425666E-02  1.0000000E-99  1.0000000E-99
   86  6.6273827E+04  3.2130016E-01  2.5489933E+02  5.8657585E+21  4.3518456E-02  1.0000000E-99  1.0000000E-99
   87  6.7053104E+04  3.2507815E-01  2.5789656E+02  5.8625441E+21  4.4626904E-02  1.0000000E-99  1.0000000E-99
   88  6.7832382E+04  3.2885615E-01  2.6089378E+02  5.8592903E+21  4.5751104E-02  1.0000000E-99  1.0000000E-99
   89  6.8611660E+04  3.3263414E-01  2.6389100E+02  5.8559970E+21  4.6891148E-02  1.0000000E-99  1.0000000E-99
   90  6.9390937E+04  3.3641213E-01  2.6688822E+02  5.8526642E+21  4.8047133E-02  1.0000000E-99  1.0000000E-99
   91  7.0170215E+04  3.4019013E-01  2.6988544E+02  5.8492918E+21  4.9219156E-02  1.0000000E-99  1.0000000E-99
   92  7.0949493E+04  3.4396812E-01  2.7288266E+02  5.8458797E+21  5.0407317E-02  1.0000000E-99  1.0000000E-99
   93  7.1728770E+04  3.4774611E-01  2.7587989E+02  5.8424279E+21  5.1611715E-02  1.0000000E-99  1.0000000E-99
   94  7.2508048E+04  3.5152410E-01  2.7887711E+02  5.8389363E+21  5.2832454E-02  1.0000000E-99  1.0000000E-99
   95  7.3287326E+04  3.5530210E-01  2.8187433E+02  5.8354049E+21  5.4069638E-02  1.0000000E-99  1.0000000E-99
   96  7.4066603E+04  3.5908009E-01  2.8487155E+02  5.8318335E+21  5.5323373E-02  1.0000000E-99  1.0000000E-99
   97  7.4845881E+04  3.6285808E-01  2.8786877E+02  5.8282221E+21  5.6593766E-02  1.0000000E-99  1.0000000E-99
   98  7.5625159E+04  3.6663608E-01  2.9086599E+02  5.8245706E+21  5.7880927E-02  1.0000000E-99  1.0000000E-99
   99  7.6404436E+04  3.7041407E-01  2.9386322E+02  5.8208789E+21  5.9184968E-02  1.0000000E-99  1.0000000E-99
  100  7.7183714E+04  3.7419206E-01  2.9686044E+02  5.8171470E+21  6.0506002E-02  1.0000000E-99  1.0000000E-99
  101  7.7962992E+04  3.7797005E-01  2.9985766E+02  5.8133748E+21  6.1844144E-02  1.0000000E-99  1.0000000E-99
  102  7.8742269E+04  3.8174805E-01  3.0285488E+02  5.8095621E+21  6.3199511E-02  1.0000000E-99  1.0000000E-99
  103  7.9521547E+04  3.8552604E-01  3.0585210E+02  5.8057090E+21  6.4572223E-02  1.0000000E-99  1.0000000E-99
  104  8.0300825E+04  3.8930403E-01  3.0884933E+02  5.8018154E+21  6.5962399E-02  1.0000000E-99  1.0000000E-99
  105  8.1080102E+04  3.9308202E-01  3.1184655E+02  5.7978811E+21  6.7370164E-02  1.0000000E-99  1.0000000E-99
  106  8.1859380E+04  3.9686002E-01  3.1484377E+02  5.7939060E+21  6.8795642E-02  1.0000000E-99  1.0000000E-99
  107  8.2638658E+04  4.0063801E-01  3.1784099E+02  5.7898902E+21  7.0238961E-02  1.0000000E-99  1.0000000E-99
  108  8.3417935E+04  4.0441600E-01  3.2083821E+02  5.7858335E+21  7.1700249E-02  1.0000000E-99  1.0000000E-99
  109  8.4197213E+04  4.0819400E-01  3.2383543E+02  5.7817358E+21  7.3179639E-02  1.0000000E-99  1.0000000E-99
  110  8.4976491E+04  4.1197199E-01  3.2683266E+02  5.7775970E+21  7.4677262E-02  1.0000000E-99  1.0000000E-99
  111  8.5755768E+04  4.1574998E-01  3.2982988E+02  5.7734171E+21  7.6193256E-02  1.0000000E-99  1.0000000E-99
  112  8.6535046E+04  4.1952797E-01  3.3282710E+02  5.7691959E+21  7.7727758E-02  1.0000000E-99  1.0000000E-99
  113  8.7314323E+04  4.2330597E-01  3.3582432E+02  5.7649334E+21  7.9280907E-02  1.0000000E-99  1.0000000E-99
  114  8.8093601E+04  4.2708396E-01  3.3882154E+02  5.7606295E+21  8.0852848E-02  1.0000000E-99  1.0000000E-99
  115  8.8872879E+04  4.3086195E-01  3.4181876E+02  5.7562840E+21  8.2443723E-02  1.0000000E-99  1.0000000E-99
  116  8.9652156E+04  4.3463995E-01  3.4481599E+02  5.7518970E+21  8.4053681E-02  1.0000000E-99  1.0000000E-99
  117  9.0431434E+04  4.3841794E-01  3.4781321E+02  5.7474682E+21  8.5682870E-02  1.0000000E-99  1.0000000E-99
  118  9.1210712E+04  4.4219593E-01  3.5081043E+02  5.7429976E+21  8.7331443E-02  1.0000000E-99  1.0000000E-99
  119  9.1989989E+04  4.4597392E-01  3.5380765E+02  5.7384852E+21  8.8999555E-02  1.0000000E-99  1.0000000E-99
  120  9.2769267E+04  4.4975192E-01  3.5680487E+02  5.7339307E+21  9.0687361E-02  1.0000000E-99  1.0000000E-99
  121  9.3548545E+04  4.5352991E-01  3.5980210E+02  5.7293341E+21  9.2395021E-02  1.0000000E-99  1.0000000E-99
  122  9.4327822E+04  4.5730790E-01  3.6279932E+02  5.7246954E+21  9.4122698E-02  1.0000000E-99  1.0000000E-99
  123  9.5107100E+04  4.6108589E-01  3.6579654E+02  5.7200143E+21  9.5870556E-02  1.0000000E-99  1.0000000E-99
  124  9.5886378E+04  4.6486389E-01  3.6879376E+02  5.7152908E+21  9.7638763E-02  1.0000000E-99  1.0000000E-99
  125  9.6665655E+04  4.6864188E-01  3.7179098E+02  5.7105248E+21  9.9427488E-02  1.0000000E-99  1.0000000E-99
  126  9.7444933E+04  4.7241987E-01  3.7478820E+02  5.7057162E+21  1.0123690E-01  1.0000000E-99  1.0000000E-99
  127  9.8224211E+04  4.7619787E-01  3.7778543E+02  5.7008648E+21  1.0306719E-01  1.0000000E-99  1.0000000E-99
  128  9.9003488E+04  4.7997586E-01  3.8078265E+02  5.6959706E+21  1.0491852E-01  1.0000000E-99  1.0000000E-99
  129  9.9782766E+04  4.8375385E-01  3.8377987E+02  5.6910335E+21  1.0679107E-01  1.0000000E-99  1.0000000E-99
  130  1.0056204E+05  4.8753184E-01  3.8677709E+02  5.6860533E+21  1.0868504E-01  1.0000000E-99  1.0000000E-99
  131  1.0134132E+05  4.9130984E-01  3.8977431E+02  5.6810299E+21  1.1060061E-01  1.0000000E-99  1.0000000E-99
  132  1.0212060E+05  4.9508783E-01  3.9277153E+02  5.6759633E+21  1.1253796E-01  1.0000000E-99  1.0000000E-99
  133  1.0289988E+05  4.9886582E-01  3.9576876E+02  5.6708532E+21  1.1449730E-01  1.0000000E-99  1.0000000E-99
  134  1.0367915E+05  5.0264381E-01  3.9876598E+02  5.6656996E+21  1.1647882E-01  1.0000000E-99  1.0000000E-99
  135  1.0445843E+05  5.0642181E-01  4.0176320E+02  5.6605024E+21  1.1848271E-01  1.0000000E-99  1.0000000E-99
  136  1.0523771E+05  5.1019980E-01  4.0476042E+02  5.6552614E+21  1.2050919E-01  1.0000000E-99  1.0000000E-99
  137  1.0601699E+05  5.1397779E-01  4.0775764E+02  5.6499766E+21  1.2255846E-01  1.0000000E-99  1.0000000E-99
  138  1.0679626E+05  5.1775579E-01  4.1075487E+02  5.6446477E+21  1.2463073E-01  1.0000000E-99  1.0000000E-99
  139  1.0757554E+05  5.2153378E-01  4.1375209E+02  5.6392747E+21  1.2672621E-01  1.0000000E-99  1.0000000E-99
  140  1.0835482E+05  5.2531177E-01  4.1674931E+02  5.6338574E+21  1.2884512E-01  1.0000000E-99  1.0000000E-99
  141  1.0913410E+05  5.2908976E-01  4.1974653E+02  5.6283958E+21  1.3098768E-01  1.0000000E-99  1.0000000E-99
  142  1.0991338E+05  5.3286776E-01  4.2274375E+02  5.6228896E+21  1.3315411E-01  1.0000000E-99  1.0000000E-99
  143  1.1069265E+05  5.3664575E-01  4.2574097E+02  5.6173388E+21  1.3534464E-01  1.0000000E-99  1.0000000E-99
  144  1.1147193E+05  5.4042374E-01  4.2873820E+02  5.6117433E+21  1.3755951E-01  1.0000000E-99  1.0000000E-99
  145  1.1225121E+05  5.4420174E-01  4.3173542E+02  5.6061028E+21  1.3979895E-01  1.0000000E-99  1.0000000E-99
  146  1.1303049E+05  5.4797973E-01  4.3473264E+02  5.6004172E+21  1.4206319E-01  1.0000000E-99  1.0000000E-99
  147  1.1380976E+05  5.5175772E-01  4.3772986E+02  5.5946865E+21  1.4435249E-01  1.0000000E-99  1.0000000E-99
  148  1.1458904E+05  5.5553571E-01  4.4072708E+02  5.5889105E+21  1.4666708E-01  1.0000000E-99  1.0000000E-99
  149  1.1536832E+05  5.5931371E-01  4.4372430E+02  5.5830890E+21  1.4900722E-01  1.0000000E-99  1.0000000E-99
  150  1.1614760E+05  5.6309170E-01  4.4672153E+02  5.5772218E+21  1.5137317E-01  1.0000000E-99  1.0000000E-99
  151  1.1692687E+05  5.6686969E-01  4.4971875E+02  5.5713090E+21  1.5376519E-01  1.0000000E-99  1.0000000E-99
  152  1.1770615E+05  5.7064768E-01  4.5271597E+02  5.5653502E+21  1.5618354E-01  1.0000000E-99  1.0000000E-99
  153  1.1848543E+05  5.7442568E-01  4.5571319E+02  5.5593454E+21  1.5862848E-01  1.0000000E-99  1.0000000E-99
  154  1.1926471E+05  5.7820367E-01  4.5871041E+02  5.5532944E+21  1.6110030E-01  1.0000000E-99  1.0000000E-99
  155  1.2004399E+05  5.8198166E-01  4.6170764E+02  5.5471971E+21  1.6359927E-01  1.0000000E-99  1.0000000E-99
  156  1.2082326E+05  5.8575966E-01  4.6470486E+02  5.5410532E+21  1.6612568E-01  1.0000000E-99  1.0000000E-99
  157  1.2160254E+05  5.8953765E-01  4.6770208E+02  5.5348627E+21  1.6867980E-01  1.0000000E-99  1.0000000E-99
  158  1.2238182E+05  5.9331564E-01  4.7069930E+02  5.5286254E+21  1.7126194E-01  1.0000000E-99  1.0000000E-99
  159  1.2316110E+05  5.9709363E-01  4.7369652E+02  5.5223412E+21  1.7387238E-01  1.0000000E-99  1.0000000E-99
  160  1.2394037E+05  6.0087163E-01  4.7669374E+02  5.5160098E+21  1.7651145E-01  1.0000000E-99  1.0000000E-99
  161  1.2471965E+05  6.0464962E-01  4.7969097E+02  5.5096311E+21  1.7917943E-01  1.0000000E-99  1.0000000E-99
  162  1.2549893E+05  6.0842761E-01  4.8268819E+02  5.5032050E+21  1.8187665E-01  1.0000000E-99  1.0000000E-99
  163  1.2627821E+05  6.1220561E-01  4.8568541E+02  5.4967312E+21  1.8460341E-01  1.0000000E-99  1.0000000E-99
  164  1.2705748E+05  6.1598360E-01  4.8868263E+02  5.4902096E+21  1.8736006E-01  1.0000000E-99  1.0000000E-99
  165  1.2783676E+05  6.1976159E-01  4.9167985E+02  5.4836401E+21  1.9014691E-01  1.0000000E-99  1.0000000E-99
  166  1.2861604E+05  6.2353958E-01  4.9467707E+02  5.4770225E+21  1.9296431E-01  1.0000000E-99  1.0000000E-99
  167  1.2939532E+05  6.2731758E-01  4.9767430E+02  5.4703565E+21  1.9581258E-01  1.0000000E-99  1.0000000E-99
  168  1.3017459E+05  6.3109557E-01  5.0067152E+02  5.4636421E+21  1.9869209E-01  1.0000000E-99  1.0000000E-99
  169  1.3095387E+05  6.3487356E-01  5.0366874E+02  5.4568790E+21  2.0160318E-01  1.0000000E-99  1.0000000E-99
  170  1.3173315E+05  6.3865155E-01  5.0666596E+02  5.4500671E+21  2.0454621E-01  1.0000000E-99  1.0000000E-99
  171  1.3251243E+05  6.4242955E-01  5.0966318E+02  5.4432061E+21  2.0752155E-01  1.0000000E-99  1.0000000E-99
  172  1.3329171E+05  6.4620754E-01  5.1266041E+02  5.4362959E+21  2.1052957E-01  1.0000000E-99  1.0000000E-99
  173  1.3407098E+05  6.4998553E-01  5.1565763E+02  5.4293363E+21  2.1357065E-01  1.0000000E-99  1.0000000E-99
  174  1.3485026E+05  6.5376353E-01  5.1865485E+02  5.4223271E+21  2.1664518E-01  1.0000000E-99  1.0000000E-99
  175  1.3562954E+05  6.5754152E-01  5.2165207E+02  5.4152682E+21  2.1975354E-01  1.0000000E-99  1.0000000E-99
  176  1.3640882E+05  6.6131951E-01  5.2464929E+02  5.4081592E+21  2.2289614E-01  1.0000000E-99  1.0000000E-99
  177  1.3718809E+05  6.6509750E-01  5.2764651E+02  5.4010001E+21  2.2607339E-01  1.0000000E-99  1.0000000E-99
  178  1.3796737E+05  6.6887550E-01  5.3064374E+02  5.3937906E+21  2.2928569E-01  1.0000000E-99  1.0000000E-99
  179  1.3874665E+05  6.7265349E-01  5.3364096E+02  5.3865305E+21  2.3253348E-01  1.0000000E-99  1.0000000E-99
  180  1.3952593E+05  6.7643148E-01  5.3663818E+02  5.3792197E+21  2.3581717E-01  1.0000000E-99  1.0000000E-99
  181  1.4030520E+05  6.8020948E-01  5.3963540E+02  5.3718578E+21  2.3913722E-01  1.0000000E-99  1.0000000E-99
  182  1.4108448E+05  6.8398747E-01  5.4263262E+02  5.3644448E+21  2.4249405E-01  1.0000000E-99  1.0000000E-99
  183  1.4186376E+05  6.8776546E-01  5.4562984E+02  5.3569803E+21  2.4588813E-01  1.0000000E-99  1.0000000E-99
  184  1.4264304E+05  6.9154345E-01  5.4862707E+02  5.3494642E+21  2.4931992E-01  1.0000000E-99  1.0000000E-99
  185  1.4342231E+05  6.9532145E-01  5.5162429E+02  5.3418963E+21  2.5278989E-01  1.0000000E-99  1.0000000E-99
  186  1.4420159E+05  6.9909944E-01  5.5462151E+02  5.3342763E+21  2.5629851E-01  1.0000000E-99  1.0000000E-99
  187  1.4498087E+05  7.0287743E-01  5.5761873E+02  5.3266040E+21  2.5984628E-01  1.0000000E-99  1.0000000E-99
  188  1.4576015E+05  7.0665542E-01  5.6061595E+02  5.3188792E+21  2.6343369E-01  1.0000000E-99  1.0000000E-99
  189  1.4653943E+05  7.1043342E-01  5.6361318E+02  5.3111016E+21  2.6706125E-01  1.0000000E-99  1.0000000E-99
  190  1.4731870E+05  7.1421141E-01  5.6661040E+02  5.3032711E+21  2.7072948E-01  1.0000000E-99  1.0000000E-99
  191  1.4809798E+05  7.1798940E-01  5.6960762E+02  5.2953874E+21  2.7443890E-01  1.0000000E-99  1.0000000E-99
  192  1.4887726E+05  7.2176740E-01  5.7260484E+02  5.2874502E+21  2.7819004E-01  1.0000000E-99  1.0000000E-99
  193  1.4965654E+05  7.2554539E-01  5.7560206E+02  5.2794593E+21  2.8198346E-01  1.0000000E-99  1.0000000E-99
  194  1.5043581E+05  7.2932338E-01  5.7859928E+02  5.2714144E+21  2.8581971E-01  1.0000000E-99  1.0000000E-99
  195  1.5121509E+05  7.3310137E-01  5.8159651E+02  5.2633154E+21  2.8969936E-01  1.0000000E-99  1.0000000E-99
  196  1.5199437E+05  7.3687937E-01  5.8459373E+02  5.2551620E+21  2.9362298E-01  1.0000000E-99  1.0000000E-99
  197  1.5277365E+05  7.4065736E-01  5.8759095E+02  5.2469539E+21  2.9759117E-01  1.0000000E-99  1.0000000E-99
  198  1.5355292E+05  7.4443535E-01  5.9058817E+02  5.2386908E+21  3.0160453E-01  1.0000000E-99  1.0000000E-99
  199  1.5433220E+05  7.4821335E-01  5.9358539E+02  5.2303725E+21  3.0566366E-01  1.0000000E-99  1.0000000E-99
  200  1.5511148E+05  7.5199134E-01  5.9658261E+02  5.2219987E+21  3.0976920E-01  1.0000000E-99  1.0000000E-99
  201  1.5589076E+05  7.5576933E-01  5.9957984E+02  5.2135693E+21  3.1392178E-01  1.0000000E-99  1.0000000E-99
  202  1.5667004E+05  7.5954732E-01  6.0257706E+02  5.2050838E+21  3.1812206E-01  1.0000000E-99  1.0000000E-99
  203  1.5744931E+05  7.6332532E-01  6.0557428E+02  5.1965420E+21  3.2237069E-01  1.0000000E-99  1.0000000E-99
  204  1.5822859E+05  7.6710331E-01  6.0857150E+02  5.1879437E+21  3.2666834E-01  1.0000000E-99  1.0000000E-99
  205  1.5900787E+05  7.7088130E-01  6.1156872E+02  5.1792885E+21  3.3101572E-01  1.0000000E-99  1.0000000E-99
  206  1.5978715E+05  7.7465929E-01  6.1456595E+02  5.1705762E+21  3.3541353E-01  1.0000000E-99  1.0000000E-99
  207  1.6056642E+05  7.7843729E-01  6.1756317E+02  5.1618065E+21  3.3986248E-01  1.0000000E-99  1.0000000E-99
  208  1.6134570E+05  7.8221528E-01  6.2056039E+02  5.1529790E+21  3.4436330E-01  1.0000000E-99  1.0000000E-99
  209  1.6212498E+05  7.8599327E-01  6.2355761E+02  5.1440936E+21  3.4891674E-01  1.0000000E-99  1.0000000E-99
  210  1.6290426E+05  7.8977127E-01  6.2655483E+02  5.1351498E+21  3.5352357E-01  1.0000000E-99  1.0000000E-99
  211  1.6368353E+05  7.9354926E-01  6.2955205E+02  5.1261475E+21  3.5818457E-01  1.0000000E-99  1.0000000E-99
  212  1.6446281E+05  7.9732725E-01  6.3254928E+02  5.1170862E+21  3.6290052E-01  1.0000000E-99  1.0000000E-99
  213  1.6524209E+05  8.0110524E-01  6.3554650E+02  5.1079657E+21  3.6767224E-01  1.0000000E-99  1.0000000E-99
  214  1.6602137E+05  8.0488324E-01  6.3854372E+02  5.0987856E+21  3.7250056E-01  1.0000000E-99  1.0000000E-99
  215  1.6680064E+05  8.0866123E-01  6.4154094E+02  5.0895457E+21  3.7738633E-01  1.0000000E-99  1.0000000E-99
  216  1.6757992E+05  8.1243922E-01  6.4453816E+02  5.0802456E+21  3.8233041E-01  1.0000000E-99  1.0000000E-99
  217  1.6835920E+05  8.1621721E-01  6.4753538E+02  5.0708849E+21  3.8733367E-01  1.0000000E-99  1.0000000E-99
  218  1.6913848E+05  8.1999521E-01  6.5053261E+02  5.0614633E+21  3.9239703E-01  1.0000000E-99  1.0000000E-99
  219  1.6991776E+05  8.2377320E-01  6.5352983E+02  5.0519806E+21  3.9752140E-01  1.0000000E-99  1.0000000E-99
  220  1.7069703E+05  8.2755119E-01  6.5652705E+02  5.0424363E+21  4.0270772E-01  1.0000000E-99  1.0000000E-99
  221  1.7147631E+05  8.3132919E-01  6.5952427E+02  5.0328301E+21  4.0795696E-01  1.0000000E-99  1.0000000E-99
  222  1.7225559E+05  8.3510718E-01  6.6252149E+02  5.0231616E+21  4.1327009E-01  1.0000000E-99  1.0000000E-99
  223  1.7303487E+05  8.3888517E-01  6.6551872E+02  5.0134305E+21  4.1864811E-01  1.0000000E-99  1.0000000E-99
  224  1.7381414E+05  8.4266316E-01  6.6851594E+02  5.0036364E+21  4.2409206E-01  1.0000000E-99  1.0000000E-99
  225  1.7459342E+05  8.4644116E-01  6.7151316E+02  4.9937790E+21  4.2960298E-01  1.0000000E-99  1.0000000E-99
  226  1.7537270E+05  8.5021915E-01  6.7451038E+02  4.9838578E+21  4.3518194E-01  1.0000000E-99  1.0000000E-99
  227  1.7615198E+05  8.5399714E-01  6.7750760E+02  4.9738725E+21  4.4083004E-01  1.0000000E-99  1.0000000E-99
  228  1.7693125E+05  8.5777514E-01  6.8050482E+02  4.9638227E+21  4.4654839E-01  1.0000000E-99  1.0000000E-99
  229  1.7771053E+05  8.6155313E-01  6.8350205E+02  4.9537080E+21  4.5233814E-01  1.0000000E-99  1.0000000E-99
  230  1.7848981E+05  8.6533112E-01  6.8649927E+02  4.9435281E+21  4.5820046E-01  1.0000000E-99  1.0000000E-99
  231  1.7926909E+05  8.6910911E-01  6.8949649E+02  4.9332824E+21  4.6413656E-01  1.0000000E-99  1.0000000E-99
  232  1.8004836E+05  8.7288711E-01  6.9249371E+02  4.9229706E+21  4.7014765E-01  1.0000000E-99  1.0000000E-99
  233  1.8082764E+05  8.7666510E-01  6.9549093E+02  4.9125923E+21  4.7623498E-01  1.0000000E-99  1.0000000E-99
  234  1.8160692E+05  8.8044309E-01  6.9848816E+02  4.9021471E+21  4.8239985E-01  1.0000000E-99  1.0000000E-99
  235  1.8238620E+05  8.8422108E-01  7.0148538E+02  4.8916345E+21  4.8864356E-01  1.0000000E-99  1.0000000E-99
  236  1.8316548E+05  8.8799908E-01  7.0448260E+02  4.8810540E+21  4.9496745E-01  1.0000000E-99  1.0000000E-99
  237  1.8394475E+05  8.9177707E-01  7.0747982E+02  4.8704054E+21  5.0137291E-01  1.0000000E-99  1.0000000E-99
  238  1.8472403E+05  8.9555506E-01  7.1047704E+02  4.8596880E+21  5.0786134E-01  1.0000000E-99  1.0000000E-99
  239  1.8550331E+05  8.9933306E-01  7.1347426E+02  4.8489014E+21  5.1443418E-01  1.0000000E-99  1.0000000E-99
  240  1.8628259E+05  9.0311105E-01  7.1647149E+02  4.8380453E+21  5.2109290E-01  1.0000000E-99  1.0000000E-99
  241  1.8706186E+05  9.0688904E-01  7.1946871E+02  4.8271191E+21  5.2783903E-01  1.0000000E-99  1.0000000E-99
  242  1.8784114E+05  9.1066703E-01  7.2246593E+02  4.8161223E+21  5.3467410E-01  1.0000000E-99  1.0000000E-99
  243  1.8862042E+05  9.1444503E-01  7.2546315E+02  4.8050544E+21  5.4159970E-01  1.0000000E-99  1.0000000E-99
  244  1.8939970E+05  9.1822302E-01  7.2846037E+02  4.7939150E+21  5.4861746E-01  1.0000000E-99  1.0000000E-99
  245  1.9017897E+05  9.2200101E-01  7.3145759E+02  4.7827036E+21  5.5572905E-01  1.0000000E-99  1.0000000E-99
  246  1.9095825E+05  9.2577901E-01  7.3445482E+02  4.7714196E+21  5.6293616E-01  1.0000000E-99  1.0000000E-99
  247  1.9173753E+05  9.2955700E-01  7.3745204E+02  4.7600625E+21  5.7024056E-01  1.0000000E-99  1.0000000E-99
  248  1.9251681E+05  9.3333499E-01  7.4044926E+02  4.7486319E+21  5.7764403E-01  1.0000000E-99  1.0000000E-99
  249  1.9329609E+05  9.3711298E-01  7.4344648E+02  4.7371272E+21  5.8514841E-01  1.0000000E-99  1.0000000E-99
  250  1.9407536E+05  9.4089098E-01  7.4644370E+02  4.7255477E+21  5.9275559E-01  1.0000000E-99  1.0000000E-99
  251  1.9485464E+05  9.4466897E-01  7.4944093E+02  4.7138931E+21  6.0046751E-01  1.0000000E-99  1.0000000E-99
  252  1.9563392E+05  9.4844696E-01  7.5243815E+02  4.7021627E+21  6.0828614E-01  1.0000000E-99  1.0000000E-99
  253  1.9641320E+05  9.5222495E-01  7.5543537E+02  4.6903559E+21  6.1621353E-01  1.0000000E-99  1.0000000E-99
  254  1.9719247E+05  9.5600295E-01  7.5843259E+02  4.6784723E+21  6.2425176E-01  1.0000000E-99  1.0000000E-99
  255  1.9797175E+05  9.5978094E-01  7.6142981E+02  4.6665111E+21  6.3240298E-01  1.0000000E-99  1.0000000E-99
  256  1.9875103E+05  9.6355893E-01  7.6442703E+02  4.6544718E+21  6.4066938E-01  1.0000000E-99  1.0000000E-99
  257  1.9953031E+05  9.6733693E-01  7.6742426E+02  4.6423538E+21  6.4905324E-01  1.0000000E-99  1.0000000E-99
  258  2.0030958E+05  9.7111492E-01  7.7042148E+02  4.6301565E+21  6.5755686E-01  1.0000000E-99  1.0000000E-99
  259  2.0108886E+05  9.7489291E-01  7.7341870E+02  4.6178792E+21  6.6618263E-01  1.0000000E-99  1.0000000E-99
  260  2.0186814E+05  9.7867090E-01  7.7641592E+02  4.6055214E+21  6.7493300E-01  1.0000000E-99  1.0000000E-99
  261  2.0264742E+05  9.8244890E-01  7.7941314E+02  4.5930822E+21  6.8381049E-01  1.0000000E-99  1.0000000E-99
  262  2.0342669E+05  9.8622689E-01  7.8241036E+02  4.5805612E+21  6.9281767E-01  1.0000000E-99  1.0000000E-99
  263  2.0420597E+05  9.9000488E-01  7.8540759E+02  4.5679576E+21  7.0195721E-01  1.0000000E-99  1.0000000E-99
  264  2.0498525E+05  9.9378288E-01  7.8840481E+02  4.5552707E+21  7.1123183E-01  1.0000000E-99  1.0000000E-99
  265  2.0576453E+05  9.9756087E-01  7.9140203E+02  4.5424998E+21  7.2064434E-01  1.0000000E-99  1.0000000E-99
  266  2.0654381E+05  1.0013389E+00  7.9439925E+02  4.5296443E+21  7.3019763E-01  1.0000000E-99  1.0000000E-99
  267  2.0732308E+05  1.0051169E+00  7.9739647E+02  4.5167034E+21  7.3989466E-01  1.0000000E-99  1.0000000E-99
  268  2.0810236E+05  1.0088948E+00  8.0039370E+02  4.5036763E+21  7.4973849E-01  1.0000000E-99  1.0000000E-99
  269  2.0888164E+05  1.0126728E+00  8.0339092E+02  4.4905624E+21  7.5973226E-01  1.0000000E-99  1.0000000E-99
  270  2.0966092E+05  1.0164508E+00  8.0638814E+02  4.4773607E+21  7.6987921E-01  1.0000000E-99  1.0000000E-99
  271  2.1044019E+05  1.0202288E+00  8.0938536E+02  4.4640707E+21  7.8018266E-01  1.0000000E-99  1.0000000E-99
  272  2.1121947E+05  1.0240068E+00  8.1238258E+02  4.4506915E+21  7.9064604E-01  1.0000000E-99  1.0000000E-99
  273  2.1199875E+05  1.0277848E+00  8.1537980E+02  4.4372222E+21  8.0127288E-01  1.0000000E-99  1.0000000E-99
  274  2.1277803E+05  1.0315628E+00  8.1837703E+02  4.4236621E+21  8.1206682E-01  1.0000000E-99  1.0000000E-99
  275  2.1355730E+05  1.0353408E+00  8.2137425E+02  4.4100102E+21  8.2303160E-01  1.0000000E-99  1.0000000E-99
  276  2.1433658E+05  1.0391188E+00  8.2437147E+02  4.3962659E+21  8.3417107E-01  1.0000000E-99  1.0000000E-99
  277  2.1511586E+05  1.0428968E+00  8.2736869E+02  4.3824281E+21  8.4548923E-01  1.0000000E-99  1.0000000E-99
  278  2.1589514E+05  1.0466748E+00  8.3036591E+02  4.3684960E+21  8.5699016E-01  1.0000000E-99  1.0000000E-99
  279  2.1667441E+05  1.0504528E+00  8.3336313E+02  4.3544688E+21  8.6867809E-01  1.0000000E-99  1.0000000E-99
  280  2.1745369E+05  1.0542308E+00  8.3636036E+02  4.3403454E+21  8.8055740E-01  1.0000000E-99  1.0000000E-99
  281  2.1823297E+05  1.0580088E+00  8.3935758E+02  4.3261249E+21  8.9263256E-01  1.0000000E-99  1.0000000E-99
  282  2.1901225E+05  1.0617867E+00  8.4235480E+02  4.3118064E+21  9.0490824E-01  1.0000000E-99  1.0000000E-99
  283  2.1979153E+05  1.0655647E+00  8.4535202E+02  4.2973889E+21  9.1738921E-01  1.0000000E-99  1.0000000E-99
  284  2.2057080E+05  1.0693427E+00  8.4834924E+02  4.2828714E+21  9.3008044E-01  1.0000000E-99  1.0000000E-99
  285  2.2135008E+05  1.0731207E+00  8.5134647E+02  4.2682528E+21  9.4298701E-01  1.0000000E-99  1.0000000E-99
  286  2.2212936E+05  1.0768987E+00  8.5434369E+02  4.2535322E+21  9.5611422E-01  1.0000000E-99  1.0000000E-99
  287  2.2290864E+05  1.0806767E+00  8.5734091E+02  4.2387085E+21  9.6946751E-01  1.0000000E-99  1.0000000E-99
  288  2.2368791E+05  1.0844547E+00  8.6033813E+02  4.2237805E+21  9.8305253E-01  1.0000000E-99  1.0000000E-99
  289  2.2446719E+05  1.0882327E+00  8.6333535E+02  4.2087472E+21  9.9687508E-01  1.0000000E-99  1.0000000E-99
  290  2.2524647E+05  1.0920107E+00  8.6633257E+02  4.1936074E+21  1.0109412E+00  1.0000000E-99  1.0000000E-99
  291  2.2602575E+05  1.0957887E+00  8.6932980E+02  4.1783600E+21  1.0252571E+00  1.0000000E-99  1.0000000E-99
  292  2.2680502E+05  1.0995667E+00  8.7232702E+02  4.1630038E+21  1.0398293E+00  1.0000000E-99  1.0000000E-99
  293  2.2758430E+05  1.1033447E+00  8.7532424E+02  4.1475376E+21  1.0546644E+00  1.0000000E-99  1.0000000E-99
  294  2.2836358E+05  1.1071227E+00  8.7832146E+02  4.1319602E+21  1.0697693E+00  1.0000000E-99  1.0000000E-99
  295  2.2914286E+05  1.1109007E+00  8.8131868E+02  4.1162702E+21  1.0851512E+00  1.0000000E-99  1.0000000E-99
  296  2.2992214E+05  1.1146786E+00  8.8431590E+02  4.1004665E+21  1.1008174E+00  1.0000000E-99  1.0000000E-99
  297  2.3070141E+05  1.1184566E+00  8.8731313E+02  4.0845476E+21  1.1167758E+00  1.0000000E-99  1.0000000E-99
  298  2.3148069E+05  1.1222346E+00  8.9031035E+02  4.0685123E+21  1.1330341E+00  1.0000000E-99  1.0000000E-99
  299  2.3225997E+05  1.1260126E+00  8.9330757E+02  4.0523591E+21  1.1496007E+00  1.0000000E-99  1.0000000E-99
  300  2.3303925E+05  1.1297906E+00  8.9630479E+02  4.0360866E+21  1.1664841E+00  1.0000000E-99  1.0000000E-99
  301  2.3381852E+05  1.1335686E+00  8.9930201E+02  4.0196934E+21  1.1836933E+00  1.0000000E-99  1.0000000E-99
  302  2.3459780E+05  1.1373466E+00  9.0229924E+02  4.0031780E+21  1.2012373E+00  1.0000000E-99  1.0000000E-99
  303  2.3537708E+05  1.1411246E+00  9.0529646E+02  3.9865389E+21  1.2191259E+00  1.0000000E-99  1.0000000E-99
  304  2.3615636E+05  1.1449026E+00  9.0829368E+02  3.9697745E+21  1.2373689E+00  1.0000000E-99  1.0000000E-99
  305  2.3693563E+05  1.1486806E+00  9.1129090E+02  3.9528832E+21  1.2559766E+00  1.0000000E-99  1.0000000E-99
  306  2.3771491E+05  1.1524586E+00  9.1428812E+02  3.9358635E+21  1.2749598E+00  1.0000000E-99  1.0000000E-99
  307  2.3849419E+05  1.1562366E+00  9.1728534E+02  3.9187135E+21  1.2943296E+00  1.0000000E-99  1.0000000E-99
  308  2.3927347E+05  1.1600146E+00  9.2028257E+02  3.9014317E+21  1.3140978E+00  1.0000000E-99  1.0000000E-99
  309  2.4005274E+05  1.1637925E+00  9.2327979E+02  3.8840162E+21  1.3342762E+00  1.0000000E-99  1.0000000E-99
  310  2.4083202E+05  1.1675705E+00  9.2627701E+02  3.8664652E+21  1.3548775E+00  1.0000000E-99  1.0000000E-99
  311  2.4161130E+05  1.1713485E+00  9.2927423E+02  3.8487769E+21  1.3759149E+00  1.0000000E-99  1.0000000E-99
  312  2.4239058E+05  1.1751265E+00  9.3227145E+02  3.8309494E+21  1.3974019E+00  1.0000000E-99  1.0000000E-99
  313  2.4316986E+05  1.1789045E+00  9.3526867E+02  3.8129808E+21  1.4193527E+00  1.0000000E-99  1.0000000E-99
  314  2.4394913E+05  1.1826825E+00  9.3826590E+02  3.7948689E+21  1.4417823E+00  1.0000000E-99  1.0000000E-99
  315  2.4472841E+05  1.1864605E+00  9.4126312E+02  3.7766119E+21  1.4647060E+00  1.0000000E-99  1.0000000E-99
  316  2.4550769E+05  1.1902385E+00  9.4426034E+02  3.7582075E+21  1.4881401E+00  1.0000000E-99  1.0000000E-99
  317  2.4628697E+05  1.1940165E+00  9.4725756E+02  3.7396535E+21  1.5121013E+00  1.0000000E-99  1.0000000E-99
  318  2.4706624E+05  1.1977945E+00  9.5025478E+02  3.7209478E+21  1.5366072E+00  1.0000000E-99  1.0000000E-99
  319  2.4784552E+05  1.2015725E+00  9.5325201E+02  3.7020880E+21  1.5616764E+00  1.0000000E-99  1.0000000E-99
  320  2.4862480E+05  1.2053505E+00  9.5624923E+02  3.6830718E+21  1.5873280E+00  1.0000000E-99  1.0000000E-99
  321  2.4940408E+05  1.2091285E+00  9.5924645E+02  3.6638967E+21  1.6135822E+00  1.0000000E-99  1.0000000E-99
  322  2.5018335E+05  1.2129065E+00  9.6224367E+02  3.6445603E+21  1.6404601E+00  1.0000000E-99  1.0000000E-99
  323  2.5096263E+05  1.2166844E+00  9.6524089E+02  3.6250599E+21  1.6679836E+00  1.0000000E-99  1.0000000E-99
  324  2.5174191E+05  1.2204624E+00  9.6823811E+02  3.6053929E+21  1.6961761E+00  1.0000000E-99  1.0000000E-99
  325  2.5252119E+05  1.2242404E+00  9.7123534E+02  3.5855565E+21  1.7250616E+00  1.0000000E-99  1.0000000E-99
  326  2.5330046E+05  1.2280184E+00  9.7423256E+02  3.5655479E+21  1.7546657E+00  1.0000000E-99  1.0000000E-99
  327  2.5407974E+05  1.2317964E+00  9.7722978E+02  3.5453643E+21  1.7850151E+00  1.0000000E-99  1.0000000E-99
  328  2.5485902E+05  1.2355744E+00  9.8022700E+02  3.5250025E+21  1.8161378E+00  1.0000000E-99  1.0000000E-99
  329  2.5563830E+05  1.2393524E+00  9.8322422E+02  3.5044595E+21  1.8480633E+00  1.0000000E-99  1.0000000E-99
  330  2.5641758E+05  1.2431304E+00  9.8622144E+02  3.4837321E+21  1.8808225E+00  1.0000000E-99  1.0000000E-99
  331  2.5719685E+05  1.2469084E+00  9.8921867E+02  3.4628170E+21  1.9144482E+00  1.0000000E-99  1.0000000E-99
  332  2.5797613E+05  1.2506864E+00  9.9221589E+02  3.4417107E+21  1.9489746E+00  1.0000000E-99  1.0000000E-99
  333  2.5875541E+05  1.2544644E+00  9.9521311E+02  3.4204097E+21  1.9844380E+00  1.0000000E-99  1.0000000E-99
  334  2.5953469E+05  1.2582424E+00  9.9821033E+02  3.3989104E+21  2.0208764E+00  1.0000000E-99  1.0000000E-99
  335  2.6031396E+05  1.2620204E+00  1.0012076E+03  3.3772089E+21  2.0583301E+00  1.0000000E-99  1.0000000E-99
  336  2.6109324E+05  1.2657984E+00  1.0042048E+03  3.3553014E+21  2.0968417E+00  1.0000000E-99  1.0000000E-99
  337  2.6187252E+05  1.2695763E+00  1.0072020E+03  3.3331837E+21  2.1364561E+00  1.0000000E-99  1.0000000E-99
  338  2.6265180E+05  1.2733543E+00  1.0101992E+03  3.3108517E+21  2.1772206E+00  1.0000000E-99  1.0000000E-99
  339  2.6343107E+05  1.2771323E+00  1.0131964E+03  3.2883010E+21  2.2191857E+00  1.0000000E-99  1.0000000E-99
  340  2.6421035E+05  1.2809103E+00  1.0161937E+03  3.2655271E+21  2.2624045E+00  1.0000000E-99  1.0000000E-99
  341  2.6498963E+05  1.2846883E+00  1.0191909E+03  3.2425252E+21  2.3069335E+00  1.0000000E-99  1.0000000E-99
  342  2.6576891E+05  1.2884663E+00  1.0221881E+03  3.2192905E+21  2.3528326E+00  1.0000000E-99  1.0000000E-99
  343  2.6654819E+05  1.2922443E+00  1.0251853E+03  3.1958179E+21  2.4001653E+00  1.0000000E-99  1.0000000E-99
  344  2.6732746E+05  1.2960223E+00  1.0281825E+03  3.1721022E+21  2.4489993E+00  1.0000000E-99  1.0000000E-99
  345  2.6810674E+05  1.2998003E+00  1.0311798E+03  3.1481377E+21  2.4994064E+00  1.0000000E-99  1.0000000E-99
  346  2.6888602E+05  1.3035783E+00  1.0341770E+03  3.1239189E+21  2.5514632E+00  1.0000000E-99  1.0000000E-99
  347  2.6966530E+05  1.3073563E+00  1.0371742E+03  3.0994396E+21  2.6052514E+00  1.0000000E-99  1.0000000E-99
  348  2.7044457E+05  1.3111343E+00  1.0401714E+03  3.0746938E+21  2.6608580E+00  1.0000000E-99  1.0000000E-99
  349  2.7122385E+05  1.3149123E+00  1.0431687E+03  3.0496749E+21  2.7183763E+00  1.0000000E-99  1.0000000E-99
  350  2.7200313E+05  1.3186903E+00  1.0461659E+03  3.0243762E+21  2.7779056E+00  1.0000000E-99  1.0000000E-99
  351  2.7278241E+05  1.3224682E+00  1.0491631E+03  2.9987906E+21  2.8395525E+00  1.0000000E-99  1.0000000E-99
  352  2.7356168E+05  1.3262462E+00  1.0521603E+03  2.9729106E+21  2.9034314E+00  1.0000000E-99  1.0000000E-99
  353  2.7434096E+05  1.3300242E+00  1.0551575E+03  2.9467285E+21  2.9696647E+00  1.0000000E-99  1.0000000E-99
  354  2.7512024E+05  1.3338022E+00  1.0581548E+03  2.9202361E+21  3.0383843E+00  1.0000000E-99  1.0000000E-99
  355  2.7589952E+05  1.3375802E+00  1.0611520E+03  2.8934251E+21  3.1097319E+00  1.0000000E-99  1.0000000E-99
  356  2.7667879E+05  1.3413582E+00  1.0641492E+03  2.8662863E+21  3.1838603E+00  1.0000000E-99  1.0000000E-99
  357  2.7745807E+05  1.3451362E+00  1.0671464E+03  2.8388105E+21  3.2609344E+00  1.0000000E-99  1.0000000E-99
  358  2.7823735E+05  1.3489142E+00  1.0701437E+03  2.8109877E+21  3.3411324E+00  1.0000000E-99  1.0000000E-99
  359  2.7901663E+05  1.3526922E+00  1.0731409E+03  2.7828075E+21  3.4246470E+00  1.0000000E-99  1.0000000E-99
  360  2.7979591E+05  1.3564702E+00  1.0761381E+03  2.7542590E+21  3.5116874E+00  1.0000000E-99  1.0000000E-99
  361  2.8057518E+05  1.3602482E+00  1.0791353E+03  2.7253305E+21  3.6024804E+00  1.0000000E-99  1.0000000E-99
  362  2.8135446E+05  1.3640262E+00  1.0821325E+03  2.6960099E+21  3.6972730E+00  1.0000000E-99  1.0000000E-99
  363  2.8213374E+05  1.3678042E+00  1.0851298E+03  2.6662842E+21  3.7963344E+00  1.0000000E-99  1.0000000E-99
  364  2.8291302E+05  1.3715822E+00  1.0881270E+03  2.6361397E+21  3.8999581E+00  1.0000000E-99  1.0000000E-99
  365  2.8369229E+05  1.3753601E+00  1.0911242E+03  2.6055619E+21  4.0084657E+00  1.0000000E-99  1.0000000E-99
  366  2.8447157E+05  1.3791381E+00  1.0941214E+03  2.5745353E+21  4.1222093E+00  1.0000000E-99  1.0000000E-99
  367  2.8525085E+05  1.3829161E+00  1.0971187E+03  2.5430435E+21  4.2415760E+00  1.0000000E-99  1.0000000E-99
  368  2.8603013E+05  1.3866941E+00  1.1001159E+03  2.5110691E+21  4.3669918E+00  1.0000000E-99  1.0000000E-99
  369  2.8680940E+05  1.3904721E+00  1.1031131E+03  2.4785932E+21  4.4989270E+00  1.0000000E-99  1.0000000E-99
  370  2.8758868E+05  1.3942501E+00  1.1061103E+03  2.4455960E+21  4.6379020E+00  1.0000000E-99  1.0000000E-99
  371  2.8836796E+05  1.3980281E+00  1.1091075E+03  2.4120561E+21  4.7844940E+00  1.0000000E-99  1.0000000E-99
  372  2.8914724E+05  1.4018061E+00  1.1121048E+03  2.3779504E+21  4.9393452E+00  1.0000000E-99  1.0000000E-99
  373  2.8992651E+05  1.4055841E+00  1.1151020E+03  2.3432543E+21  5.1031718E+00  1.0000000E-99  1.0000000E-99
  374  2.9070579E+05  1.4093621E+00  1.1180992E+03  2.3079412E+21  5.2767757E+00  1.0000000E-99  1.0000000E-99
  375  2.9148507E+05  1.4131401E+00  1.1210964E+03  2.2719823E+21  5.4610571E+00  1.0000000E-99  1.0000000E-99
  376  2.9226435E+05  1.4169181E+00  1.1240936E+03  2.2353464E+21  5.6570302E+00  1.0000000E-99  1.0000000E-99
  377  2.9304363E+05  1.4206961E+00  1.1270909E+03  2.1979996E+21  5.8658417E+00  1.0000000E-99  1.0000000E-99
  378  2.9382290E+05  1.4244741E+00  1.1300881E+03  2.1599052E+21  6.0887938E+00  1.0000000E-99  1.0000000E-99
  379  2.9460218E+05  1.4282520E+00  1.1330853E+03  2.1210228E+21  6.3273706E+00  1.0000000E-99  1.0000000E-99
  380  2.9538146E+05  1.4320300E+00  1.1360825E+03  2.0813082E+21  6.5832716E+00  1.0000000E-99  1.0000000E-99
  381  2.9616074E+05  1.4358080E+00  1.1390798E+03  2.0407129E+21  6.8584522E+00  1.0000000E-99  1.0000000E-99
  382  2.9694001E+05  1.4395860E+00  1.1420770E+03  1.9991832E+21  7.1551733E+00  1.0000000E-99  1.0000000E-99
  383  2.9771929E+05  1.4433640E+00  1.1450742E+03  1.9566596E+21  7.4760641E+00  1.0000000E-99  1.0000000E-99
  384  2.9849857E+05  1.4471420E+00  1.1480714E+03  1.9130758E+21  7.8241999E+00  1.0000000E-99  1.0000000E-99
  385  2.9927785E+05  1.4509200E+00  1.1510686E+03  1.8683577E+21  8.2032007E+00  1.0000000E-99  1.0000000E-99
  386  3.0005712E+05  1.4546980E+00  1.1540659E+03  1.8224218E+21  8.6173578E+00  1.0000000E-99  1.0000000E-99
  387  3.0083640E+05  1.4584760E+00  1.1570631E+03  1.7751735E+21  9.0717970E+00  1.0000000E-99  1.0000000E-99
  388  3.0161568E+05  1.4622540E+00  1.1600603E+03  1.7265050E+21  9.5726915E+00  1.0000000E-99  1.0000000E-99
  389  3.0239496E+05  1.4660320E+00  1.1630575E+03  1.6762927E+21  1.0127544E+01  1.0000000E-99  1.0000000E-99
  390  3.0317424E+05  1.4698100E+00  1.1660548E+03  1.6243935E+21  1.0745567E+01  1.0000000E-99  1.0000000E-99
  391  3.0395351E+05  1.4735880E+00  1.1690520E+03  1.5706400E+21  1.1438193E+01  1.0000000E-99  1.0000000E-99
  392  3.0473279E+05  1.4773660E+00  1.1720492E+03  1.5148350E+21  1.2219797E+01  1.0000000E-99  1.0000000E-99
  393  3.0551207E+05  1.4811439E+00  1.1750464E+03  1.4567426E+21  1.3108699E+01  1.0000000E-99  1.0000000E-99
  394  3.0629135E+05  1.4849219E+00  1.1780436E+03  1.3960774E+21  1.4128620E+01  1.0000000E-99  1.0000000E-99
  395  3.0707062E+05  1.4886999E+00  1.1810409E+03  1.3324880E+21  1.5310838E+01  1.0000000E-99  1.0000000E-99
  396  3.0784990E+05  1.4924779E+00  1.1840381E+03  1.2655337E+21  1.6697451E+01  1.0000000E-99  1.0000000E-99
  397  3.0862918E+05  1.4962559E+00  1.1870353E+03  1.1946489E+21  1.8346506E+01  1.0000000E-99  1.0000000E-99
  398  3.0940846E+05  1.5000339E+00  1.1900325E+03  1.1190868E+21  2.0340354E+01  1.0000000E-99  1.0000000E-99
  399  3.1018773E+05  1.5038119E+00  1.1930297E+03  1.0378264E+21  2.2799865E+01  1.0000000E-99  1.0000000E-99
  400  3.1096701E+05  1.5075899E+00  1.1960270E+03  9.4940569E+20  2.5909976E+01  1.0000000E-99  1.0000000E-99
  401  3.1174629E+05  1.5113679E+00  1.1990242E+03  8.5159716E+20  2.9968709E+01  1.0000000E-99  1.0000000E-99
  402  3.1252557E+05  1.5151459E+00  1.2020214E+03  7.4069112E+20  3.5489484E+01  1.0000000E-99  1.0000000E-99
  403  3.1330484E+05  1.5189239E+00  1.2050186E+03  6.0958020E+20  4.3439572E+01  1.0000000E-99  1.0000000E-99
  404  3.1408412E+05  1.5227019E+00  1.2080159E+03  4.4058118E+20  5.5888001E+01  1.0000000E-99  1.0000000E-99
  405  3.1486340E+05  1.5264799E+00  1.2110131E+03  1.2725798E+20  7.8226253E+01  1.0000000E-99  1.0000000E-99
  406  3.1564268E+05  1.5302578E+00  1.2140103E+03  2.1507633E-06  1.3069662E+02  1.0000000E-99  1.0000000E-99
  407  3.1642196E+05  1.5340358E+00  1.2170075E+03  2.1507633E-06  1.3069662E+02  1.0000000E-99  1.0000000E-99
  408  3.1720123E+05  1.5378138E+00  1.2200047E+03  2.1507633E-06  1.0000000E-99  1.0000000E-99  1.0000000E-99
  409  3.1798051E+05  1.5415918E+00  1.2230020E+03  2.1507633E-06  1.0000000E-99  1.0000000E-99  1.0000000E-99
  410  3.1875979E+05  1.5453698E+00  1.2259992E+03  2.1507633E-06  1.0000000E-99  1.0000000E-99  1.0000000E-99
  411  3.1953907E+05  1.5491478E+00  1.2289964E+03  2.1507633E-06  1.0000000E-99  1.0000000E-99  1.0000000E-99
  412  3.2031834E+05  1.5529258E+00  1.2319936E+03  2.1507633E-06  1.0000000E-99  1.0000000E-99  1.0000000E-99
  413  3.2109762E+05  1.5567038E+00  1.2349909E+03  2.1507633E-06  1.0000000E-99  1.0000000E-99  1.0000000E-99
  414  3.2187690E+05  1.5604818E+00  1.2379881E+03  2.1507633E-06  1.0000000E-99  1.0000000E-99  1.0000000E-99
  415  3.2265618E+05  1.5642598E+00  1.2409853E+03  2.1507633E-06  1.0000000E-99  1.0000000E-99  1.0000000E-99
  416  3.2343545E+05  1.5680378E+00  1.2439825E+03  2.1507633E-06  1.0000000E-99  1.0000000E-99  1.0000000E-99
  417  3.2421473E+05  1.5718158E+00  1.2469797E+03  2.1507633E-06  1.0000000E-99  1.0000000E-99  1.0000000E-99
  418  3.2499401E+05  1.5755938E+00  1.2499770E+03  2.1507633E-06  1.0000000E-99  1.0000000E-99  1.0000000E-99
  419  3.2577329E+05  1.5793718E+00  1.2529742E+03  2.1507633E-06  1.0000000E-99  1.0000000E-99  1.0000000E-99
  420  3.2655256E+05  1.5831497E+00  1.2559714E+03  2.1507633E-06  1.0000000E-99  1.0000000E-99  1.0000000E-99
  421  3.2733184E+05  1.5869277E+00  1.2589686E+03  2.1507633E-06  1.0000000E-99  1.0000000E-99  1.0000000E-99
  422  3.2811112E+05  1.5907057E+00  1.2619658E+03  2.1507633E-06  1.0000000E-99  1.0000000E-99  1.0000000E-99
  423  3.2889040E+05  1.5944837E+00  1.2649631E+03  2.1507633E-06  1.0000000E-99  1.0000000E-99  1.0000000E-99
  424  3.2966968E+05  1.5982617E+00  1.2679603E+03  2.1507633E-06  1.0000000E-99  1.0000000E-99  1.0000000E-99
  425  3.3044895E+05  1.6020397E+00  1.2709575E+03  2.1507633E-06  1.0000000E-99  1.0000000E-99  1.0000000E-99
  426  3.3122823E+05  1.6058177E+00  1.2739547E+03  2.1507633E-06  1.0000000E-99  1.0000000E-99  1.0000000E-99
  427  3.3200751E+05  1.6095957E+00  1.2769520E+03  2.1507633E-06  1.0000000E-99  1.0000000E-99  1.0000000E-99
  428  3.3278679E+05  1.6133737E+00  1.2799492E+03  2.1507633E-06  1.0000000E-99  1.0000000E-99  1.0000000E-99
  429  3.3356606E+05  1.6171517E+00  1.2829464E+03  2.1507633E-06  1.0000000E-99  1.0000000E-99  1.0000000E-99
  430  3.3434534E+05  1.6209297E+00  1.2859436E+03  2.1507633E-06  1.0000000E-99  1.0000000E-99  1.0000000E-99
  431  3.3512462E+05  1.6247077E+00  1.2889408E+03  2.1507633E-06  1.0000000E-99  1.0000000E-99  1.0000000E-99
  432  3.3590390E+05  1.6284857E+00  1.2919381E+03  2.1507633E-06  1.0000000E-99  1.0000000E-99  1.0000000E-99
  433  3.3668317E+05  1.6322637E+00  1.2949353E+03  2.1507633E-06  1.0000000E-99  1.0000000E-99  1.0000000E-99
  434  3.3746245E+05  1.6360416E+00  1.2979325E+03  2.1507633E-06  1.0000000E-99  1.0000000E-99  1.0000000E-99
  435  3.3824173E+05  1.6398196E+00  1.3009297E+03  2.1507633E-06  1.0000000E-99  1.0000000E-99  1.0000000E-99
  436  3.3902101E+05  1.6435976E+00  1.3039270E+03  2.1507633E-06  1.0000000E-99  1.0000000E-99  1.0000000E-99
  437  3.3980029E+05  1.6473756E+00  1.3069242E+03  2.1507633E-06  1.0000000E-99  1.0000000E-99  1.0000000E-99
  438  3.4057956E+05  1.6511536E+00  1.3099214E+03  2.1507633E-06  1.0000000E-99  1.0000000E-99  1.0000000E-99
  439  3.4135884E+05  1.6549316E+00  1.3129186E+03  2.1507633E-06  1.0000000E-99  1.0000000E-99  1.0000000E-99
  440  3.4213812E+05  1.6587096E+00  1.3159158E+03  2.1507633E-06  1.0000000E-99  1.0000000E-99  1.0000000E-99
  441  3.4291740E+05  1.6624876E+00  1.3189131E+03  2.1507633E-06  1.0000000E-99  1.0000000E-99  1.0000000E-99
  442  3.4369667E+05  1.6662656E+00  1.3219103E+03  2.1507633E-06  1.0000000E-99  1.0000000E-99  1.0000000E-99
  443  3.4447595E+05  1.6700436E+00  1.3249075E+03  2.1507633E-06  1.0000000E-99  1.0000000E-99  1.0000000E-99
  444  3.4525523E+05  1.6738216E+00  1.3279047E+03  2.1507633E-06  1.0000000E-99  1.0000000E-99  1.0000000E-99
