! Date: 14/08/2026  Time: 14:19:53  Created by RADMC3D compiled on Aug 14 2026 12:46    
! Alexander Men’shchikov, DAp IRFU CEA Saclay, France                         
!
! RADIAL PROFILES OF SURFACE DENSITIES (cm^-2)
!
! Distance (pc): 2.60000000E+02  Mass-averaged Tdust (K): 1.30845773E+01
!
!   N   RADIUS(au)     RADIUS(pc)     RADIUS(as)      PROFILE        SLOPE          PROFILEBS      SLOPEBS
!
    1  3.2339034E+01  1.5678191E-04  1.2438090E-01  1.5853196E+22  4.6246008E-03  1.5478446E+22  4.7374268E-03
    2  8.1285012E+02  3.9407544E-03  3.1263466E+00  1.5618563E+22  4.6246008E-03  1.5243814E+22  4.7374268E-03
    3  1.5933612E+03  7.7247269E-03  6.1283123E+00  1.4945876E+22  4.6246008E-03  1.4571126E+22  4.7374268E-03
    4  2.3738723E+03  1.1508699E-02  9.1302780E+00  1.3938253E+22  4.6246008E-03  1.3563503E+22  4.7374268E-03
    5  3.1543834E+03  1.5292672E-02  1.2132244E+01  1.2686729E+22  6.5410417E-02  1.2311979E+22  6.7055281E-02
    6  3.9348945E+03  1.9076644E-02  1.5134209E+01  1.1381316E+22  1.7507505E-01  1.1006566E+22  1.7974295E-01
    7  4.7154056E+03  2.2860617E-02  1.8136175E+01  1.0014865E+22  3.3095426E-01  9.6401157E+21  3.4055532E-01
    8  5.4959166E+03  2.6644589E-02  2.1138141E+01  8.6954305E+21  4.9112543E-01  8.3206807E+21  5.0694363E-01
    9  6.2764277E+03  3.0428562E-02  2.4140107E+01  7.5266229E+21  7.0683579E-01  7.1518730E+21  7.3256867E-01
   10  7.0569388E+03  3.4212535E-02  2.7142072E+01  6.4327374E+21  9.2232454E-01  6.0579875E+21  9.6094923E-01
   11  7.8374499E+03  3.7996507E-02  3.0144038E+01  5.5122501E+21  1.0870181E+00  5.1375003E+21  1.1398705E+00
   12  8.6179610E+03  4.1780480E-02  3.3146004E+01  4.6429463E+21  1.3398668E+00  4.2681965E+21  1.4162281E+00
   13  9.3984721E+03  4.5564452E-02  3.6147969E+01  3.8468794E+21  1.4721076E+00  3.4721296E+21  1.5710928E+00
   14  1.0178983E+04  4.9348425E-02  3.9149935E+01  3.0945457E+21  1.8078028E+00  2.7197959E+21  1.9526546E+00
   15  1.0959494E+04  5.3132397E-02  4.2151901E+01  2.3575701E+21  2.1694333E+00  1.9828203E+21  2.3809290E+00
   16  1.1740005E+04  5.6916370E-02  4.5153867E+01  1.7976573E+21  2.7278346E+00  1.4229074E+21  3.0611361E+00
   17  1.2520516E+04  6.0700342E-02  4.8155832E+01  7.4093009E+20  3.6817257E+00  3.6618027E+20  4.2776430E+00
   18  1.3301028E+04  6.4484315E-02  5.1157798E+01  3.7476783E+20  3.9413145E+00  1.0000000E-99  4.2776430E+00
   19  1.4081539E+04  6.8268287E-02  5.4159764E+01  3.7473970E+20  3.9413145E+00  1.0000000E-99  1.0000000E-99
   20  1.4862050E+04  7.2052260E-02  5.7161730E+01  3.7470996E+20  1.4710457E-03  1.0000000E-99  1.0000000E-99
   21  1.5642561E+04  7.5836232E-02  6.0163695E+01  3.7467861E+20  1.4710457E-03  1.0000000E-99  1.0000000E-99
   22  1.6423072E+04  7.9620205E-02  6.3165661E+01  3.7464566E+20  1.4710457E-03  1.0000000E-99  1.0000000E-99
   23  1.7203583E+04  8.3404177E-02  6.6167627E+01  3.7461109E+20  1.6344945E-03  1.0000000E-99  1.0000000E-99
   24  1.7984094E+04  8.7188150E-02  6.9169592E+01  3.7457491E+20  1.8065941E-03  1.0000000E-99  1.0000000E-99
   25  1.8764605E+04  9.0972122E-02  7.2171558E+01  3.7453712E+20  1.9873534E-03  1.0000000E-99  1.0000000E-99
   26  1.9545116E+04  9.4756095E-02  7.5173524E+01  3.7449771E+20  2.1767817E-03  1.0000000E-99  1.0000000E-99
   27  2.0325627E+04  9.8540067E-02  7.8175490E+01  3.7445670E+20  2.3748888E-03  1.0000000E-99  1.0000000E-99
   28  2.1106138E+04  1.0232404E-01  8.1177455E+01  3.7441407E+20  2.5816850E-03  1.0000000E-99  1.0000000E-99
   29  2.1886649E+04  1.0610801E-01  8.4179421E+01  3.7436982E+20  2.7971810E-03  1.0000000E-99  1.0000000E-99
   30  2.2667161E+04  1.0989198E-01  8.7181387E+01  3.7432397E+20  3.0213879E-03  1.0000000E-99  1.0000000E-99
   31  2.3447672E+04  1.1367596E-01  9.0183352E+01  3.7427649E+20  3.2543173E-03  1.0000000E-99  1.0000000E-99
   32  2.4228183E+04  1.1745993E-01  9.3185318E+01  3.7422741E+20  3.4959814E-03  1.0000000E-99  1.0000000E-99
   33  2.5008694E+04  1.2124390E-01  9.6187284E+01  3.7417670E+20  3.7463927E-03  1.0000000E-99  1.0000000E-99
   34  2.5789205E+04  1.2502787E-01  9.9189250E+01  3.7412438E+20  4.0055641E-03  1.0000000E-99  1.0000000E-99
   35  2.6569716E+04  1.2881185E-01  1.0219122E+02  3.7407044E+20  4.2735092E-03  1.0000000E-99  1.0000000E-99
   36  2.7350227E+04  1.3259582E-01  1.0519318E+02  3.7401488E+20  4.5502419E-03  1.0000000E-99  1.0000000E-99
   37  2.8130738E+04  1.3637979E-01  1.0819515E+02  3.7395771E+20  4.8357766E-03  1.0000000E-99  1.0000000E-99
   38  2.8911249E+04  1.4016376E-01  1.1119711E+02  3.7389891E+20  5.1301282E-03  1.0000000E-99  1.0000000E-99
   39  2.9691760E+04  1.4394774E-01  1.1419908E+02  3.7383850E+20  5.4333120E-03  1.0000000E-99  1.0000000E-99
   40  3.0472271E+04  1.4773171E-01  1.1720104E+02  3.7377646E+20  5.7453439E-03  1.0000000E-99  1.0000000E-99
   41  3.1252782E+04  1.5151568E-01  1.2020301E+02  3.7371280E+20  6.0662401E-03  1.0000000E-99  1.0000000E-99
   42  3.2033294E+04  1.5529965E-01  1.2320498E+02  3.7364752E+20  6.3960175E-03  1.0000000E-99  1.0000000E-99
   43  3.2813805E+04  1.5908363E-01  1.2620694E+02  3.7358061E+20  6.7346932E-03  1.0000000E-99  1.0000000E-99
   44  3.3594316E+04  1.6286760E-01  1.2920891E+02  3.7351208E+20  7.0822852E-03  1.0000000E-99  1.0000000E-99
   45  3.4374827E+04  1.6665157E-01  1.3221087E+02  3.7344192E+20  7.4388115E-03  1.0000000E-99  1.0000000E-99
   46  3.5155338E+04  1.7043554E-01  1.3521284E+02  3.7337014E+20  7.8042909E-03  1.0000000E-99  1.0000000E-99
   47  3.5935849E+04  1.7421952E-01  1.3821480E+02  3.7329673E+20  8.1787427E-03  1.0000000E-99  1.0000000E-99
   48  3.6716360E+04  1.7800349E-01  1.4121677E+02  3.7322169E+20  8.5621865E-03  1.0000000E-99  1.0000000E-99
   49  3.7496871E+04  1.8178746E-01  1.4421874E+02  3.7314502E+20  8.9546425E-03  1.0000000E-99  1.0000000E-99
   50  3.8277382E+04  1.8557143E-01  1.4722070E+02  3.7306673E+20  9.3561315E-03  1.0000000E-99  1.0000000E-99
   51  3.9057893E+04  1.8935541E-01  1.5022267E+02  3.7298680E+20  9.7666745E-03  1.0000000E-99  1.0000000E-99
   52  3.9838404E+04  1.9313938E-01  1.5322463E+02  3.7290524E+20  1.0186293E-02  1.0000000E-99  1.0000000E-99
   53  4.0618916E+04  1.9692335E-01  1.5622660E+02  3.7282204E+20  1.0615010E-02  1.0000000E-99  1.0000000E-99
   54  4.1399427E+04  2.0070732E-01  1.5922856E+02  3.7273721E+20  1.1052848E-02  1.0000000E-99  1.0000000E-99
   55  4.2179938E+04  2.0449130E-01  1.6223053E+02  3.7265075E+20  1.1499830E-02  1.0000000E-99  1.0000000E-99
   56  4.2960449E+04  2.0827527E-01  1.6523250E+02  3.7256264E+20  1.1955979E-02  1.0000000E-99  1.0000000E-99
   57  4.3740960E+04  2.1205924E-01  1.6823446E+02  3.7247290E+20  1.2421321E-02  1.0000000E-99  1.0000000E-99
   58  4.4521471E+04  2.1584322E-01  1.7123643E+02  3.7238152E+20  1.2895879E-02  1.0000000E-99  1.0000000E-99
   59  4.5301982E+04  2.1962719E-01  1.7423839E+02  3.7228850E+20  1.3379680E-02  1.0000000E-99  1.0000000E-99
   60  4.6082493E+04  2.2341116E-01  1.7724036E+02  3.7219384E+20  1.3872749E-02  1.0000000E-99  1.0000000E-99
   61  4.6863004E+04  2.2719513E-01  1.8024232E+02  3.7209754E+20  1.4375111E-02  1.0000000E-99  1.0000000E-99
   62  4.7643515E+04  2.3097911E-01  1.8324429E+02  3.7199959E+20  1.4886796E-02  1.0000000E-99  1.0000000E-99
   63  4.8424026E+04  2.3476308E-01  1.8624626E+02  3.7190000E+20  1.5407829E-02  1.0000000E-99  1.0000000E-99
   64  4.9204537E+04  2.3854705E-01  1.8924822E+02  3.7179876E+20  1.5938239E-02  1.0000000E-99  1.0000000E-99
   65  4.9985049E+04  2.4233102E-01  1.9225019E+02  3.7169587E+20  1.6478054E-02  1.0000000E-99  1.0000000E-99
   66  5.0765560E+04  2.4611500E-01  1.9525215E+02  3.7159133E+20  1.7027303E-02  1.0000000E-99  1.0000000E-99
   67  5.1546071E+04  2.4989897E-01  1.9825412E+02  3.7148514E+20  1.7586017E-02  1.0000000E-99  1.0000000E-99
   68  5.2326582E+04  2.5368294E-01  2.0125608E+02  3.7137730E+20  1.8154225E-02  1.0000000E-99  1.0000000E-99
   69  5.3107093E+04  2.5746691E-01  2.0425805E+02  3.7126780E+20  1.8731958E-02  1.0000000E-99  1.0000000E-99
   70  5.3887604E+04  2.6125089E-01  2.0726002E+02  3.7115665E+20  1.9319247E-02  1.0000000E-99  1.0000000E-99
   71  5.4668115E+04  2.6503486E-01  2.1026198E+02  3.7104385E+20  1.9916125E-02  1.0000000E-99  1.0000000E-99
   72  5.5448626E+04  2.6881883E-01  2.1326395E+02  3.7092938E+20  2.0522624E-02  1.0000000E-99  1.0000000E-99
   73  5.6229137E+04  2.7260280E-01  2.1626591E+02  3.7081326E+20  2.1138777E-02  1.0000000E-99  1.0000000E-99
   74  5.7009648E+04  2.7638678E-01  2.1926788E+02  3.7069547E+20  2.1764617E-02  1.0000000E-99  1.0000000E-99
   75  5.7790159E+04  2.8017075E-01  2.2226984E+02  3.7057602E+20  2.2400179E-02  1.0000000E-99  1.0000000E-99
   76  5.8570671E+04  2.8395472E-01  2.2527181E+02  3.7045491E+20  2.3045499E-02  1.0000000E-99  1.0000000E-99
   77  5.9351182E+04  2.8773869E-01  2.2827378E+02  3.7033213E+20  2.3700610E-02  1.0000000E-99  1.0000000E-99
   78  6.0131693E+04  2.9152267E-01  2.3127574E+02  3.7020768E+20  2.4365549E-02  1.0000000E-99  1.0000000E-99
   79  6.0912204E+04  2.9530664E-01  2.3427771E+02  3.7008157E+20  2.5040354E-02  1.0000000E-99  1.0000000E-99
   80  6.1692715E+04  2.9909061E-01  2.3727967E+02  3.6995378E+20  2.5725060E-02  1.0000000E-99  1.0000000E-99
   81  6.2473226E+04  3.0287458E-01  2.4028164E+02  3.6982432E+20  2.6419707E-02  1.0000000E-99  1.0000000E-99
   82  6.3253737E+04  3.0665856E-01  2.4328360E+02  3.6969318E+20  2.7124333E-02  1.0000000E-99  1.0000000E-99
   83  6.4034248E+04  3.1044253E-01  2.4628557E+02  3.6956037E+20  2.7838976E-02  1.0000000E-99  1.0000000E-99
   84  6.4814759E+04  3.1422650E-01  2.4928754E+02  3.6942588E+20  2.8563678E-02  1.0000000E-99  1.0000000E-99
   85  6.5595270E+04  3.1801047E-01  2.5228950E+02  3.6928971E+20  2.9298477E-02  1.0000000E-99  1.0000000E-99
   86  6.6375781E+04  3.2179445E-01  2.5529147E+02  3.6915186E+20  3.0043415E-02  1.0000000E-99  1.0000000E-99
   87  6.7156292E+04  3.2557842E-01  2.5829343E+02  3.6901233E+20  3.0798535E-02  1.0000000E-99  1.0000000E-99
   88  6.7936804E+04  3.2936239E-01  2.6129540E+02  3.6887110E+20  3.1563878E-02  1.0000000E-99  1.0000000E-99
   89  6.8717315E+04  3.3314636E-01  2.6429736E+02  3.6872820E+20  3.2339487E-02  1.0000000E-99  1.0000000E-99
   90  6.9497826E+04  3.3693034E-01  2.6729933E+02  3.6858360E+20  3.3125407E-02  1.0000000E-99  1.0000000E-99
   91  7.0278337E+04  3.4071431E-01  2.7030130E+02  3.6843731E+20  3.3921682E-02  1.0000000E-99  1.0000000E-99
   92  7.1058848E+04  3.4449828E-01  2.7330326E+02  3.6828932E+20  3.4728356E-02  1.0000000E-99  1.0000000E-99
   93  7.1839359E+04  3.4828225E-01  2.7630523E+02  3.6813964E+20  3.5545476E-02  1.0000000E-99  1.0000000E-99
   94  7.2619870E+04  3.5206623E-01  2.7930719E+02  3.6798827E+20  3.6373088E-02  1.0000000E-99  1.0000000E-99
   95  7.3400381E+04  3.5585020E-01  2.8230916E+02  3.6783519E+20  3.7211240E-02  1.0000000E-99  1.0000000E-99
   96  7.4180892E+04  3.5963417E-01  2.8531112E+02  3.6768041E+20  3.8059979E-02  1.0000000E-99  1.0000000E-99
   97  7.4961403E+04  3.6341814E-01  2.8831309E+02  3.6752393E+20  3.8919354E-02  1.0000000E-99  1.0000000E-99
   98  7.5741914E+04  3.6720212E-01  2.9131506E+02  3.6736574E+20  3.9789414E-02  1.0000000E-99  1.0000000E-99
   99  7.6522425E+04  3.7098609E-01  2.9431702E+02  3.6720584E+20  4.0670210E-02  1.0000000E-99  1.0000000E-99
  100  7.7302937E+04  3.7477006E-01  2.9731899E+02  3.6704423E+20  4.1561793E-02  1.0000000E-99  1.0000000E-99
  101  7.8083448E+04  3.7855403E-01  3.0032095E+02  3.6688091E+20  4.2464213E-02  1.0000000E-99  1.0000000E-99
  102  7.8863959E+04  3.8233801E-01  3.0332292E+02  3.6671588E+20  4.3377524E-02  1.0000000E-99  1.0000000E-99
  103  7.9644470E+04  3.8612198E-01  3.0632488E+02  3.6654912E+20  4.4301779E-02  1.0000000E-99  1.0000000E-99
  104  8.0424981E+04  3.8990595E-01  3.0932685E+02  3.6638065E+20  4.5237031E-02  1.0000000E-99  1.0000000E-99
  105  8.1205492E+04  3.9368992E-01  3.1232882E+02  3.6621045E+20  4.6183336E-02  1.0000000E-99  1.0000000E-99
  106  8.1986003E+04  3.9747390E-01  3.1533078E+02  3.6603853E+20  4.7140748E-02  1.0000000E-99  1.0000000E-99
  107  8.2766514E+04  4.0125787E-01  3.1833275E+02  3.6586488E+20  4.8109324E-02  1.0000000E-99  1.0000000E-99
  108  8.3547025E+04  4.0504184E-01  3.2133471E+02  3.6568951E+20  4.9089121E-02  1.0000000E-99  1.0000000E-99
  109  8.4327536E+04  4.0882581E-01  3.2433668E+02  3.6551240E+20  5.0080198E-02  1.0000000E-99  1.0000000E-99
  110  8.5108047E+04  4.1260979E-01  3.2733864E+02  3.6533355E+20  5.1082613E-02  1.0000000E-99  1.0000000E-99
  111  8.5888559E+04  4.1639376E-01  3.3034061E+02  3.6515297E+20  5.2096424E-02  1.0000000E-99  1.0000000E-99
  112  8.6669070E+04  4.2017773E-01  3.3334258E+02  3.6497065E+20  5.3121694E-02  1.0000000E-99  1.0000000E-99
  113  8.7449581E+04  4.2396170E-01  3.3634454E+02  3.6478658E+20  5.4158484E-02  1.0000000E-99  1.0000000E-99
  114  8.8230092E+04  4.2774568E-01  3.3934651E+02  3.6460078E+20  5.5206854E-02  1.0000000E-99  1.0000000E-99
  115  8.9010603E+04  4.3152965E-01  3.4234847E+02  3.6441322E+20  5.6266869E-02  1.0000000E-99  1.0000000E-99
  116  8.9791114E+04  4.3531362E-01  3.4535044E+02  3.6422391E+20  5.7338592E-02  1.0000000E-99  1.0000000E-99
  117  9.0571625E+04  4.3909759E-01  3.4835240E+02  3.6403285E+20  5.8422089E-02  1.0000000E-99  1.0000000E-99
  118  9.1352136E+04  4.4288157E-01  3.5135437E+02  3.6384004E+20  5.9517424E-02  1.0000000E-99  1.0000000E-99
  119  9.2132647E+04  4.4666554E-01  3.5435634E+02  3.6364546E+20  6.0624665E-02  1.0000000E-99  1.0000000E-99
  120  9.2913158E+04  4.5044951E-01  3.5735830E+02  3.6344913E+20  6.1743879E-02  1.0000000E-99  1.0000000E-99
  121  9.3693669E+04  4.5423348E-01  3.6036027E+02  3.6325103E+20  6.2875135E-02  1.0000000E-99  1.0000000E-99
  122  9.4474180E+04  4.5801746E-01  3.6336223E+02  3.6305116E+20  6.4018502E-02  1.0000000E-99  1.0000000E-99
  123  9.5254692E+04  4.6180143E-01  3.6636420E+02  3.6284953E+20  6.5174050E-02  1.0000000E-99  1.0000000E-99
  124  9.6035203E+04  4.6558540E-01  3.6936616E+02  3.6264612E+20  6.6341851E-02  1.0000000E-99  1.0000000E-99
  125  9.6815714E+04  4.6936937E-01  3.7236813E+02  3.6244093E+20  6.7521978E-02  1.0000000E-99  1.0000000E-99
  126  9.7596225E+04  4.7315335E-01  3.7537010E+02  3.6223396E+20  6.8714503E-02  1.0000000E-99  1.0000000E-99
  127  9.8376736E+04  4.7693732E-01  3.7837206E+02  3.6202522E+20  6.9919501E-02  1.0000000E-99  1.0000000E-99
  128  9.9157247E+04  4.8072129E-01  3.8137403E+02  3.6181468E+20  7.1137048E-02  1.0000000E-99  1.0000000E-99
  129  9.9937758E+04  4.8450526E-01  3.8437599E+02  3.6160236E+20  7.2367219E-02  1.0000000E-99  1.0000000E-99
  130  1.0071827E+05  4.8828924E-01  3.8737796E+02  3.6138825E+20  7.3610093E-02  1.0000000E-99  1.0000000E-99
  131  1.0149878E+05  4.9207321E-01  3.9037992E+02  3.6117234E+20  7.4865748E-02  1.0000000E-99  1.0000000E-99
  132  1.0227929E+05  4.9585718E-01  3.9338189E+02  3.6095464E+20  7.6134263E-02  1.0000000E-99  1.0000000E-99
  133  1.0305980E+05  4.9964115E-01  3.9638386E+02  3.6073513E+20  7.7415720E-02  1.0000000E-99  1.0000000E-99
  134  1.0384031E+05  5.0342513E-01  3.9938582E+02  3.6051382E+20  7.8710199E-02  1.0000000E-99  1.0000000E-99
  135  1.0462082E+05  5.0720910E-01  4.0238779E+02  3.6029070E+20  8.0017785E-02  1.0000000E-99  1.0000000E-99
  136  1.0540134E+05  5.1099307E-01  4.0538975E+02  3.6006577E+20  8.1338560E-02  1.0000000E-99  1.0000000E-99
  137  1.0618185E+05  5.1477704E-01  4.0839172E+02  3.5983903E+20  8.2672611E-02  1.0000000E-99  1.0000000E-99
  138  1.0696236E+05  5.1856102E-01  4.1139368E+02  3.5961047E+20  8.4020023E-02  1.0000000E-99  1.0000000E-99
  139  1.0774287E+05  5.2234499E-01  4.1439565E+02  3.5938008E+20  8.5380884E-02  1.0000000E-99  1.0000000E-99
  140  1.0852338E+05  5.2612896E-01  4.1739762E+02  3.5914788E+20  8.6755283E-02  1.0000000E-99  1.0000000E-99
  141  1.0930389E+05  5.2991293E-01  4.2039958E+02  3.5891384E+20  8.8143310E-02  1.0000000E-99  1.0000000E-99
  142  1.1008440E+05  5.3369691E-01  4.2340155E+02  3.5867797E+20  8.9545056E-02  1.0000000E-99  1.0000000E-99
  143  1.1086491E+05  5.3748088E-01  4.2640351E+02  3.5844027E+20  9.0960612E-02  1.0000000E-99  1.0000000E-99
  144  1.1164542E+05  5.4126485E-01  4.2940548E+02  3.5820072E+20  9.2390074E-02  1.0000000E-99  1.0000000E-99
  145  1.1242594E+05  5.4504882E-01  4.3240744E+02  3.5795934E+20  9.3833535E-02  1.0000000E-99  1.0000000E-99
  146  1.1320645E+05  5.4883280E-01  4.3540941E+02  3.5771610E+20  9.5291093E-02  1.0000000E-99  1.0000000E-99
  147  1.1398696E+05  5.5261677E-01  4.3841138E+02  3.5747102E+20  9.6762844E-02  1.0000000E-99  1.0000000E-99
  148  1.1476747E+05  5.5640074E-01  4.4141334E+02  3.5722408E+20  9.8248887E-02  1.0000000E-99  1.0000000E-99
  149  1.1554798E+05  5.6018471E-01  4.4441531E+02  3.5697529E+20  9.9749322E-02  1.0000000E-99  1.0000000E-99
  150  1.1632849E+05  5.6396869E-01  4.4741727E+02  3.5672463E+20  1.0126425E-01  1.0000000E-99  1.0000000E-99
  151  1.1710900E+05  5.6775266E-01  4.5041924E+02  3.5647210E+20  1.0279378E-01  1.0000000E-99  1.0000000E-99
  152  1.1788951E+05  5.7153663E-01  4.5342120E+02  3.5621771E+20  1.0433801E-01  1.0000000E-99  1.0000000E-99
  153  1.1867002E+05  5.7532060E-01  4.5642317E+02  3.5596144E+20  1.0589704E-01  1.0000000E-99  1.0000000E-99
  154  1.1945054E+05  5.7910458E-01  4.5942514E+02  3.5570329E+20  1.0747099E-01  1.0000000E-99  1.0000000E-99
  155  1.2023105E+05  5.8288855E-01  4.6242710E+02  3.5544327E+20  1.0905996E-01  1.0000000E-99  1.0000000E-99
  156  1.2101156E+05  5.8667252E-01  4.6542907E+02  3.5518135E+20  1.1066406E-01  1.0000000E-99  1.0000000E-99
  157  1.2179207E+05  5.9045649E-01  4.6843103E+02  3.5491755E+20  1.1228341E-01  1.0000000E-99  1.0000000E-99
  158  1.2257258E+05  5.9424047E-01  4.7143300E+02  3.5465185E+20  1.1391812E-01  1.0000000E-99  1.0000000E-99
  159  1.2335309E+05  5.9802444E-01  4.7443496E+02  3.5438425E+20  1.1556830E-01  1.0000000E-99  1.0000000E-99
  160  1.2413360E+05  6.0180841E-01  4.7743693E+02  3.5411475E+20  1.1723406E-01  1.0000000E-99  1.0000000E-99
  161  1.2491411E+05  6.0559238E-01  4.8043890E+02  3.5384334E+20  1.1891554E-01  1.0000000E-99  1.0000000E-99
  162  1.2569462E+05  6.0937636E-01  4.8344086E+02  3.5357002E+20  1.2061284E-01  1.0000000E-99  1.0000000E-99
  163  1.2647514E+05  6.1316033E-01  4.8644283E+02  3.5329478E+20  1.2232608E-01  1.0000000E-99  1.0000000E-99
  164  1.2725565E+05  6.1694430E-01  4.8944479E+02  3.5301762E+20  1.2405540E-01  1.0000000E-99  1.0000000E-99
  165  1.2803616E+05  6.2072827E-01  4.9244676E+02  3.5273854E+20  1.2580091E-01  1.0000000E-99  1.0000000E-99
  166  1.2881667E+05  6.2451225E-01  4.9544872E+02  3.5245752E+20  1.2756273E-01  1.0000000E-99  1.0000000E-99
  167  1.2959718E+05  6.2829622E-01  4.9845069E+02  3.5217457E+20  1.2934101E-01  1.0000000E-99  1.0000000E-99
  168  1.3037769E+05  6.3208019E-01  5.0145266E+02  3.5188969E+20  1.3113587E-01  1.0000000E-99  1.0000000E-99
  169  1.3115820E+05  6.3586416E-01  5.0445462E+02  3.5160286E+20  1.3294743E-01  1.0000000E-99  1.0000000E-99
  170  1.3193871E+05  6.3964814E-01  5.0745659E+02  3.5131408E+20  1.3477584E-01  1.0000000E-99  1.0000000E-99
  171  1.3271922E+05  6.4343211E-01  5.1045855E+02  3.5102334E+20  1.3662122E-01  1.0000000E-99  1.0000000E-99
  172  1.3349973E+05  6.4721608E-01  5.1346052E+02  3.5073065E+20  1.3848372E-01  1.0000000E-99  1.0000000E-99
  173  1.3428025E+05  6.5100005E-01  5.1646248E+02  3.5043599E+20  1.4036347E-01  1.0000000E-99  1.0000000E-99
  174  1.3506076E+05  6.5478403E-01  5.1946445E+02  3.5013937E+20  1.4226061E-01  1.0000000E-99  1.0000000E-99
  175  1.3584127E+05  6.5856800E-01  5.2246642E+02  3.4984077E+20  1.4417529E-01  1.0000000E-99  1.0000000E-99
  176  1.3662178E+05  6.6235197E-01  5.2546838E+02  3.4954020E+20  1.4610765E-01  1.0000000E-99  1.0000000E-99
  177  1.3740229E+05  6.6613594E-01  5.2847035E+02  3.4923764E+20  1.4805784E-01  1.0000000E-99  1.0000000E-99
  178  1.3818280E+05  6.6991992E-01  5.3147231E+02  3.4893309E+20  1.5002601E-01  1.0000000E-99  1.0000000E-99
  179  1.3896331E+05  6.7370389E-01  5.3447428E+02  3.4862655E+20  1.5201230E-01  1.0000000E-99  1.0000000E-99
  180  1.3974382E+05  6.7748786E-01  5.3747624E+02  3.4831801E+20  1.5401688E-01  1.0000000E-99  1.0000000E-99
  181  1.4052433E+05  6.8127183E-01  5.4047821E+02  3.4800747E+20  1.5603989E-01  1.0000000E-99  1.0000000E-99
  182  1.4130485E+05  6.8505581E-01  5.4348018E+02  3.4769491E+20  1.5808150E-01  1.0000000E-99  1.0000000E-99
  183  1.4208536E+05  6.8883978E-01  5.4648214E+02  3.4738035E+20  1.6014185E-01  1.0000000E-99  1.0000000E-99
  184  1.4286587E+05  6.9262375E-01  5.4948411E+02  3.4706376E+20  1.6222112E-01  1.0000000E-99  1.0000000E-99
  185  1.4364638E+05  6.9640772E-01  5.5248607E+02  3.4674514E+20  1.6431947E-01  1.0000000E-99  1.0000000E-99
  186  1.4442689E+05  7.0019170E-01  5.5548804E+02  3.4642449E+20  1.6643707E-01  1.0000000E-99  1.0000000E-99
  187  1.4520740E+05  7.0397567E-01  5.5849000E+02  3.4610181E+20  1.6857408E-01  1.0000000E-99  1.0000000E-99
  188  1.4598791E+05  7.0775964E-01  5.6149197E+02  3.4577708E+20  1.7073067E-01  1.0000000E-99  1.0000000E-99
  189  1.4676842E+05  7.1154361E-01  5.6449394E+02  3.4545030E+20  1.7290703E-01  1.0000000E-99  1.0000000E-99
  190  1.4754893E+05  7.1532759E-01  5.6749590E+02  3.4512147E+20  1.7510331E-01  1.0000000E-99  1.0000000E-99
  191  1.4832945E+05  7.1911156E-01  5.7049787E+02  3.4479058E+20  1.7731971E-01  1.0000000E-99  1.0000000E-99
  192  1.4910996E+05  7.2289553E-01  5.7349983E+02  3.4445762E+20  1.7955641E-01  1.0000000E-99  1.0000000E-99
  193  1.4989047E+05  7.2667950E-01  5.7650180E+02  3.4412259E+20  1.8181358E-01  1.0000000E-99  1.0000000E-99
  194  1.5067098E+05  7.3046348E-01  5.7950376E+02  3.4378548E+20  1.8409142E-01  1.0000000E-99  1.0000000E-99
  195  1.5145149E+05  7.3424745E-01  5.8250573E+02  3.4344628E+20  1.8639011E-01  1.0000000E-99  1.0000000E-99
  196  1.5223200E+05  7.3803142E-01  5.8550770E+02  3.4310500E+20  1.8870985E-01  1.0000000E-99  1.0000000E-99
  197  1.5301251E+05  7.4181539E-01  5.8850966E+02  3.4276161E+20  1.9105083E-01  1.0000000E-99  1.0000000E-99
  198  1.5379302E+05  7.4559937E-01  5.9151163E+02  3.4241613E+20  1.9341325E-01  1.0000000E-99  1.0000000E-99
  199  1.5457353E+05  7.4938334E-01  5.9451359E+02  3.4206853E+20  1.9579730E-01  1.0000000E-99  1.0000000E-99
  200  1.5535405E+05  7.5316731E-01  5.9751556E+02  3.4171882E+20  1.9820320E-01  1.0000000E-99  1.0000000E-99
  201  1.5613456E+05  7.5695128E-01  6.0051752E+02  3.4136698E+20  2.0063114E-01  1.0000000E-99  1.0000000E-99
  202  1.5691507E+05  7.6073526E-01  6.0351949E+02  3.4101302E+20  2.0308135E-01  1.0000000E-99  1.0000000E-99
  203  1.5769558E+05  7.6451923E-01  6.0652146E+02  3.4065692E+20  2.0555402E-01  1.0000000E-99  1.0000000E-99
  204  1.5847609E+05  7.6830320E-01  6.0952342E+02  3.4029868E+20  2.0804938E-01  1.0000000E-99  1.0000000E-99
  205  1.5925660E+05  7.7208717E-01  6.1252539E+02  3.3993828E+20  2.1056764E-01  1.0000000E-99  1.0000000E-99
  206  1.6003711E+05  7.7587115E-01  6.1552735E+02  3.3957574E+20  2.1310903E-01  1.0000000E-99  1.0000000E-99
  207  1.6081762E+05  7.7965512E-01  6.1852932E+02  3.3921102E+20  2.1567377E-01  1.0000000E-99  1.0000000E-99
  208  1.6159813E+05  7.8343909E-01  6.2153128E+02  3.3884414E+20  2.1826209E-01  1.0000000E-99  1.0000000E-99
  209  1.6237864E+05  7.8722306E-01  6.2453325E+02  3.3847508E+20  2.2087423E-01  1.0000000E-99  1.0000000E-99
  210  1.6315916E+05  7.9100704E-01  6.2753522E+02  3.3810384E+20  2.2351041E-01  1.0000000E-99  1.0000000E-99
  211  1.6393967E+05  7.9479101E-01  6.3053718E+02  3.3773040E+20  2.2617088E-01  1.0000000E-99  1.0000000E-99
  212  1.6472018E+05  7.9857498E-01  6.3353915E+02  3.3735477E+20  2.2885588E-01  1.0000000E-99  1.0000000E-99
  213  1.6550069E+05  8.0235895E-01  6.3654111E+02  3.3697693E+20  2.3156566E-01  1.0000000E-99  1.0000000E-99
  214  1.6628120E+05  8.0614293E-01  6.3954308E+02  3.3659688E+20  2.3430046E-01  1.0000000E-99  1.0000000E-99
  215  1.6706171E+05  8.0992690E-01  6.4254504E+02  3.3621460E+20  2.3706054E-01  1.0000000E-99  1.0000000E-99
  216  1.6784222E+05  8.1371087E-01  6.4554701E+02  3.3583010E+20  2.3984617E-01  1.0000000E-99  1.0000000E-99
  217  1.6862273E+05  8.1749484E-01  6.4854898E+02  3.3544336E+20  2.4265759E-01  1.0000000E-99  1.0000000E-99
  218  1.6940324E+05  8.2127882E-01  6.5155094E+02  3.3505437E+20  2.4549508E-01  1.0000000E-99  1.0000000E-99
  219  1.7018376E+05  8.2506279E-01  6.5455291E+02  3.3466314E+20  2.4835891E-01  1.0000000E-99  1.0000000E-99
  220  1.7096427E+05  8.2884676E-01  6.5755487E+02  3.3426964E+20  2.5124935E-01  1.0000000E-99  1.0000000E-99
  221  1.7174478E+05  8.3263073E-01  6.6055684E+02  3.3387388E+20  2.5416667E-01  1.0000000E-99  1.0000000E-99
  222  1.7252529E+05  8.3641471E-01  6.6355880E+02  3.3347584E+20  2.5711117E-01  1.0000000E-99  1.0000000E-99
  223  1.7330580E+05  8.4019868E-01  6.6656077E+02  3.3307551E+20  2.6008313E-01  1.0000000E-99  1.0000000E-99
  224  1.7408631E+05  8.4398265E-01  6.6956274E+02  3.3267290E+20  2.6308284E-01  1.0000000E-99  1.0000000E-99
  225  1.7486682E+05  8.4776662E-01  6.7256470E+02  3.3226798E+20  2.6611059E-01  1.0000000E-99  1.0000000E-99
  226  1.7564733E+05  8.5155060E-01  6.7556667E+02  3.3186075E+20  2.6916669E-01  1.0000000E-99  1.0000000E-99
  227  1.7642784E+05  8.5533457E-01  6.7856863E+02  3.3145121E+20  2.7225145E-01  1.0000000E-99  1.0000000E-99
  228  1.7720836E+05  8.5911854E-01  6.8157060E+02  3.3103934E+20  2.7536517E-01  1.0000000E-99  1.0000000E-99
  229  1.7798887E+05  8.6290251E-01  6.8457256E+02  3.3062514E+20  2.7850817E-01  1.0000000E-99  1.0000000E-99
  230  1.7876938E+05  8.6668649E-01  6.8757453E+02  3.3020859E+20  2.8168077E-01  1.0000000E-99  1.0000000E-99
  231  1.7954989E+05  8.7047046E-01  6.9057650E+02  3.2978969E+20  2.8488330E-01  1.0000000E-99  1.0000000E-99
  232  1.8033040E+05  8.7425443E-01  6.9357846E+02  3.2936842E+20  2.8811608E-01  1.0000000E-99  1.0000000E-99
  233  1.8111091E+05  8.7803840E-01  6.9658043E+02  3.2894479E+20  2.9137946E-01  1.0000000E-99  1.0000000E-99
  234  1.8189142E+05  8.8182238E-01  6.9958239E+02  3.2851878E+20  2.9467377E-01  1.0000000E-99  1.0000000E-99
  235  1.8267193E+05  8.8560635E-01  7.0258436E+02  3.2809038E+20  2.9799936E-01  1.0000000E-99  1.0000000E-99
  236  1.8345244E+05  8.8939032E-01  7.0558632E+02  3.2765958E+20  3.0135658E-01  1.0000000E-99  1.0000000E-99
  237  1.8423296E+05  8.9317429E-01  7.0858829E+02  3.2722637E+20  3.0474580E-01  1.0000000E-99  1.0000000E-99
  238  1.8501347E+05  8.9695827E-01  7.1159026E+02  3.2679074E+20  3.0816738E-01  1.0000000E-99  1.0000000E-99
  239  1.8579398E+05  9.0074224E-01  7.1459222E+02  3.2635269E+20  3.1162169E-01  1.0000000E-99  1.0000000E-99
  240  1.8657449E+05  9.0452621E-01  7.1759419E+02  3.2591220E+20  3.1510910E-01  1.0000000E-99  1.0000000E-99
  241  1.8735500E+05  9.0831018E-01  7.2059615E+02  3.2546926E+20  3.1863000E-01  1.0000000E-99  1.0000000E-99
  242  1.8813551E+05  9.1209416E-01  7.2359812E+02  3.2502387E+20  3.2218477E-01  1.0000000E-99  1.0000000E-99
  243  1.8891602E+05  9.1587813E-01  7.2660008E+02  3.2457601E+20  3.2577382E-01  1.0000000E-99  1.0000000E-99
  244  1.8969653E+05  9.1966210E-01  7.2960205E+02  3.2412567E+20  3.2939755E-01  1.0000000E-99  1.0000000E-99
  245  1.9047704E+05  9.2344607E-01  7.3260402E+02  3.2367285E+20  3.3305636E-01  1.0000000E-99  1.0000000E-99
  246  1.9125756E+05  9.2723005E-01  7.3560598E+02  3.2321752E+20  3.3675067E-01  1.0000000E-99  1.0000000E-99
  247  1.9203807E+05  9.3101402E-01  7.3860795E+02  3.2275969E+20  3.4048090E-01  1.0000000E-99  1.0000000E-99
  248  1.9281858E+05  9.3479799E-01  7.4160991E+02  3.2229934E+20  3.4424749E-01  1.0000000E-99  1.0000000E-99
  249  1.9359909E+05  9.3858196E-01  7.4461188E+02  3.2183646E+20  3.4805088E-01  1.0000000E-99  1.0000000E-99
  250  1.9437960E+05  9.4236594E-01  7.4761384E+02  3.2137104E+20  3.5189150E-01  1.0000000E-99  1.0000000E-99
  251  1.9516011E+05  9.4614991E-01  7.5061581E+02  3.2090307E+20  3.5576981E-01  1.0000000E-99  1.0000000E-99
  252  1.9594062E+05  9.4993388E-01  7.5361778E+02  3.2043253E+20  3.5968627E-01  1.0000000E-99  1.0000000E-99
  253  1.9672113E+05  9.5371785E-01  7.5661974E+02  3.1995942E+20  3.6364135E-01  1.0000000E-99  1.0000000E-99
  254  1.9750164E+05  9.5750183E-01  7.5962171E+02  3.1948372E+20  3.6763553E-01  1.0000000E-99  1.0000000E-99
  255  1.9828215E+05  9.6128580E-01  7.6262367E+02  3.1900542E+20  3.7166929E-01  1.0000000E-99  1.0000000E-99
  256  1.9906267E+05  9.6506977E-01  7.6562564E+02  3.1852452E+20  3.7574313E-01  1.0000000E-99  1.0000000E-99
  257  1.9984318E+05  9.6885374E-01  7.6862760E+02  3.1804100E+20  3.7985755E-01  1.0000000E-99  1.0000000E-99
  258  2.0062369E+05  9.7263772E-01  7.7162957E+02  3.1755484E+20  3.8401306E-01  1.0000000E-99  1.0000000E-99
  259  2.0140420E+05  9.7642169E-01  7.7463154E+02  3.1706603E+20  3.8821018E-01  1.0000000E-99  1.0000000E-99
  260  2.0218471E+05  9.8020566E-01  7.7763350E+02  3.1657457E+20  3.9244944E-01  1.0000000E-99  1.0000000E-99
  261  2.0296522E+05  9.8398963E-01  7.8063547E+02  3.1608044E+20  3.9673139E-01  1.0000000E-99  1.0000000E-99
  262  2.0374573E+05  9.8777361E-01  7.8363743E+02  3.1558363E+20  4.0105656E-01  1.0000000E-99  1.0000000E-99
  263  2.0452624E+05  9.9155758E-01  7.8663940E+02  3.1508412E+20  4.0542552E-01  1.0000000E-99  1.0000000E-99
  264  2.0530675E+05  9.9534155E-01  7.8964136E+02  3.1458191E+20  4.0983884E-01  1.0000000E-99  1.0000000E-99
  265  2.0608727E+05  9.9912552E-01  7.9264333E+02  3.1407697E+20  4.1429709E-01  1.0000000E-99  1.0000000E-99
  266  2.0686778E+05  1.0029095E+00  7.9564530E+02  3.1356930E+20  4.1880088E-01  1.0000000E-99  1.0000000E-99
  267  2.0764829E+05  1.0066935E+00  7.9864726E+02  3.1305888E+20  4.2335079E-01  1.0000000E-99  1.0000000E-99
  268  2.0842880E+05  1.0104774E+00  8.0164923E+02  3.1254570E+20  4.2794744E-01  1.0000000E-99  1.0000000E-99
  269  2.0920931E+05  1.0142614E+00  8.0465119E+02  3.1202975E+20  4.3259146E-01  1.0000000E-99  1.0000000E-99
  270  2.0998982E+05  1.0180454E+00  8.0765316E+02  3.1151101E+20  4.3728348E-01  1.0000000E-99  1.0000000E-99
  271  2.1077033E+05  1.0218294E+00  8.1065512E+02  3.1098946E+20  4.4202414E-01  1.0000000E-99  1.0000000E-99
  272  2.1155084E+05  1.0256133E+00  8.1365709E+02  3.1046510E+20  4.4681411E-01  1.0000000E-99  1.0000000E-99
  273  2.1233135E+05  1.0293973E+00  8.1665906E+02  3.0993791E+20  4.5165406E-01  1.0000000E-99  1.0000000E-99
  274  2.1311187E+05  1.0331813E+00  8.1966102E+02  3.0940788E+20  4.5654467E-01  1.0000000E-99  1.0000000E-99
  275  2.1389238E+05  1.0369652E+00  8.2266299E+02  3.0887498E+20  4.6148664E-01  1.0000000E-99  1.0000000E-99
  276  2.1467289E+05  1.0407492E+00  8.2566495E+02  3.0833921E+20  4.6648068E-01  1.0000000E-99  1.0000000E-99
  277  2.1545340E+05  1.0445332E+00  8.2866692E+02  3.0780056E+20  4.7152751E-01  1.0000000E-99  1.0000000E-99
  278  2.1623391E+05  1.0483172E+00  8.3166888E+02  3.0725899E+20  4.7662788E-01  1.0000000E-99  1.0000000E-99
  279  2.1701442E+05  1.0521011E+00  8.3467085E+02  3.0671451E+20  4.8178253E-01  1.0000000E-99  1.0000000E-99
  280  2.1779493E+05  1.0558851E+00  8.3767282E+02  3.0616709E+20  4.8699223E-01  1.0000000E-99  1.0000000E-99
  281  2.1857544E+05  1.0596691E+00  8.4067478E+02  3.0561672E+20  4.9225777E-01  1.0000000E-99  1.0000000E-99
  282  2.1935595E+05  1.0634531E+00  8.4367675E+02  3.0506338E+20  4.9757995E-01  1.0000000E-99  1.0000000E-99
  283  2.2013647E+05  1.0672370E+00  8.4667871E+02  3.0450706E+20  5.0295957E-01  1.0000000E-99  1.0000000E-99
  284  2.2091698E+05  1.0710210E+00  8.4968068E+02  3.0394774E+20  5.0839747E-01  1.0000000E-99  1.0000000E-99
  285  2.2169749E+05  1.0748050E+00  8.5268264E+02  3.0338540E+20  5.1389449E-01  1.0000000E-99  1.0000000E-99
  286  2.2247800E+05  1.0785889E+00  8.5568461E+02  3.0282003E+20  5.1945150E-01  1.0000000E-99  1.0000000E-99
  287  2.2325851E+05  1.0823729E+00  8.5868658E+02  3.0225161E+20  5.2506938E-01  1.0000000E-99  1.0000000E-99
  288  2.2403902E+05  1.0861569E+00  8.6168854E+02  3.0168012E+20  5.3074902E-01  1.0000000E-99  1.0000000E-99
  289  2.2481953E+05  1.0899409E+00  8.6469051E+02  3.0110554E+20  5.3649135E-01  1.0000000E-99  1.0000000E-99
  290  2.2560004E+05  1.0937248E+00  8.6769247E+02  3.0052787E+20  5.4229729E-01  1.0000000E-99  1.0000000E-99
  291  2.2638055E+05  1.0975088E+00  8.7069444E+02  2.9994707E+20  5.4816781E-01  1.0000000E-99  1.0000000E-99
  292  2.2716107E+05  1.1012928E+00  8.7369640E+02  2.9936313E+20  5.5410388E-01  1.0000000E-99  1.0000000E-99
  293  2.2794158E+05  1.1050768E+00  8.7669837E+02  2.9877604E+20  5.6010649E-01  1.0000000E-99  1.0000000E-99
  294  2.2872209E+05  1.1088607E+00  8.7970034E+02  2.9818577E+20  5.6617666E-01  1.0000000E-99  1.0000000E-99
  295  2.2950260E+05  1.1126447E+00  8.8270230E+02  2.9759230E+20  5.7231543E-01  1.0000000E-99  1.0000000E-99
  296  2.3028311E+05  1.1164287E+00  8.8570427E+02  2.9699562E+20  5.7852385E-01  1.0000000E-99  1.0000000E-99
  297  2.3106362E+05  1.1202126E+00  8.8870623E+02  2.9639571E+20  5.8480300E-01  1.0000000E-99  1.0000000E-99
  298  2.3184413E+05  1.1239966E+00  8.9170820E+02  2.9579255E+20  5.9115400E-01  1.0000000E-99  1.0000000E-99
  299  2.3262464E+05  1.1277806E+00  8.9471016E+02  2.9518611E+20  5.9757796E-01  1.0000000E-99  1.0000000E-99
  300  2.3340515E+05  1.1315646E+00  8.9771213E+02  2.9457638E+20  6.0407605E-01  1.0000000E-99  1.0000000E-99
  301  2.3418566E+05  1.1353485E+00  9.0071410E+02  2.9396333E+20  6.1064943E-01  1.0000000E-99  1.0000000E-99
  302  2.3496618E+05  1.1391325E+00  9.0371606E+02  2.9334695E+20  6.1729931E-01  1.0000000E-99  1.0000000E-99
  303  2.3574669E+05  1.1429165E+00  9.0671803E+02  2.9272722E+20  6.2402692E-01  1.0000000E-99  1.0000000E-99
  304  2.3652720E+05  1.1467005E+00  9.0971999E+02  2.9210410E+20  6.3083352E-01  1.0000000E-99  1.0000000E-99
  305  2.3730771E+05  1.1504844E+00  9.1272196E+02  2.9147759E+20  6.3772038E-01  1.0000000E-99  1.0000000E-99
  306  2.3808822E+05  1.1542684E+00  9.1572392E+02  2.9084766E+20  6.4468882E-01  1.0000000E-99  1.0000000E-99
  307  2.3886873E+05  1.1580524E+00  9.1872589E+02  2.9021429E+20  6.5174019E-01  1.0000000E-99  1.0000000E-99
  308  2.3964924E+05  1.1618363E+00  9.2172786E+02  2.8957745E+20  6.5887585E-01  1.0000000E-99  1.0000000E-99
  309  2.4042975E+05  1.1656203E+00  9.2472982E+02  2.8893712E+20  6.6609721E-01  1.0000000E-99  1.0000000E-99
  310  2.4121026E+05  1.1694043E+00  9.2773179E+02  2.8829328E+20  6.7340570E-01  1.0000000E-99  1.0000000E-99
  311  2.4199078E+05  1.1731883E+00  9.3073375E+02  2.8764591E+20  6.8080279E-01  1.0000000E-99  1.0000000E-99
  312  2.4277129E+05  1.1769722E+00  9.3373572E+02  2.8699497E+20  6.8828997E-01  1.0000000E-99  1.0000000E-99
  313  2.4355180E+05  1.1807562E+00  9.3673768E+02  2.8634046E+20  6.9586880E-01  1.0000000E-99  1.0000000E-99
  314  2.4433231E+05  1.1845402E+00  9.3973965E+02  2.8568233E+20  7.0354083E-01  1.0000000E-99  1.0000000E-99
  315  2.4511282E+05  1.1883242E+00  9.4274162E+02  2.8502058E+20  7.1130767E-01  1.0000000E-99  1.0000000E-99
  316  2.4589333E+05  1.1921081E+00  9.4574358E+02  2.8435516E+20  7.1917098E-01  1.0000000E-99  1.0000000E-99
  317  2.4667384E+05  1.1958921E+00  9.4874555E+02  2.8368606E+20  7.2713243E-01  1.0000000E-99  1.0000000E-99
  318  2.4745435E+05  1.1996761E+00  9.5174751E+02  2.8301325E+20  7.3519375E-01  1.0000000E-99  1.0000000E-99
  319  2.4823486E+05  1.2034600E+00  9.5474948E+02  2.8233670E+20  7.4335671E-01  1.0000000E-99  1.0000000E-99
  320  2.4901538E+05  1.2072440E+00  9.5775144E+02  2.8165639E+20  7.5162312E-01  1.0000000E-99  1.0000000E-99
  321  2.4979589E+05  1.2110280E+00  9.6075341E+02  2.8097229E+20  7.5999482E-01  1.0000000E-99  1.0000000E-99
  322  2.5057640E+05  1.2148120E+00  9.6375538E+02  2.8028437E+20  7.6847372E-01  1.0000000E-99  1.0000000E-99
  323  2.5135691E+05  1.2185959E+00  9.6675734E+02  2.7959261E+20  7.7706176E-01  1.0000000E-99  1.0000000E-99
  324  2.5213742E+05  1.2223799E+00  9.6975931E+02  2.7889696E+20  7.8576093E-01  1.0000000E-99  1.0000000E-99
  325  2.5291793E+05  1.2261639E+00  9.7276127E+02  2.7819742E+20  7.9457327E-01  1.0000000E-99  1.0000000E-99
  326  2.5369844E+05  1.2299478E+00  9.7576324E+02  2.7749394E+20  8.0350087E-01  1.0000000E-99  1.0000000E-99
  327  2.5447895E+05  1.2337318E+00  9.7876520E+02  2.7678649E+20  8.1254589E-01  1.0000000E-99  1.0000000E-99
  328  2.5525946E+05  1.2375158E+00  9.8176717E+02  2.7607505E+20  8.2171051E-01  1.0000000E-99  1.0000000E-99
  329  2.5603998E+05  1.2412998E+00  9.8476914E+02  2.7535958E+20  8.3099700E-01  1.0000000E-99  1.0000000E-99
  330  2.5682049E+05  1.2450837E+00  9.8777110E+02  2.7464006E+20  8.4040766E-01  1.0000000E-99  1.0000000E-99
  331  2.5760100E+05  1.2488677E+00  9.9077307E+02  2.7391645E+20  8.4994486E-01  1.0000000E-99  1.0000000E-99
  332  2.5838151E+05  1.2526517E+00  9.9377503E+02  2.7318872E+20  8.5961105E-01  1.0000000E-99  1.0000000E-99
  333  2.5916202E+05  1.2564357E+00  9.9677700E+02  2.7245683E+20  8.6940872E-01  1.0000000E-99  1.0000000E-99
  334  2.5994253E+05  1.2602196E+00  9.9977896E+02  2.7172075E+20  8.7934042E-01  1.0000000E-99  1.0000000E-99
  335  2.6072304E+05  1.2640036E+00  1.0027809E+03  2.7098046E+20  8.8940880E-01  1.0000000E-99  1.0000000E-99
  336  2.6150355E+05  1.2677876E+00  1.0057829E+03  2.7023590E+20  8.9961654E-01  1.0000000E-99  1.0000000E-99
  337  2.6228406E+05  1.2715715E+00  1.0087849E+03  2.6948706E+20  9.0996642E-01  1.0000000E-99  1.0000000E-99
  338  2.6306458E+05  1.2753555E+00  1.0117868E+03  2.6873388E+20  9.2046130E-01  1.0000000E-99  1.0000000E-99
  339  2.6384509E+05  1.2791395E+00  1.0147888E+03  2.6797634E+20  9.3110408E-01  1.0000000E-99  1.0000000E-99
  340  2.6462560E+05  1.2829235E+00  1.0177908E+03  2.6721440E+20  9.4189779E-01  1.0000000E-99  1.0000000E-99
  341  2.6540611E+05  1.2867074E+00  1.0207927E+03  2.6644802E+20  9.5284549E-01  1.0000000E-99  1.0000000E-99
  342  2.6618662E+05  1.2904914E+00  1.0237947E+03  2.6567716E+20  9.6395037E-01  1.0000000E-99  1.0000000E-99
  343  2.6696713E+05  1.2942754E+00  1.0267967E+03  2.6490179E+20  9.7521569E-01  1.0000000E-99  1.0000000E-99
  344  2.6774764E+05  1.2980594E+00  1.0297986E+03  2.6412185E+20  9.8664479E-01  1.0000000E-99  1.0000000E-99
  345  2.6852815E+05  1.3018433E+00  1.0328006E+03  2.6333732E+20  9.9824112E-01  1.0000000E-99  1.0000000E-99
  346  2.6930866E+05  1.3056273E+00  1.0358026E+03  2.6254816E+20  1.0100082E+00  1.0000000E-99  1.0000000E-99
  347  2.7008917E+05  1.3094113E+00  1.0388045E+03  2.6175431E+20  1.0219498E+00  1.0000000E-99  1.0000000E-99
  348  2.7086969E+05  1.3131952E+00  1.0418065E+03  2.6095574E+20  1.0340695E+00  1.0000000E-99  1.0000000E-99
  349  2.7165020E+05  1.3169792E+00  1.0448085E+03  2.6015240E+20  1.0463712E+00  1.0000000E-99  1.0000000E-99
  350  2.7243071E+05  1.3207632E+00  1.0478104E+03  2.5934425E+20  1.0588590E+00  1.0000000E-99  1.0000000E-99
  351  2.7321122E+05  1.3245472E+00  1.0508124E+03  2.5853124E+20  1.0715369E+00  1.0000000E-99  1.0000000E-99
  352  2.7399173E+05  1.3283311E+00  1.0538143E+03  2.5771334E+20  1.0844090E+00  1.0000000E-99  1.0000000E-99
  353  2.7477224E+05  1.3321151E+00  1.0568163E+03  2.5689048E+20  1.0974799E+00  1.0000000E-99  1.0000000E-99
  354  2.7555275E+05  1.3358991E+00  1.0598183E+03  2.5606263E+20  1.1107538E+00  1.0000000E-99  1.0000000E-99
  355  2.7633326E+05  1.3396831E+00  1.0628202E+03  2.5522973E+20  1.1242355E+00  1.0000000E-99  1.0000000E-99
  356  2.7711377E+05  1.3434670E+00  1.0658222E+03  2.5439174E+20  1.1379297E+00  1.0000000E-99  1.0000000E-99
  357  2.7789429E+05  1.3472510E+00  1.0688242E+03  2.5354860E+20  1.1518412E+00  1.0000000E-99  1.0000000E-99
  358  2.7867480E+05  1.3510350E+00  1.0718261E+03  2.5270027E+20  1.1659751E+00  1.0000000E-99  1.0000000E-99
  359  2.7945531E+05  1.3548189E+00  1.0748281E+03  2.5184668E+20  1.1803367E+00  1.0000000E-99  1.0000000E-99
  360  2.8023582E+05  1.3586029E+00  1.0778301E+03  2.5098780E+20  1.1949312E+00  1.0000000E-99  1.0000000E-99
  361  2.8101633E+05  1.3623869E+00  1.0808320E+03  2.5012356E+20  1.2097643E+00  1.0000000E-99  1.0000000E-99
  362  2.8179684E+05  1.3661709E+00  1.0838340E+03  2.4925390E+20  1.2248416E+00  1.0000000E-99  1.0000000E-99
  363  2.8257735E+05  1.3699548E+00  1.0868360E+03  2.4837877E+20  1.2401690E+00  1.0000000E-99  1.0000000E-99
  364  2.8335786E+05  1.3737388E+00  1.0898379E+03  2.4749812E+20  1.2557527E+00  1.0000000E-99  1.0000000E-99
  365  2.8413837E+05  1.3775228E+00  1.0928399E+03  2.4661188E+20  1.2715989E+00  1.0000000E-99  1.0000000E-99
  366  2.8491889E+05  1.3813067E+00  1.0958419E+03  2.4571999E+20  1.2877142E+00  1.0000000E-99  1.0000000E-99
  367  2.8569940E+05  1.3850907E+00  1.0988438E+03  2.4482239E+20  1.3041052E+00  1.0000000E-99  1.0000000E-99
  368  2.8647991E+05  1.3888747E+00  1.1018458E+03  2.4391902E+20  1.3207789E+00  1.0000000E-99  1.0000000E-99
  369  2.8726042E+05  1.3926587E+00  1.1048478E+03  2.4300981E+20  1.3377425E+00  1.0000000E-99  1.0000000E-99
  370  2.8804093E+05  1.3964426E+00  1.1078497E+03  2.4209470E+20  1.3550034E+00  1.0000000E-99  1.0000000E-99
  371  2.8882144E+05  1.4002266E+00  1.1108517E+03  2.4117362E+20  1.3725693E+00  1.0000000E-99  1.0000000E-99
  372  2.8960195E+05  1.4040106E+00  1.1138537E+03  2.4024650E+20  1.3904482E+00  1.0000000E-99  1.0000000E-99
  373  2.9038246E+05  1.4077946E+00  1.1168556E+03  2.3931327E+20  1.4086483E+00  1.0000000E-99  1.0000000E-99
  374  2.9116297E+05  1.4115785E+00  1.1198576E+03  2.3837386E+20  1.4271781E+00  1.0000000E-99  1.0000000E-99
  375  2.9194349E+05  1.4153625E+00  1.1228596E+03  2.3742820E+20  1.4460464E+00  1.0000000E-99  1.0000000E-99
  376  2.9272400E+05  1.4191465E+00  1.1258615E+03  2.3647621E+20  1.4652625E+00  1.0000000E-99  1.0000000E-99
  377  2.9350451E+05  1.4229304E+00  1.1288635E+03  2.3551782E+20  1.4848358E+00  1.0000000E-99  1.0000000E-99
  378  2.9428502E+05  1.4267144E+00  1.1318655E+03  2.3455294E+20  1.5047761E+00  1.0000000E-99  1.0000000E-99
  379  2.9506553E+05  1.4304984E+00  1.1348674E+03  2.3358149E+20  1.5250936E+00  1.0000000E-99  1.0000000E-99
  380  2.9584604E+05  1.4342824E+00  1.1378694E+03  2.3260340E+20  1.5457990E+00  1.0000000E-99  1.0000000E-99
  381  2.9662655E+05  1.4380663E+00  1.1408714E+03  2.3161858E+20  1.5669031E+00  1.0000000E-99  1.0000000E-99
  382  2.9740706E+05  1.4418503E+00  1.1438733E+03  2.3062694E+20  1.5884175E+00  1.0000000E-99  1.0000000E-99
  383  2.9818757E+05  1.4456343E+00  1.1468753E+03  2.2962840E+20  1.6103539E+00  1.0000000E-99  1.0000000E-99
  384  2.9896809E+05  1.4494183E+00  1.1498773E+03  2.2862286E+20  1.6327247E+00  1.0000000E-99  1.0000000E-99
  385  2.9974860E+05  1.4532022E+00  1.1528792E+03  2.2761023E+20  1.6555427E+00  1.0000000E-99  1.0000000E-99
  386  3.0052911E+05  1.4569862E+00  1.1558812E+03  2.2659042E+20  1.6788211E+00  1.0000000E-99  1.0000000E-99
  387  3.0130962E+05  1.4607702E+00  1.1588831E+03  2.2556333E+20  1.7025737E+00  1.0000000E-99  1.0000000E-99
  388  3.0209013E+05  1.4645541E+00  1.1618851E+03  2.2452885E+20  1.7268151E+00  1.0000000E-99  1.0000000E-99
  389  3.0287064E+05  1.4683381E+00  1.1648871E+03  2.2348690E+20  1.7515601E+00  1.0000000E-99  1.0000000E-99
  390  3.0365115E+05  1.4721221E+00  1.1678890E+03  2.2243735E+20  1.7768244E+00  1.0000000E-99  1.0000000E-99
  391  3.0443166E+05  1.4759061E+00  1.1708910E+03  2.2138011E+20  1.8026242E+00  1.0000000E-99  1.0000000E-99
  392  3.0521217E+05  1.4796900E+00  1.1738930E+03  2.2031506E+20  1.8289765E+00  1.0000000E-99  1.0000000E-99
  393  3.0599268E+05  1.4834740E+00  1.1768949E+03  2.1924209E+20  1.8558989E+00  1.0000000E-99  1.0000000E-99
  394  3.0677320E+05  1.4872580E+00  1.1798969E+03  2.1816108E+20  1.8834098E+00  1.0000000E-99  1.0000000E-99
  395  3.0755371E+05  1.4910420E+00  1.1828989E+03  2.1707191E+20  1.9115286E+00  1.0000000E-99  1.0000000E-99
  396  3.0833422E+05  1.4948259E+00  1.1859008E+03  2.1597447E+20  1.9402752E+00  1.0000000E-99  1.0000000E-99
  397  3.0911473E+05  1.4986099E+00  1.1889028E+03  2.1486861E+20  1.9696707E+00  1.0000000E-99  1.0000000E-99
  398  3.0989524E+05  1.5023939E+00  1.1919048E+03  2.1375421E+20  1.9997370E+00  1.0000000E-99  1.0000000E-99
  399  3.1067575E+05  1.5061778E+00  1.1949067E+03  2.1263115E+20  2.0304969E+00  1.0000000E-99  1.0000000E-99
  400  3.1145626E+05  1.5099618E+00  1.1979087E+03  2.1149927E+20  2.0619746E+00  1.0000000E-99  1.0000000E-99
  401  3.1223677E+05  1.5137458E+00  1.2009107E+03  2.1035843E+20  2.0941950E+00  1.0000000E-99  1.0000000E-99
  402  3.1301728E+05  1.5175298E+00  1.2039126E+03  2.0920850E+20  2.1271845E+00  1.0000000E-99  1.0000000E-99
  403  3.1379780E+05  1.5213137E+00  1.2069146E+03  2.0804932E+20  2.1609706E+00  1.0000000E-99  1.0000000E-99
  404  3.1457831E+05  1.5250977E+00  1.2099166E+03  2.0688073E+20  2.1955822E+00  1.0000000E-99  1.0000000E-99
  405  3.1535882E+05  1.5288817E+00  1.2129185E+03  2.0570257E+20  2.2310496E+00  1.0000000E-99  1.0000000E-99
  406  3.1613933E+05  1.5326656E+00  1.2159205E+03  2.0451468E+20  2.2674046E+00  1.0000000E-99  1.0000000E-99
  407  3.1691984E+05  1.5364496E+00  1.2189225E+03  2.0331689E+20  2.3046805E+00  1.0000000E-99  1.0000000E-99
  408  3.1770035E+05  1.5402336E+00  1.2219244E+03  2.0210902E+20  2.3429125E+00  1.0000000E-99  1.0000000E-99
  409  3.1848086E+05  1.5440176E+00  1.2249264E+03  2.0089088E+20  2.3821375E+00  1.0000000E-99  1.0000000E-99
  410  3.1926137E+05  1.5478015E+00  1.2279284E+03  1.9966231E+20  2.4223942E+00  1.0000000E-99  1.0000000E-99
  411  3.2004188E+05  1.5515855E+00  1.2309303E+03  1.9842308E+20  2.4637236E+00  1.0000000E-99  1.0000000E-99
  412  3.2082240E+05  1.5553695E+00  1.2339323E+03  1.9717302E+20  2.5061687E+00  1.0000000E-99  1.0000000E-99
  413  3.2160291E+05  1.5591535E+00  1.2369343E+03  1.9591190E+20  2.5497749E+00  1.0000000E-99  1.0000000E-99
  414  3.2238342E+05  1.5629374E+00  1.2399362E+03  1.9463952E+20  2.5945901E+00  1.0000000E-99  1.0000000E-99
  415  3.2316393E+05  1.5667214E+00  1.2429382E+03  1.9335565E+20  2.6406649E+00  1.0000000E-99  1.0000000E-99
  416  3.2394444E+05  1.5705054E+00  1.2459402E+03  1.9206007E+20  2.6880527E+00  1.0000000E-99  1.0000000E-99
  417  3.2472495E+05  1.5742893E+00  1.2489421E+03  1.9075252E+20  2.7368100E+00  1.0000000E-99  1.0000000E-99
  418  3.2550546E+05  1.5780733E+00  1.2519441E+03  1.8943278E+20  2.7869966E+00  1.0000000E-99  1.0000000E-99
  419  3.2628597E+05  1.5818573E+00  1.2549461E+03  1.8810057E+20  2.8386758E+00  1.0000000E-99  1.0000000E-99
  420  3.2706648E+05  1.5856413E+00  1.2579480E+03  1.8675563E+20  2.8919148E+00  1.0000000E-99  1.0000000E-99
  421  3.2784700E+05  1.5894252E+00  1.2609500E+03  1.8539769E+20  2.9467847E+00  1.0000000E-99  1.0000000E-99
  422  3.2862751E+05  1.5932092E+00  1.2639519E+03  1.8402645E+20  3.0033612E+00  1.0000000E-99  1.0000000E-99
  423  3.2940802E+05  1.5969932E+00  1.2669539E+03  1.8264162E+20  3.0617247E+00  1.0000000E-99  1.0000000E-99
  424  3.3018853E+05  1.6007772E+00  1.2699559E+03  1.8124289E+20  3.1219607E+00  1.0000000E-99  1.0000000E-99
  425  3.3096904E+05  1.6045611E+00  1.2729578E+03  1.7982993E+20  3.1841601E+00  1.0000000E-99  1.0000000E-99
  426  3.3174955E+05  1.6083451E+00  1.2759598E+03  1.7840240E+20  3.2484201E+00  1.0000000E-99  1.0000000E-99
  427  3.3253006E+05  1.6121291E+00  1.2789618E+03  1.7695996E+20  3.3148442E+00  1.0000000E-99  1.0000000E-99
  428  3.3331057E+05  1.6159130E+00  1.2819637E+03  1.7550222E+20  3.3835430E+00  1.0000000E-99  1.0000000E-99
  429  3.3409108E+05  1.6196970E+00  1.2849657E+03  1.7402882E+20  3.4546347E+00  1.0000000E-99  1.0000000E-99
  430  3.3487160E+05  1.6234810E+00  1.2879677E+03  1.7253934E+20  3.5282461E+00  1.0000000E-99  1.0000000E-99
  431  3.3565211E+05  1.6272650E+00  1.2909696E+03  1.7103338E+20  3.6045128E+00  1.0000000E-99  1.0000000E-99
  432  3.3643262E+05  1.6310489E+00  1.2939716E+03  1.6951047E+20  3.6835805E+00  1.0000000E-99  1.0000000E-99
  433  3.3721313E+05  1.6348329E+00  1.2969736E+03  1.6797018E+20  3.7656058E+00  1.0000000E-99  1.0000000E-99
  434  3.3799364E+05  1.6386169E+00  1.2999755E+03  1.6641201E+20  3.8507569E+00  1.0000000E-99  1.0000000E-99
  435  3.3877415E+05  1.6424009E+00  1.3029775E+03  1.6483546E+20  3.9392154E+00  1.0000000E-99  1.0000000E-99
  436  3.3955466E+05  1.6461848E+00  1.3059795E+03  1.6324000E+20  4.0311770E+00  1.0000000E-99  1.0000000E-99
  437  3.4033517E+05  1.6499688E+00  1.3089814E+03  1.6162506E+20  4.1268532E+00  1.0000000E-99  1.0000000E-99
  438  3.4111568E+05  1.6537528E+00  1.3119834E+03  1.5999005E+20  4.2264729E+00  1.0000000E-99  1.0000000E-99
  439  3.4189619E+05  1.6575367E+00  1.3149854E+03  1.5833436E+20  4.3302842E+00  1.0000000E-99  1.0000000E-99
  440  3.4267671E+05  1.6613207E+00  1.3179873E+03  1.5665733E+20  4.4385566E+00  1.0000000E-99  1.0000000E-99
  441  3.4345722E+05  1.6651047E+00  1.3209893E+03  1.5495826E+20  4.5515829E+00  1.0000000E-99  1.0000000E-99
  442  3.4423773E+05  1.6688887E+00  1.3239913E+03  1.5323642E+20  4.6696824E+00  1.0000000E-99  1.0000000E-99
  443  3.4501824E+05  1.6726726E+00  1.3269932E+03  1.5149104E+20  4.7932034E+00  1.0000000E-99  1.0000000E-99
  444  3.4579875E+05  1.6764566E+00  1.3299952E+03  1.4972129E+20  4.9225271E+00  1.0000000E-99  1.0000000E-99
  445  3.4657926E+05  1.6802406E+00  1.3329972E+03  1.4792629E+20  5.0580712E+00  1.0000000E-99  1.0000000E-99
  446  3.4735977E+05  1.6840245E+00  1.3359991E+03  1.4610513E+20  5.2002944E+00  1.0000000E-99  1.0000000E-99
  447  3.4814028E+05  1.6878085E+00  1.3390011E+03  1.4425680E+20  5.3497016E+00  1.0000000E-99  1.0000000E-99
  448  3.4892079E+05  1.6915925E+00  1.3420031E+03  1.4238025E+20  5.5068502E+00  1.0000000E-99  1.0000000E-99
  449  3.4970131E+05  1.6953765E+00  1.3450050E+03  1.4047434E+20  5.6723566E+00  1.0000000E-99  1.0000000E-99
  450  3.5048182E+05  1.6991604E+00  1.3480070E+03  1.3853787E+20  5.8469043E+00  1.0000000E-99  1.0000000E-99
  451  3.5126233E+05  1.7029444E+00  1.3510090E+03  1.3656954E+20  6.0312537E+00  1.0000000E-99  1.0000000E-99
  452  3.5204284E+05  1.7067284E+00  1.3540109E+03  1.3456794E+20  6.2262527E+00  1.0000000E-99  1.0000000E-99
  453  3.5282335E+05  1.7105124E+00  1.3570129E+03  1.3253158E+20  6.4328503E+00  1.0000000E-99  1.0000000E-99
  454  3.5360386E+05  1.7142963E+00  1.3600149E+03  1.3045881E+20  6.6521112E+00  1.0000000E-99  1.0000000E-99
  455  3.5438437E+05  1.7180803E+00  1.3630168E+03  1.2834788E+20  6.8852350E+00  1.0000000E-99  1.0000000E-99
  456  3.5516488E+05  1.7218643E+00  1.3660188E+03  1.2619688E+20  7.1335774E+00  1.0000000E-99  1.0000000E-99
  457  3.5594539E+05  1.7256482E+00  1.3690207E+03  1.2400372E+20  7.3986772E+00  1.0000000E-99  1.0000000E-99
  458  3.5672591E+05  1.7294322E+00  1.3720227E+03  1.2176611E+20  7.6822877E+00  1.0000000E-99  1.0000000E-99
  459  3.5750642E+05  1.7332162E+00  1.3750247E+03  1.1948157E+20  7.9864157E+00  1.0000000E-99  1.0000000E-99
  460  3.5828693E+05  1.7370002E+00  1.3780266E+03  1.1714734E+20  8.3133692E+00  1.0000000E-99  1.0000000E-99
  461  3.5906744E+05  1.7407841E+00  1.3810286E+03  1.1476040E+20  8.6658155E+00  1.0000000E-99  1.0000000E-99
  462  3.5984795E+05  1.7445681E+00  1.3840306E+03  1.1231738E+20  9.0468549E+00  1.0000000E-99  1.0000000E-99
  463  3.6062846E+05  1.7483521E+00  1.3870325E+03  1.0981455E+20  9.4601114E+00  1.0000000E-99  1.0000000E-99
  464  3.6140897E+05  1.7521361E+00  1.3900345E+03  1.0724771E+20  9.9098486E+00  1.0000000E-99  1.0000000E-99
  465  3.6218948E+05  1.7559200E+00  1.3930365E+03  1.0461215E+20  1.0401117E+01  1.0000000E-99  1.0000000E-99
  466  3.6296999E+05  1.7597040E+00  1.3960384E+03  1.0190255E+20  1.0939947E+01  1.0000000E-99  1.0000000E-99
  467  3.6375051E+05  1.7634880E+00  1.3990404E+03  9.9112818E+19  1.1533591E+01  1.0000000E-99  1.0000000E-99
  468  3.6453102E+05  1.7672719E+00  1.4020424E+03  9.6236001E+19  1.2190861E+01  1.0000000E-99  1.0000000E-99
  469  3.6531153E+05  1.7710559E+00  1.4050443E+03  9.3264036E+19  1.2922562E+01  1.0000000E-99  1.0000000E-99
  470  3.6609204E+05  1.7748399E+00  1.4080463E+03  9.0187517E+19  1.3742094E+01  1.0000000E-99  1.0000000E-99
  471  3.6687255E+05  1.7786239E+00  1.4110483E+03  8.6995352E+19  1.4666279E+01  1.0000000E-99  1.0000000E-99
  472  3.6765306E+05  1.7824078E+00  1.4140502E+03  8.3674308E+19  1.5716533E+01  1.0000000E-99  1.0000000E-99
  473  3.6843357E+05  1.7861918E+00  1.4170522E+03  8.0208376E+19  1.6920542E+01  1.0000000E-99  1.0000000E-99
  474  3.6921408E+05  1.7899758E+00  1.4200542E+03  7.6577887E+19  1.8314746E+01  1.0000000E-99  1.0000000E-99
  475  3.6999459E+05  1.7937598E+00  1.4230561E+03  7.2758210E+19  1.9948094E+01  1.0000000E-99  1.0000000E-99
  476  3.7077511E+05  1.7975437E+00  1.4260581E+03  6.8717806E+19  2.1887923E+01  1.0000000E-99  1.0000000E-99
  477  3.7155562E+05  1.8013277E+00  1.4290601E+03  6.4415154E+19  2.4229493E+01  1.0000000E-99  1.0000000E-99
  478  3.7233613E+05  1.8051117E+00  1.4320620E+03  5.9793665E+19  2.7112155E+01  1.0000000E-99  1.0000000E-99
  479  3.7311664E+05  1.8088956E+00  1.4350640E+03  5.4772695E+19  3.0748235E+01  1.0000000E-99  1.0000000E-99
  480  3.7389715E+05  1.8126796E+00  1.4380660E+03  4.9230165E+19  3.5478109E+01  1.0000000E-99  1.0000000E-99
  481  3.7467766E+05  1.8164636E+00  1.4410679E+03  4.2964701E+19  4.1884150E+01  1.0000000E-99  1.0000000E-99
  482  3.7545817E+05  1.8202476E+00  1.4440699E+03  3.5596590E+19  5.1053296E+01  1.0000000E-99  1.0000000E-99
  483  3.7623868E+05  1.8240315E+00  1.4470719E+03  2.6211910E+19  6.5278838E+01  1.0000000E-99  1.0000000E-99
  484  3.7701919E+05  1.8278155E+00  1.4500738E+03  1.0286231E+19  9.0403759E+01  1.0000000E-99  1.0000000E-99
  485  3.7779970E+05  1.8315995E+00  1.4530758E+03  2.1507633E-06  1.4736894E+02  1.0000000E-99  1.0000000E-99
  486  3.7858022E+05  1.8353834E+00  1.4560778E+03  2.1507633E-06  1.4736894E+02  1.0000000E-99  1.0000000E-99
  487  3.7936073E+05  1.8391674E+00  1.4590797E+03  2.1507633E-06  1.0000000E-99  1.0000000E-99  1.0000000E-99
  488  3.8014124E+05  1.8429514E+00  1.4620817E+03  2.1507633E-06  1.0000000E-99  1.0000000E-99  1.0000000E-99
  489  3.8092175E+05  1.8467354E+00  1.4650837E+03  2.1507633E-06  1.0000000E-99  1.0000000E-99  1.0000000E-99
  490  3.8170226E+05  1.8505193E+00  1.4680856E+03  2.1507633E-06  1.0000000E-99  1.0000000E-99  1.0000000E-99
  491  3.8248277E+05  1.8543033E+00  1.4710876E+03  2.1507633E-06  1.0000000E-99  1.0000000E-99  1.0000000E-99
  492  3.8326328E+05  1.8580873E+00  1.4740895E+03  2.1507633E-06  1.0000000E-99  1.0000000E-99  1.0000000E-99
  493  3.8404379E+05  1.8618713E+00  1.4770915E+03  2.1507633E-06  1.0000000E-99  1.0000000E-99  1.0000000E-99
  494  3.8482430E+05  1.8656552E+00  1.4800935E+03  2.1507633E-06  1.0000000E-99  1.0000000E-99  1.0000000E-99
  495  3.8560482E+05  1.8694392E+00  1.4830954E+03  2.1507633E-06  1.0000000E-99  1.0000000E-99  1.0000000E-99
  496  3.8638533E+05  1.8732232E+00  1.4860974E+03  2.1507633E-06  1.0000000E-99  1.0000000E-99  1.0000000E-99
  497  3.8716584E+05  1.8770071E+00  1.4890994E+03  2.1507633E-06  1.0000000E-99  1.0000000E-99  1.0000000E-99
  498  3.8794635E+05  1.8807911E+00  1.4921013E+03  2.1507633E-06  1.0000000E-99  1.0000000E-99  1.0000000E-99
  499  3.8872686E+05  1.8845751E+00  1.4951033E+03  2.1507633E-06  1.0000000E-99  1.0000000E-99  1.0000000E-99
  500  3.8950737E+05  1.8883591E+00  1.4981053E+03  2.1507633E-06  1.0000000E-99  1.0000000E-99  1.0000000E-99
  501  3.9028788E+05  1.8921430E+00  1.5011072E+03  2.1507633E-06  1.0000000E-99  1.0000000E-99  1.0000000E-99
  502  3.9106839E+05  1.8959270E+00  1.5041092E+03  2.1507633E-06  1.0000000E-99  1.0000000E-99  1.0000000E-99
  503  3.9184890E+05  1.8997110E+00  1.5071112E+03  2.1507633E-06  1.0000000E-99  1.0000000E-99  1.0000000E-99
  504  3.9262942E+05  1.9034950E+00  1.5101131E+03  2.1507633E-06  1.0000000E-99  1.0000000E-99  1.0000000E-99
  505  3.9340993E+05  1.9072789E+00  1.5131151E+03  2.1507633E-06  1.0000000E-99  1.0000000E-99  1.0000000E-99
  506  3.9419044E+05  1.9110629E+00  1.5161171E+03  2.1507633E-06  1.0000000E-99  1.0000000E-99  1.0000000E-99
  507  3.9497095E+05  1.9148469E+00  1.5191190E+03  2.1507633E-06  1.0000000E-99  1.0000000E-99  1.0000000E-99
  508  3.9575146E+05  1.9186308E+00  1.5221210E+03  2.1507633E-06  1.0000000E-99  1.0000000E-99  1.0000000E-99
  509  3.9653197E+05  1.9224148E+00  1.5251230E+03  2.1507633E-06  1.0000000E-99  1.0000000E-99  1.0000000E-99
  510  3.9731248E+05  1.9261988E+00  1.5281249E+03  2.1507633E-06  1.0000000E-99  1.0000000E-99  1.0000000E-99
  511  3.9809299E+05  1.9299828E+00  1.5311269E+03  2.1507633E-06  1.0000000E-99  1.0000000E-99  1.0000000E-99
  512  3.9887350E+05  1.9337667E+00  1.5341289E+03  2.1507633E-06  1.0000000E-99  1.0000000E-99  1.0000000E-99
  513  3.9965402E+05  1.9375507E+00  1.5371308E+03  2.1507633E-06  1.0000000E-99  1.0000000E-99  1.0000000E-99
  514  4.0043453E+05  1.9413347E+00  1.5401328E+03  2.1507633E-06  1.0000000E-99  1.0000000E-99  1.0000000E-99
  515  4.0121504E+05  1.9451187E+00  1.5431348E+03  2.1507633E-06  1.0000000E-99  1.0000000E-99  1.0000000E-99
  516  4.0199555E+05  1.9489026E+00  1.5461367E+03  2.1507633E-06  1.0000000E-99  1.0000000E-99  1.0000000E-99
  517  4.0277606E+05  1.9526866E+00  1.5491387E+03  2.1507633E-06  1.0000000E-99  1.0000000E-99  1.0000000E-99
  518  4.0355657E+05  1.9564706E+00  1.5521407E+03  2.1507633E-06  1.0000000E-99  1.0000000E-99  1.0000000E-99
  519  4.0433708E+05  1.9602545E+00  1.5551426E+03  2.1507633E-06  1.0000000E-99  1.0000000E-99  1.0000000E-99
  520  4.0511759E+05  1.9640385E+00  1.5581446E+03  2.1507633E-06  1.0000000E-99  1.0000000E-99  1.0000000E-99
  521  4.0589810E+05  1.9678225E+00  1.5611466E+03  2.1507633E-06  1.0000000E-99  1.0000000E-99  1.0000000E-99
  522  4.0667861E+05  1.9716065E+00  1.5641485E+03  2.1507633E-06  1.0000000E-99  1.0000000E-99  1.0000000E-99
  523  4.0745913E+05  1.9753904E+00  1.5671505E+03  2.1507633E-06  1.0000000E-99  1.0000000E-99  1.0000000E-99
  524  4.0823964E+05  1.9791744E+00  1.5701525E+03  2.1507633E-06  1.0000000E-99  1.0000000E-99  1.0000000E-99
  525  4.0902015E+05  1.9829584E+00  1.5731544E+03  2.1507633E-06  1.0000000E-99  1.0000000E-99  1.0000000E-99
  526  4.0980066E+05  1.9867424E+00  1.5761564E+03  2.1507633E-06  1.0000000E-99  1.0000000E-99  1.0000000E-99
  527  4.1058117E+05  1.9905263E+00  1.5791583E+03  2.1507633E-06  1.0000000E-99  1.0000000E-99  1.0000000E-99
  528  4.1136168E+05  1.9943103E+00  1.5821603E+03  2.1507633E-06  1.0000000E-99  1.0000000E-99  1.0000000E-99
  529  4.1214219E+05  1.9980943E+00  1.5851623E+03  2.1507633E-06  1.0000000E-99  1.0000000E-99  1.0000000E-99
  530  4.1292270E+05  2.0018782E+00  1.5881642E+03  2.1507633E-06  1.0000000E-99  1.0000000E-99  1.0000000E-99
  531  4.1370321E+05  2.0056622E+00  1.5911662E+03  2.1507633E-06  1.0000000E-99  1.0000000E-99  1.0000000E-99
