! Date: 14/08/2026  Time: 14:39:51  Created by RADMC3D compiled on Aug 14 2026 12:46    
! Alexander Men’shchikov, DAp IRFU CEA Saclay, France                         
!
! PROFILES OF DENSITIES & TEMPERATURES
!
! Note: radii in this table are cell-centered
!
! Distance (pc): 2.60000000E+02  Mass-averaged Tdust (K): 1.42640542E+01
!
!   N    RADIUS(cm)    RELZONESIZE     RADIUS(au)     RADIUS(pc)     RADIUS(as)    DENS(g/cm^3)  NUMDEN(1/cm^3)   DENSDUST       NUMDENDUST     MASSFRAC      TEMPERATURE
!
    1  9.3722278E+14  1.0765071E+00  6.2649473E+01  3.0372904E-04  2.4095951E-01  4.9189577E-19  1.0579514E+05  4.9189577E-21  1.0579514E+03       Infinity  5.1151674E+00
    2  2.0138886E+15  5.6825616E-01  1.3462014E+02  6.5264787E-04  5.1776976E-01  4.9159982E-19  1.0573149E+05  4.9159982E-21  1.0573149E+03       Infinity  5.0349206E+00
    3  3.2351279E+15  4.0124348E-01  2.1625494E+02  1.0484191E-03  8.3174977E-01  4.9101336E-19  1.0560535E+05  4.9101336E-21  1.0560535E+03       Infinity  6.1551833E+00
    4  4.6203538E+15  3.1867211E-01  3.0885157E+02  1.4973341E-03  1.1878907E+00  4.9002493E-19  1.0539277E+05  4.9002493E-21  1.0539277E+03       Infinity  9.4043458E+00
    5  6.1915862E+15  2.6973493E-01  4.1388198E+02  2.0065289E-03  1.5918538E+00  4.8848928E-19  1.0506248E+05  4.8848928E-21  1.0506248E+03       Infinity  8.9458252E+00
    6  7.9738020E+15  2.3757105E-01  5.3301574E+02  2.5840977E-03  2.0500606E+00  4.8621718E-19  1.0457381E+05  4.8621718E-21  1.0457381E+03       Infinity  9.1586693E+00
    7  9.9953318E+15  2.1497185E-01  6.6814666E+02  3.2392219E-03  2.5697948E+00  4.8305051E-19  1.0389273E+05  4.8305051E-21  1.0389273E+03       Infinity  9.3075298E+00
    8  1.2288310E+16  1.9833825E-01  8.2142280E+02  3.9823154E-03  3.1593185E+00  4.7860172E-19  1.0293590E+05  4.7860172E-21  1.0293590E+03       Infinity  8.9027815E+00
    9  1.4889187E+16  1.8567246E-01  9.9528070E+02  4.8251907E-03  3.8280027E+00  4.7256364E-19  1.0163726E+05  4.7256364E-21  1.0163726E+03       Infinity  8.9454297E+00
   10  1.7839307E+16  1.7577631E-01  1.1924840E+03  5.7812463E-03  4.5864770E+00  4.6451753E-19  9.9906728E+04  4.6451753E-21  9.9906728E+02       Infinity  8.9006624E+00
   11  2.1185566E+16  1.6788740E-01  1.4161676E+03  6.8656799E-03  5.4467985E+00  4.5398506E-19  9.7641442E+04  4.5398506E-21  9.7641442E+02       Infinity  8.8797114E+00
   12  2.4981156E+16  1.6149738E-01  1.6698872E+03  8.0957301E-03  6.4226429E+00  4.4045060E-19  9.4730500E+04  4.4045060E-21  9.4730500E+02       Infinity  9.1297065E+00
   13  2.9286414E+16  1.5625419E-01  1.9576759E+03  9.4909501E-03  7.5295227E+00  4.2339672E-19  9.1062615E+04  4.2339672E-21  9.1062615E+02       Infinity  9.0884972E+00
   14  3.4169778E+16  1.5190622E-01  2.2841086E+03  1.1073519E-02  8.7850330E+00  4.0237338E-19  8.6540992E+04  4.0237338E-21  8.6540992E+02       Infinity  9.1692989E+00
   15  3.9708874E+16  1.4826887E-01  2.6543743E+03  1.2868593E-02  1.0209132E+01  3.7709215E-19  8.1103598E+04  3.7709215E-21  8.1103598E+02       Infinity  9.3898018E+00
   16  4.5991753E+16  1.4520362E-01  3.0743588E+03  1.4904707E-02  1.1824457E+01  3.4754424E-19  7.4748541E+04  3.4754424E-21  7.4748541E+02       Infinity  9.6127865E+00
   17  5.3118291E+16  1.4260447E-01  3.5507384E+03  1.7214229E-02  1.3656686E+01  3.1411625E-19  6.7558972E+04  3.1411625E-21  6.7558972E+02       Infinity  9.6841474E+00
   18  6.1201771E+16  1.4038900E-01  4.0910857E+03  1.9833871E-02  1.5734945E+01  2.7765898E-19  5.9717876E+04  2.7765898E-21  5.9717876E+02       Infinity  9.8392192E+00
   19  7.0370693E+16  1.3849213E-01  4.7039903E+03  2.2805275E-02  1.8092270E+01  2.3948308E-19  5.1507144E+04  2.3948308E-21  5.1507144E+02       Infinity  1.0023693E+01
   20  8.0770807E+16  1.3686183E-01  5.3991950E+03  2.6175676E-02  2.0766134E+01  2.0122470E-19  4.3278671E+04  2.0122470E-21  4.3278671E+02       Infinity  1.0364368E+01
   21  9.2567436E+16  1.3545604E-01  6.1877509E+03  2.9998651E-02  2.3799042E+01  1.6460905E-19  3.5403512E+04  1.6460905E-21  3.5403512E+02       Infinity  1.0704772E+01
   22  1.0594810E+17  1.3424041E-01  7.0821933E+03  3.4334970E-02  2.7239205E+01  1.3116257E-19  2.8209966E+04  1.3116257E-21  2.8209966E+02       Infinity  1.1134330E+01
   23  1.2112551E+17  1.3318664E-01  8.0967404E+03  3.9253566E-02  3.1141309E+01  1.0197236E-19  2.1931841E+04  1.0197236E-21  2.1931841E+02       Infinity  1.1666329E+01
   24  1.3834093E+17  1.3227125E-01  9.2475198E+03  4.4832625E-02  3.5567384E+01  7.7563467E-20  1.6682066E+04  7.7563467E-22  1.6682066E+02       Infinity  1.2229256E+01
   25  1.5786801E+17  1.3147460E-01  1.0552825E+04  5.1160834E-02  4.0587787E+01  5.7926787E-20  1.2458681E+04  5.7926787E-22  1.2458681E+02       Infinity  1.2830076E+01
   26  1.8001716E+17  1.3078018E-01  1.2033404E+04  5.8338787E-02  4.6282323E+01  4.2646532E-20  9.1722599E+03  4.2646532E-22  9.1722599E+01       Infinity  1.3528356E+01
   27  2.0514048E+17  1.3017402E-01  1.3712794E+04  6.6480588E-02  5.2741516E+01  3.1079300E-20  6.6844220E+03  3.1079300E-22  6.6844220E+01       Infinity  1.4260237E+01
   28  2.3363733E+17  1.2964426E-01  1.5617691E+04  7.5715661E-02  6.0068042E+01  2.2509299E-20  4.8412176E+03  2.2509299E-22  4.8412176E+01       Infinity  1.5080029E+01
   29  2.6596070E+17  1.2918078E-01  1.7778375E+04  8.6190809E-02  6.8378365E+01  1.6259907E-20  3.4971213E+03  1.6259907E-22  3.4971213E+01       Infinity  1.5938001E+01
   30  3.0262443E+17  1.2877490E-01  2.0229193E+04  9.8072549E-02  7.7804590E+01  1.1750841E-20  2.5273279E+03  1.1750841E-22  2.5273279E+01       Infinity  1.6843173E+01
   31  3.4421131E+17  1.2841919E-01  2.3009105E+04  1.1154975E-01  8.8496557E+01  8.5173104E-21  1.8318719E+03  8.5173104E-23  1.8318719E+01       Infinity  1.7772292E+01
   32  3.9001477E+17  1.2154308E-01  2.6070877E+04  1.2639344E-01  1.0027261E+02  6.2575865E-21  1.3458588E+03  6.2575865E-23  1.3458588E+01       Infinity  1.8806947E+01
   33  4.1508423E+17  6.5897839E-03  2.7746667E+04  1.3451779E-01  1.0671795E+02  7.0239995E-23  1.5106961E+01  7.0239995E-25  1.5106961E-01       Infinity  1.9483058E+01
   34  4.4488764E+17  1.2783342E-01  2.9738902E+04  1.4417628E-01  1.1438039E+02  7.0239995E-23  1.5106961E+01  7.0239995E-25  1.5106961E-01       Infinity  1.9822092E+01
   35  5.0557747E+17  1.2759301E-01  3.3795766E+04  1.6384425E-01  1.2998372E+02  7.0239995E-23  1.5106961E+01  7.0239995E-25  1.5106961E-01       Infinity  2.0111300E+01
   36  5.7448145E+17  1.2759301E-01  3.8401713E+04  1.8617420E-01  1.4769890E+02  7.0239995E-23  1.5106961E+01  7.0239995E-25  1.5106961E-01       Infinity  2.0281647E+01
   37  6.6194049E+17  1.5351570E-01  4.4247989E+04  2.1451735E-01  1.7018457E+02  7.0239995E-23  1.5106961E+01  7.0239995E-25  1.5106961E-01       Infinity  2.0394317E+01
   38  7.8368795E+17  1.8103721E-01  5.2386304E+04  2.5397248E-01  2.0148578E+02  7.0239995E-23  1.5106961E+01  7.0239995E-25  1.5106961E-01       Infinity  2.0484993E+01
   39  9.5410097E+17  2.0852024E-01  6.3777711E+04  3.0919882E-01  2.4529889E+02  7.0239995E-23  1.5106961E+01  7.0239995E-25  1.5106961E-01       Infinity  2.0554971E+01
   40  1.1930248E+18  2.3377410E-01  7.9748782E+04  3.8662769E-01  3.0672609E+02  7.0239995E-23  1.5106961E+01  7.0239995E-25  1.5106961E-01       Infinity  2.0609007E+01
   41  1.5265863E+18  2.5430900E-01  1.0204599E+05  4.9472612E-01  3.9248457E+02  7.0239995E-23  1.5106961E+01  7.0239995E-25  1.5106961E-01       Infinity  2.0645492E+01
   42  1.9866892E+18  2.6777278E-01  1.3280197E+05  6.4383328E-01  5.1077682E+02  7.0239995E-23  1.5106961E+01  7.0239995E-25  1.5106961E-01       Infinity  2.0676152E+01
   43  2.6079740E+18  2.7246756E-01  1.7433230E+05  8.4517521E-01  6.7050884E+02  7.0239995E-23  1.5106961E+01  7.0239995E-25  1.5106961E-01       Infinity  2.0705818E+01
   44  3.4213389E+18  2.6777278E-01  2.2870238E+05  1.1087652E+00  8.7962454E+02  7.0239995E-23  1.5106961E+01  7.0239995E-25  1.5106961E-01       Infinity  2.0745131E+01
   45  4.4445548E+18  2.5430900E-01  2.9710014E+05  1.4403623E+00  1.1426928E+03  7.0239995E-23  1.5106961E+01  7.0239995E-25  1.5106961E-01       Infinity  2.0801680E+01
   46  5.6727737E+18  2.3377410E-01  3.7920150E+05  1.8383955E+00  1.4584673E+03  7.0239995E-23  1.5106961E+01  7.0239995E-25  1.5106961E-01       Infinity  2.0888980E+01
   47  7.0733118E+18  2.0852024E-01  4.7282169E+05  2.2922727E+00  1.8185450E+03  7.0239995E-23  1.5106961E+01  7.0239995E-25  1.5106961E-01       Infinity  2.1015337E+01
   48  8.5881649E+18  1.8103721E-01  5.7408336E+05  2.7831964E+00  2.2080129E+03  7.0239995E-23  1.5106961E+01  7.0239995E-25  1.5106961E-01       Infinity  2.1192273E+01
   49  1.0144201E+19  1.5351570E-01  6.7809792E+05  3.2874663E+00  2.6080689E+03  7.0239995E-23  1.5106961E+01  7.0239995E-25  1.5106961E-01       Infinity  2.1435162E+01
   50  1.1667172E+19  1.2759301E-01  7.7990230E+05  3.7810211E+00  2.9996242E+03  7.0239995E-23  1.5106961E+01  7.0239995E-25  1.5106961E-01       Infinity  2.1785712E+01
