! mass-weighted dust temperature of the middle part of the cylinder, |z| < 2.032 pc, against R
!        R(AU)    cells   frac T=0       T(K)     rms(K)
   5.17570e-02        2      0.500    10.1039     0.0000
   1.03269e-01        8      0.875     9.3383     0.0000
   1.08136e-01        8      0.875     9.2365     0.0000
   1.13232e-01        6      0.833     9.1383     0.0000
   1.24156e-01        8      0.875     9.0447     0.0000
   1.30008e-01        8      0.875     8.9521     0.0000
   1.36135e-01        8      0.875     8.8626     0.0000
   1.42551e-01        6      0.833     8.7763     0.0000
   1.49269e-01        8      0.875     8.6900     0.0000
   1.56304e-01        8      0.875     8.6073     0.0000
   1.63670e-01        8      0.875     8.5253     0.0000
   1.71384e-01        6      0.833     8.4450     0.0000
   1.87918e-01        8      0.875     8.3670     0.0000
   1.96775e-01        8      0.875     8.2886     0.0000
   2.06048e-01       10      0.900     8.2135     0.0000
   2.15759e-01       14      0.929     8.1375     0.0000
   2.25928e-01       20      0.950     8.0640     0.0000
   2.36575e-01       24      0.958     7.9909     0.0000
   2.47725e-01       30      0.967     7.9188     0.0000
   2.59400e-01       32      0.969    18.2285     0.0000
   2.71625e-01       40      0.950     7.9956     1.2856
   2.84426e-01       44      0.955     7.9044     1.1073
   2.97831e-01       50      0.960     7.8273     1.0291
   3.11867e-01       54      0.926    10.7852     2.7135
   3.26565e-01       60      0.967     7.6807     0.9413
   3.41955e-01       62      0.984     7.5052     0.0000
   3.58071e-01       68      0.971     7.5343     0.8735
   3.74946e-01       76      0.974     7.4660     0.8501
   3.92617e-01       74      0.986    15.0332     0.0000
   4.11121e-01       86      0.965    16.1648     6.0891
   4.30496e-01       88      0.977    10.6565     0.4518
   4.50785e-01       90      0.978    11.1010     0.3789
   4.72030e-01      102      0.971     6.2121     2.6277
   4.94276e-01      100      0.990     9.8042     0.0000
   5.17570e-01      110      0.982     9.5879     0.4859
   5.41963e-01      110      0.964     9.2570     0.8382
   5.67504e-01      118      0.958    10.0104     2.4960
   5.94250e-01      122      0.967     4.9036     2.7534
   6.22256e-01      128      0.953     9.0182     2.1651
   6.51582e-01      132      0.947     6.7424     1.6785
   6.82290e-01      136      0.926     8.9095     2.8186
   7.14446e-01      146      0.938     8.1034     1.5541
   7.48117e-01      144      0.944     6.6381     2.7656
   7.83374e-01      152      0.934     7.8864     1.9929
   8.20293e-01      158      0.937     7.4897     1.8899
   8.58953e-01      160      0.963    13.5853     3.8968
   8.99434e-01      166      0.940     6.7873     3.2665
   9.41823e-01      174      0.937     9.2053     2.6092
   9.86210e-01      174      0.937     6.6712     3.3069
   1.03269e+00      182      0.929     7.9098     2.0466
   1.08136e+00      188      0.936     5.6585     3.8410
   1.13232e+00      188      0.920     7.8973     1.9935
   1.18568e+00      196      0.893     4.4196     1.7995
   1.24156e+00      200      0.920     9.7402     0.9066
   1.30008e+00      206      0.898     8.0682     2.5201
   1.36135e+00      210      0.886     7.6052     2.3418
   1.42551e+00      216      0.870    10.4333     1.8608
   1.49269e+00      220      0.859     6.4057     3.0726
   1.56304e+00      228      0.868     9.1139     2.1908
   1.63670e+00      228      0.855     9.7254     1.3451
   1.71384e+00      234      0.838     7.8064     1.8973
   1.79461e+00      244      0.848     6.0655     2.0533
   1.87918e+00      240      0.842     8.5092     0.7891
   1.96775e+00      250      0.824     5.8190     2.3577
   2.06048e+00      258      0.829     8.5764     1.6095
   2.15759e+00      256      0.816     7.2574     2.3862
   2.25928e+00      266      0.789     7.0370     1.9892
   2.36575e+00      270      0.807     8.2331     1.8207
   2.47725e+00      272      0.798     8.2763     0.9557
   2.59400e+00      282      0.780     7.4100     0.9841
   2.71625e+00      280      0.782     7.6265     1.1371
   2.84426e+00      290      0.766     7.4579     2.5075
   2.97831e+00      296      0.767     6.3484     2.1183
   3.11867e+00      296      0.747     7.2004     1.4390
   3.26565e+00      306      0.725     7.5383     1.7709
   3.41955e+00      308      0.711     7.9783     1.4761
   3.58071e+00      312      0.699     7.4377     1.1911
   3.74946e+00      318      0.676     8.0740     1.8858
   3.92617e+00      326      0.675     7.0992     1.1227
   4.11121e+00      324      0.645     7.0667     1.6650
   4.30496e+00      334      0.623     7.4838     1.1020
   4.50785e+00      340      0.594     7.3049     1.3574
   4.72030e+00      342      0.561     8.3232     1.2765
   4.94276e+00      348      0.537     8.2693     1.6593
   5.17570e+00      352      0.528     8.0496     1.1535
   5.41963e+00      358      0.508     7.2331     1.0371
   5.67504e+00      362      0.478     7.4240     1.2052
   5.94250e+00      366      0.462     7.5325     1.2000
   6.22256e+00      372      0.438     7.9284     0.9715
   6.51582e+00      378      0.405     7.4800     1.2550
   6.82290e+00      382      0.385     7.5681     0.9357
   7.14446e+00      386      0.389     7.4307     0.9896
   7.48117e+00      394      0.381     7.3419     1.1601
   7.83374e+00      392      0.357     7.4262     1.0415
   8.20293e+00      404      0.339     7.5147     0.8930
   8.58953e+00      406      0.330     7.4299     1.0199
   8.99434e+00      412      0.316     7.5824     1.0997
   9.41823e+00      414      0.287     7.8997     0.9577
   9.86210e+00      422      0.277     7.7621     1.1019
   1.03269e+01      428      0.243     7.9261     0.7833
   1.08136e+01      428      0.234     7.2058     1.1496
   1.13232e+01      438      0.219     7.7778     0.8445
   1.18568e+01      438      0.224     7.8113     0.8532
   1.24156e+01      448      0.201     7.6770     0.7356
   1.30008e+01      450      0.202     7.7247     0.9349
   1.36135e+01      454      0.185     7.9331     0.6884
   1.42551e+01      464      0.168     7.8904     0.6709
   1.49269e+01      462      0.143     7.7993     0.6750
   1.56304e+01      472      0.138     7.7822     0.8520
   1.63670e+01      476      0.147     7.6243     0.9117
   1.71384e+01      476      0.113     7.8212     0.6337
   1.79461e+01      486      0.111     7.8948     0.5672
   1.87918e+01      490      0.108     8.0792     0.6338
   1.96775e+01      494      0.093     7.8015     0.7359
   2.06048e+01      498      0.092     7.8768     0.5367
   2.15759e+01      506      0.073     7.9267     0.5416
   2.25928e+01      510      0.069     7.7955     0.4999
   2.36575e+01      512      0.062     7.9916     0.5544
   2.47725e+01      520      0.056     7.7413     0.4630
   2.59400e+01      524      0.044     7.9860     0.4253
   2.71625e+01      530      0.042     7.9360     0.4160
   2.84426e+01      532      0.038     8.0047     0.4657
   2.97831e+01      538      0.035     8.0315     0.4650
   3.11867e+01      546      0.027     7.9259     0.3581
   3.26565e+01      546      0.027     8.0331     0.3993
   3.41955e+01      554      0.029     7.8033     0.3881
   3.58071e+01      560      0.029     8.0131     0.4076
   3.74946e+01      560      0.023     7.9676     0.3688
   3.92617e+01      570      0.026     8.0283     0.3312
   4.11121e+01      574      0.019     8.0578     0.3189
   4.30496e+01      570      0.014     7.8954     0.5985
   4.50785e+01      578      0.017     7.8894     0.6012
   4.72030e+01      582      0.015     7.8570     0.5916
   4.94276e+01      588      0.010     7.8628     0.5302
   5.17570e+01      590      0.008     7.8456     0.5162
   5.41963e+01      596      0.008     7.8977     0.5032
   5.67504e+01      604      0.008     7.8949     0.5002
   5.94250e+01      606      0.007     7.8854     0.4764
   6.22256e+01      610      0.005     7.9172     0.4632
   6.51582e+01      616      0.005     7.9174     0.4359
   6.82290e+01      626      0.003     7.9261     0.4171
   7.14446e+01      624      0.002     7.9419     0.4005
   7.48117e+01      628      0.006     7.9647     0.3877
   7.83374e+01      640      0.002     7.9610     0.3897
   8.20293e+01      638      0.002     7.9646     0.3805
   8.58953e+01      646      0.000     7.9361     0.3350
   8.99434e+01      644      0.002     7.9465     0.3508
   9.41823e+01      646      0.000     7.9586     0.3345
   9.86210e+01      640      0.000     7.9561     0.3246
   1.03269e+02      646      0.000     7.9469     0.3210
   1.08136e+02      644      0.000     7.9421     0.3096
   1.13232e+02      640      0.000     7.9503     0.3064
   1.18568e+02      648      0.000     7.9693     0.3026
   1.24156e+02      642      0.000     7.9721     0.2864
   1.30008e+02      648      0.000     7.9416     0.2785
   1.36135e+02      642      0.000     7.9725     0.2892
   1.42551e+02      646      0.000     7.9693     0.2825
   1.49269e+02      642      0.000     7.9759     0.2606
   1.56304e+02      642      0.000     7.9700     0.2590
   1.63670e+02      646      0.000     7.9673     0.2581
   1.71384e+02      644      0.000     7.9737     0.2477
   1.79461e+02      652      0.000     7.9703     0.2443
   1.87918e+02      640      0.000     7.9835     0.2444
   1.96775e+02      646      0.000     7.9707     0.2319
   2.06048e+02      648      0.000     7.9619     0.2280
   2.15759e+02      646      0.000     7.9825     0.2224
   2.25928e+02      646      0.000     7.9706     0.2174
   2.36575e+02      648      0.000     7.9773     0.2059
   2.47725e+02      648      0.000     7.9663     0.1987
   2.59400e+02      642      0.000     7.9791     0.1905
   2.71625e+02      654      0.000     7.9787     0.1948
   2.84426e+02      646      0.000     7.9677     0.1833
   2.97831e+02      644      0.000     7.9764     0.1747
   3.11867e+02      656      0.000     7.9759     0.1770
   3.26565e+02      650      0.000     7.9781     0.1785
   3.41955e+02      654      0.000     7.9774     0.1703
   3.58071e+02      648      0.000     7.9926     0.1653
   3.74946e+02      656      0.000     7.9893     0.1709
   3.92617e+02      668      0.000     7.9812     0.1662
   4.11121e+02      664      0.000     7.9797     0.1550
   4.30496e+02      674      0.000     7.9765     0.1478
   4.50785e+02      678      0.000     7.9832     0.1538
   4.72030e+02      692      0.000     7.9808     0.1477
   4.94276e+02      724      0.000     7.9811     0.1394
   5.17570e+02      686      0.000     8.0005     0.1410
   5.41963e+02      692      0.000     7.9964     0.1421
   5.67504e+02      700      0.000     7.9908     0.1372
   5.94250e+02      704      0.000     7.9857     0.1307
   6.22256e+02      724      0.000     7.9796     0.1318
   6.51582e+02      740      0.000     7.9947     0.1227
   6.82290e+02      734      0.000     7.9962     0.1212
   7.14446e+02      756      0.000     8.0070     0.1224
   7.48117e+02      780      0.000     8.0041     0.1219
   7.83374e+02      792      0.000     8.0049     0.1168
   8.20293e+02      818      0.000     8.0079     0.1157
   8.58953e+02      838      0.000     8.0107     0.1103
   8.99434e+02      870      0.000     8.0067     0.1082
   9.41823e+02      922      0.000     8.0165     0.1087
   9.86210e+02      990      0.000     8.0143     0.1038
   1.03269e+03     1048      0.000     8.0135     0.1006
   1.08136e+03     1058      0.000     8.0115     0.0958
   1.13232e+03     1062      0.000     8.0144     0.0971
   1.18568e+03     1042      0.000     8.0124     0.0945
   1.24156e+03     1040      0.000     8.0175     0.0939
   1.30008e+03     1034      0.000     8.0186     0.0895
   1.36135e+03     1036      0.000     8.0215     0.0862
   1.42551e+03     1026      0.000     8.0244     0.0807
   1.49269e+03     1026      0.000     8.0248     0.0814
   1.56304e+03      998      0.000     8.0333     0.0797
   1.63670e+03     1016      0.000     8.0306     0.0770
   1.71384e+03     1024      0.000     8.0314     0.0737
   1.79461e+03      988      0.000     8.0390     0.0758
   1.87918e+03     1002      0.000     8.0431     0.0752
   1.96775e+03      988      0.000     8.0438     0.0727
   2.06048e+03      994      0.000     8.0486     0.0715
   2.15759e+03      986      0.000     8.0530     0.0673
   2.25928e+03      972      0.000     8.0589     0.0636
   2.36575e+03      964      0.000     8.0659     0.0639
   2.47725e+03      970      0.000     8.0729     0.0620
   2.59400e+03      972      0.000     8.0779     0.0605
   2.71625e+03      954      0.000     8.0889     0.0600
   2.84426e+03      946      0.000     8.0940     0.0571
   2.97831e+03      952      0.000     8.1062     0.0571
   3.11867e+03      950      0.000     8.1126     0.0536
   3.26565e+03      940      0.000     8.1231     0.0529
   3.41955e+03      926      0.000     8.1336     0.0514
   3.58071e+03      926      0.000     8.1493     0.0478
   3.74946e+03      922      0.000     8.1590     0.0484
   3.92617e+03      930      0.000     8.1755     0.0455
   4.11121e+03      912      0.000     8.1867     0.0450
   4.30496e+03      896      0.000     8.2087     0.0470
   4.50785e+03      912      0.000     8.2243     0.0473
   4.72030e+03      908      0.000     8.2418     0.0485
   4.94276e+03      892      0.000     8.2667     0.0464
   5.17570e+03      882      0.000     8.2863     0.0417
   5.41963e+03      886      0.000     8.3123     0.0424
   5.67504e+03      874      0.000     8.3382     0.0441
   5.94250e+03      884      0.000     8.3625     0.0426
   6.22256e+03      868      0.000     8.3882     0.0418
   6.51582e+03      854      0.000     8.4178     0.0418
   6.82290e+03      872      0.000     8.4550     0.0375
   7.14446e+03      858      0.000     8.4874     0.0389
   7.48117e+03      848      0.000     8.5203     0.0396
   7.83374e+03      840      0.000     8.5598     0.0385
   8.20293e+03      842      0.000     8.6002     0.0389
   8.58953e+03      828      0.000     8.6412     0.0379
   8.99434e+03      836      0.000     8.6870     0.0393
   9.41823e+03      828      0.000     8.7349     0.0389
   9.86210e+03      812      0.000     8.7861     0.0381
   1.03269e+04      824      0.000     8.8405     0.0379
   1.08136e+04      816      0.000     8.8957     0.0389
   1.13232e+04      800      0.000     8.9565     0.0373
   1.18568e+04      798      0.000     9.0199     0.0380
   1.24156e+04      796      0.000     9.0825     0.0382
   1.30008e+04      794      0.000     9.1538     0.0366
   1.36135e+04      788      0.000     9.2219     0.0387
   1.42551e+04      782      0.000     9.2946     0.0367
   1.49269e+04      766      0.000     9.3759     0.0365
   1.56304e+04      774      0.000     9.4574     0.0410
   1.63670e+04      778      0.000     9.5403     0.0393
   1.71384e+04      758      0.000     9.6292     0.0399
   1.79461e+04      756      0.000     9.7227     0.0385
   1.87918e+04      750      0.000     9.8162     0.0383
   1.96775e+04      752      0.000     9.9181     0.0392
   2.06048e+04      742      0.000    10.0234     0.0383
   2.15759e+04      740      0.000    10.1298     0.0399
   2.25928e+04      718      0.000    10.2422     0.0389
   2.36575e+04      730      0.000    10.3597     0.0396
   2.47725e+04      738      0.000    10.4783     0.0437
   2.59400e+04      708      0.000    10.6044     0.0448
   2.71625e+04      712      0.000    10.7316     0.0462
   2.84426e+04      708      0.000    10.8636     0.0445
   2.97831e+04      710      0.000    11.0039     0.0457
   3.11867e+04      698      0.000    11.1466     0.0476
   3.26565e+04      694      0.000    11.2982     0.0469
   3.41955e+04      678      0.000    11.4555     0.0507
   3.58071e+04      684      0.000    11.6142     0.0510
   3.74946e+04      690      0.000    11.7843     0.0524
   3.92617e+04      668      0.000    11.9604     0.0543
   4.11121e+04      662      0.000    12.1391     0.0547
   4.30496e+04      670      0.000    12.3305     0.0582
   4.50785e+04      664      0.000    12.5339     0.0622
   4.72030e+04      654      0.000    12.7475     0.0626
   4.94276e+04      648      0.000    12.9690     0.0669
   5.17570e+04      636      0.000    13.2034     0.0697
   5.41963e+04      640      0.000    13.4500     0.0757
   5.67504e+04      646      0.000    13.7204     0.0825
   5.94250e+04      626      0.000    14.0085     0.0857
   6.22256e+04      616      0.000    14.3083     0.0908
   6.51582e+04      624      0.000    14.6393     0.1001
   6.82290e+04      622      0.000    15.0044     0.1093
   7.14446e+04      606      0.000    15.3953     0.1159
   7.48117e+04      604      0.000    15.8185     0.1316
   7.83374e+04      600      0.000    16.2890     0.1428
   8.20293e+04      592      0.000    16.8022     0.1556
   8.58953e+04      602      0.000    17.3885     0.1812
   8.99434e+04      584      0.000    18.0446     0.1977
   9.41823e+04      572      0.000    18.7731     0.2248
   9.86210e+04      586      0.000    19.6806     0.2931
   1.03269e+05      434      0.000    20.5375     0.2068
