! Date: 14/08/2026  Time: 13:33:58  Created by RADMC3D compiled on Aug 14 2026 12:46    
! Alexander Men’shchikov, DAp IRFU CEA Saclay, France                         
!
! RADIAL PROFILES OF SURFACE DENSITIES (cm^-2)
!
! Distance (pc): 2.60000000E+02  Mass-averaged Tdust (K): 1.56268465E+01
!
!   N   RADIUS(au)     RADIUS(pc)     RADIUS(as)      PROFILE        SLOPE          PROFILEBS      SLOPEBS
!
    1  7.9806323E+01  3.8690665E-04  3.0694740E-01  3.8782658E+21  3.0534195E-03  3.5035521E+21  3.3813060E-03
    2  8.5944244E+02  4.1666372E-03  3.3055478E+00  3.8502231E+21  3.0534195E-03  3.4755093E+21  3.3813060E-03
    3  1.6390786E+03  7.9463678E-03  6.3041483E+00  3.7632908E+21  3.0534195E-03  3.3885770E+21  3.3813060E-03
    4  2.4187147E+03  1.1726098E-02  9.3027487E+00  3.6184853E+21  3.0534195E-03  3.2437715E+21  3.3813060E-03
    5  3.1983508E+03  1.5505829E-02  1.2301349E+01  3.4136967E+21  3.5373467E-02  3.0389830E+21  3.9235969E-02
    6  3.9779869E+03  1.9285560E-02  1.5299950E+01  3.1459672E+21  1.0084316E-01  2.7712535E+21  1.1224146E-01
    7  4.7576230E+03  2.3065290E-02  1.8298550E+01  2.8104021E+21  2.0851796E-01  2.4356883E+21  2.3340736E-01
    8  5.5372591E+03  2.6845021E-02  2.1297150E+01  2.3837555E+21  3.7441175E-01  2.0090418E+21  4.2276944E-01
    9  6.3168952E+03  3.0624751E-02  2.4295751E+01  1.8120273E+21  6.3023062E-01  1.4373136E+21  7.2117494E-01
   10  7.0965314E+03  3.4404482E-02  2.7294351E+01  7.6393637E+20  1.0850002E+00  3.8922260E+20  1.2689929E+00
   11  7.8761675E+03  3.8184213E-02  3.0292952E+01  3.7474667E+20  2.0817936E+00  1.0000000E-99  1.2689929E+00
   12  8.6558036E+03  4.1963943E-02  3.3291552E+01  3.7469352E+20  2.0817936E+00  1.0000000E-99  1.0000000E-99
   13  9.4354397E+03  4.5743674E-02  3.6290153E+01  3.7463561E+20  1.7921551E-03  1.0000000E-99  1.0000000E-99
   14  1.0215076E+04  4.9523404E-02  3.9288753E+01  3.7457231E+20  1.7921551E-03  1.0000000E-99  1.0000000E-99
   15  1.0994712E+04  5.3303135E-02  4.2287354E+01  3.7450394E+20  1.7921551E-03  1.0000000E-99  1.0000000E-99
   16  1.1774348E+04  5.7082865E-02  4.5285954E+01  3.7443048E+20  2.1283524E-03  1.0000000E-99  1.0000000E-99
   17  1.2553984E+04  6.0862596E-02  4.8284554E+01  3.7435195E+20  2.4820735E-03  1.0000000E-99  1.0000000E-99
   18  1.3333620E+04  6.4642327E-02  5.1283155E+01  3.7426833E+20  2.8631759E-03  1.0000000E-99  1.0000000E-99
   19  1.4113256E+04  6.8422057E-02  5.4281755E+01  3.7417962E+20  3.2717215E-03  1.0000000E-99  1.0000000E-99
   20  1.4892893E+04  7.2201788E-02  5.7280356E+01  3.7408582E+20  3.7077769E-03  1.0000000E-99  1.0000000E-99
   21  1.5672529E+04  7.5981518E-02  6.0278956E+01  3.7398693E+20  4.1714135E-03  1.0000000E-99  1.0000000E-99
   22  1.6452165E+04  7.9761249E-02  6.3277557E+01  3.7388293E+20  4.6627070E-03  1.0000000E-99  1.0000000E-99
   23  1.7231801E+04  8.3540980E-02  6.6276157E+01  3.7377383E+20  5.1817378E-03  1.0000000E-99  1.0000000E-99
   24  1.8011437E+04  8.7320710E-02  6.9274758E+01  3.7365963E+20  5.7285911E-03  1.0000000E-99  1.0000000E-99
   25  1.8791073E+04  9.1100441E-02  7.2273358E+01  3.7354031E+20  6.3033567E-03  1.0000000E-99  1.0000000E-99
   26  1.9570709E+04  9.4880171E-02  7.5271958E+01  3.7341587E+20  6.9061293E-03  1.0000000E-99  1.0000000E-99
   27  2.0350345E+04  9.8659902E-02  7.8270559E+01  3.7328631E+20  7.5370083E-03  1.0000000E-99  1.0000000E-99
   28  2.1129981E+04  1.0243963E-01  8.1269159E+01  3.7315162E+20  8.1960979E-03  1.0000000E-99  1.0000000E-99
   29  2.1909618E+04  1.0621936E-01  8.4267760E+01  3.7301179E+20  8.8835071E-03  1.0000000E-99  1.0000000E-99
   30  2.2689254E+04  1.0999909E-01  8.7266360E+01  3.7286683E+20  9.5993500E-03  1.0000000E-99  1.0000000E-99
   31  2.3468890E+04  1.1377882E-01  9.0264961E+01  3.7271672E+20  1.0343746E-02  1.0000000E-99  1.0000000E-99
   32  2.4248526E+04  1.1755855E-01  9.3263561E+01  3.7256146E+20  1.1116818E-02  1.0000000E-99  1.0000000E-99
   33  2.5028162E+04  1.2133829E-01  9.6262162E+01  3.7240103E+20  1.1918696E-02  1.0000000E-99  1.0000000E-99
   34  2.5807798E+04  1.2511802E-01  9.9260762E+01  3.7223545E+20  1.2749514E-02  1.0000000E-99  1.0000000E-99
   35  2.6587434E+04  1.2889775E-01  1.0225936E+02  3.7206469E+20  1.3609411E-02  1.0000000E-99  1.0000000E-99
   36  2.7367070E+04  1.3267748E-01  1.0525796E+02  3.7188875E+20  1.4498532E-02  1.0000000E-99  1.0000000E-99
   37  2.8146706E+04  1.3645721E-01  1.0825656E+02  3.7170763E+20  1.5417028E-02  1.0000000E-99  1.0000000E-99
   38  2.8926343E+04  1.4023694E-01  1.1125516E+02  3.7152131E+20  1.6365052E-02  1.0000000E-99  1.0000000E-99
   39  2.9705979E+04  1.4401667E-01  1.1425376E+02  3.7132979E+20  1.7342766E-02  1.0000000E-99  1.0000000E-99
   40  3.0485615E+04  1.4779640E-01  1.1725236E+02  3.7113306E+20  1.8350336E-02  1.0000000E-99  1.0000000E-99
   41  3.1265251E+04  1.5157613E-01  1.2025097E+02  3.7093111E+20  1.9387934E-02  1.0000000E-99  1.0000000E-99
   42  3.2044887E+04  1.5535586E-01  1.2324957E+02  3.7072394E+20  2.0455738E-02  1.0000000E-99  1.0000000E-99
   43  3.2824523E+04  1.5913559E-01  1.2624817E+02  3.7051153E+20  2.1553930E-02  1.0000000E-99  1.0000000E-99
   44  3.3604159E+04  1.6291532E-01  1.2924677E+02  3.7029387E+20  2.2682699E-02  1.0000000E-99  1.0000000E-99
   45  3.4383795E+04  1.6669505E-01  1.3224537E+02  3.7007096E+20  2.3842241E-02  1.0000000E-99  1.0000000E-99
   46  3.5163431E+04  1.7047478E-01  1.3524397E+02  3.6984279E+20  2.5032757E-02  1.0000000E-99  1.0000000E-99
   47  3.5943068E+04  1.7425451E-01  1.3824257E+02  3.6960935E+20  2.6254452E-02  1.0000000E-99  1.0000000E-99
   48  3.6722704E+04  1.7803424E-01  1.4124117E+02  3.6937062E+20  2.7507541E-02  1.0000000E-99  1.0000000E-99
   49  3.7502340E+04  1.8181397E-01  1.4423977E+02  3.6912660E+20  2.8792242E-02  1.0000000E-99  1.0000000E-99
   50  3.8281976E+04  1.8559371E-01  1.4723837E+02  3.6887727E+20  3.0108782E-02  1.0000000E-99  1.0000000E-99
   51  3.9061612E+04  1.8937344E-01  1.5023697E+02  3.6862263E+20  3.1457392E-02  1.0000000E-99  1.0000000E-99
   52  3.9841248E+04  1.9315317E-01  1.5323557E+02  3.6836266E+20  3.2838311E-02  1.0000000E-99  1.0000000E-99
   53  4.0620884E+04  1.9693290E-01  1.5623417E+02  3.6809736E+20  3.4251785E-02  1.0000000E-99  1.0000000E-99
   54  4.1400520E+04  2.0071263E-01  1.5923277E+02  3.6782671E+20  3.5698066E-02  1.0000000E-99  1.0000000E-99
   55  4.2180157E+04  2.0449236E-01  1.6223137E+02  3.6755070E+20  3.7177412E-02  1.0000000E-99  1.0000000E-99
   56  4.2959793E+04  2.0827209E-01  1.6522997E+02  3.6726931E+20  3.8690091E-02  1.0000000E-99  1.0000000E-99
   57  4.3739429E+04  2.1205182E-01  1.6822857E+02  3.6698254E+20  4.0236375E-02  1.0000000E-99  1.0000000E-99
   58  4.4519065E+04  2.1583155E-01  1.7122717E+02  3.6669038E+20  4.1816545E-02  1.0000000E-99  1.0000000E-99
   59  4.5298701E+04  2.1961128E-01  1.7422577E+02  3.6639280E+20  4.3430888E-02  1.0000000E-99  1.0000000E-99
   60  4.6078337E+04  2.2339101E-01  1.7722437E+02  3.6608980E+20  4.5079701E-02  1.0000000E-99  1.0000000E-99
   61  4.6857973E+04  2.2717074E-01  1.8022297E+02  3.6578136E+20  4.6763286E-02  1.0000000E-99  1.0000000E-99
   62  4.7637609E+04  2.3095047E-01  1.8322157E+02  3.6546747E+20  4.8481955E-02  1.0000000E-99  1.0000000E-99
   63  4.8417245E+04  2.3473020E-01  1.8622017E+02  3.6514812E+20  5.0236026E-02  1.0000000E-99  1.0000000E-99
   64  4.9196882E+04  2.3850993E-01  1.8921878E+02  3.6482329E+20  5.2025827E-02  1.0000000E-99  1.0000000E-99
   65  4.9976518E+04  2.4228966E-01  1.9221738E+02  3.6449297E+20  5.3851694E-02  1.0000000E-99  1.0000000E-99
   66  5.0756154E+04  2.4606939E-01  1.9521598E+02  3.6415713E+20  5.5713969E-02  1.0000000E-99  1.0000000E-99
   67  5.1535790E+04  2.4984913E-01  1.9821458E+02  3.6381577E+20  5.7613006E-02  1.0000000E-99  1.0000000E-99
   68  5.2315426E+04  2.5362886E-01  2.0121318E+02  3.6346887E+20  5.9549167E-02  1.0000000E-99  1.0000000E-99
   69  5.3095062E+04  2.5740859E-01  2.0421178E+02  3.6311642E+20  6.1522821E-02  1.0000000E-99  1.0000000E-99
   70  5.3874698E+04  2.6118832E-01  2.0721038E+02  3.6275840E+20  6.3534349E-02  1.0000000E-99  1.0000000E-99
   71  5.4654334E+04  2.6496805E-01  2.1020898E+02  3.6239478E+20  6.5584139E-02  1.0000000E-99  1.0000000E-99
   72  5.5433970E+04  2.6874778E-01  2.1320758E+02  3.6202557E+20  6.7672590E-02  1.0000000E-99  1.0000000E-99
   73  5.6213607E+04  2.7252751E-01  2.1620618E+02  3.6165073E+20  6.9800110E-02  1.0000000E-99  1.0000000E-99
   74  5.6993243E+04  2.7630724E-01  2.1920478E+02  3.6127025E+20  7.1967118E-02  1.0000000E-99  1.0000000E-99
   75  5.7772879E+04  2.8008697E-01  2.2220338E+02  3.6088411E+20  7.4174043E-02  1.0000000E-99  1.0000000E-99
   76  5.8552515E+04  2.8386670E-01  2.2520198E+02  3.6049230E+20  7.6421323E-02  1.0000000E-99  1.0000000E-99
   77  5.9332151E+04  2.8764643E-01  2.2820058E+02  3.6009479E+20  7.8709409E-02  1.0000000E-99  1.0000000E-99
   78  6.0111787E+04  2.9142616E-01  2.3119918E+02  3.5969157E+20  8.1038761E-02  1.0000000E-99  1.0000000E-99
   79  6.0891423E+04  2.9520589E-01  2.3419778E+02  3.5928262E+20  8.3409852E-02  1.0000000E-99  1.0000000E-99
   80  6.1671059E+04  2.9898562E-01  2.3719638E+02  3.5886791E+20  8.5823164E-02  1.0000000E-99  1.0000000E-99
   81  6.2450696E+04  3.0276535E-01  2.4019498E+02  3.5844744E+20  8.8279193E-02  1.0000000E-99  1.0000000E-99
   82  6.3230332E+04  3.0654508E-01  2.4319358E+02  3.5802117E+20  9.0778446E-02  1.0000000E-99  1.0000000E-99
   83  6.4009968E+04  3.1032481E-01  2.4619218E+02  3.5758909E+20  9.3321443E-02  1.0000000E-99  1.0000000E-99
   84  6.4789604E+04  3.1410455E-01  2.4919078E+02  3.5715117E+20  9.5908714E-02  1.0000000E-99  1.0000000E-99
   85  6.5569240E+04  3.1788428E-01  2.5218938E+02  3.5670740E+20  9.8540807E-02  1.0000000E-99  1.0000000E-99
   86  6.6348876E+04  3.2166401E-01  2.5518798E+02  3.5625775E+20  1.0121828E-01  1.0000000E-99  1.0000000E-99
   87  6.7128512E+04  3.2544374E-01  2.5818659E+02  3.5580221E+20  1.0394170E-01  1.0000000E-99  1.0000000E-99
   88  6.7908148E+04  3.2922347E-01  2.6118519E+02  3.5534074E+20  1.0671166E-01  1.0000000E-99  1.0000000E-99
   89  6.8687784E+04  3.3300320E-01  2.6418379E+02  3.5487332E+20  1.0952875E-01  1.0000000E-99  1.0000000E-99
   90  6.9467421E+04  3.3678293E-01  2.6718239E+02  3.5439994E+20  1.1239359E-01  1.0000000E-99  1.0000000E-99
   91  7.0247057E+04  3.4056266E-01  2.7018099E+02  3.5392056E+20  1.1530681E-01  1.0000000E-99  1.0000000E-99
   92  7.1026693E+04  3.4434239E-01  2.7317959E+02  3.5343516E+20  1.1826905E-01  1.0000000E-99  1.0000000E-99
   93  7.1806329E+04  3.4812212E-01  2.7617819E+02  3.5294373E+20  1.2128098E-01  1.0000000E-99  1.0000000E-99
   94  7.2585965E+04  3.5190185E-01  2.7917679E+02  3.5244622E+20  1.2434327E-01  1.0000000E-99  1.0000000E-99
   95  7.3365601E+04  3.5568158E-01  2.8217539E+02  3.5194263E+20  1.2745661E-01  1.0000000E-99  1.0000000E-99
   96  7.4145237E+04  3.5946131E-01  2.8517399E+02  3.5143291E+20  1.3062172E-01  1.0000000E-99  1.0000000E-99
   97  7.4924873E+04  3.6324104E-01  2.8817259E+02  3.5091705E+20  1.3383931E-01  1.0000000E-99  1.0000000E-99
   98  7.5704509E+04  3.6702077E-01  2.9117119E+02  3.5039501E+20  1.3711014E-01  1.0000000E-99  1.0000000E-99
   99  7.6484146E+04  3.7080050E-01  2.9416979E+02  3.4986677E+20  1.4043497E-01  1.0000000E-99  1.0000000E-99
  100  7.7263782E+04  3.7458023E-01  2.9716839E+02  3.4933231E+20  1.4381458E-01  1.0000000E-99  1.0000000E-99
  101  7.8043418E+04  3.7835997E-01  3.0016699E+02  3.4879159E+20  1.4724978E-01  1.0000000E-99  1.0000000E-99
  102  7.8823054E+04  3.8213970E-01  3.0316559E+02  3.4824458E+20  1.5074138E-01  1.0000000E-99  1.0000000E-99
  103  7.9602690E+04  3.8591943E-01  3.0616419E+02  3.4769125E+20  1.5429023E-01  1.0000000E-99  1.0000000E-99
  104  8.0382326E+04  3.8969916E-01  3.0916279E+02  3.4713158E+20  1.5789719E-01  1.0000000E-99  1.0000000E-99
  105  8.1161962E+04  3.9347889E-01  3.1216139E+02  3.4656553E+20  1.6156315E-01  1.0000000E-99  1.0000000E-99
  106  8.1941598E+04  3.9725862E-01  3.1515999E+02  3.4599307E+20  1.6528902E-01  1.0000000E-99  1.0000000E-99
  107  8.2721235E+04  4.0103835E-01  3.1815859E+02  3.4541417E+20  1.6907572E-01  1.0000000E-99  1.0000000E-99
  108  8.3500871E+04  4.0481808E-01  3.2115719E+02  3.4482880E+20  1.7292421E-01  1.0000000E-99  1.0000000E-99
  109  8.4280507E+04  4.0859781E-01  3.2415580E+02  3.4423692E+20  1.7683547E-01  1.0000000E-99  1.0000000E-99
  110  8.5060143E+04  4.1237754E-01  3.2715440E+02  3.4363850E+20  1.8081050E-01  1.0000000E-99  1.0000000E-99
  111  8.5839779E+04  4.1615727E-01  3.3015300E+02  3.4303351E+20  1.8485033E-01  1.0000000E-99  1.0000000E-99
  112  8.6619415E+04  4.1993700E-01  3.3315160E+02  3.4242191E+20  1.8895602E-01  1.0000000E-99  1.0000000E-99
  113  8.7399051E+04  4.2371673E-01  3.3615020E+02  3.4180367E+20  1.9312865E-01  1.0000000E-99  1.0000000E-99
  114  8.8178687E+04  4.2749646E-01  3.3914880E+02  3.4117874E+20  1.9736933E-01  1.0000000E-99  1.0000000E-99
  115  8.8958323E+04  4.3127619E-01  3.4214740E+02  3.4054710E+20  2.0167921E-01  1.0000000E-99  1.0000000E-99
  116  8.9737960E+04  4.3505592E-01  3.4514600E+02  3.3990871E+20  2.0605944E-01  1.0000000E-99  1.0000000E-99
  117  9.0517596E+04  4.3883565E-01  3.4814460E+02  3.3926352E+20  2.1051124E-01  1.0000000E-99  1.0000000E-99
  118  9.1297232E+04  4.4261539E-01  3.5114320E+02  3.3861150E+20  2.1503584E-01  1.0000000E-99  1.0000000E-99
  119  9.2076868E+04  4.4639512E-01  3.5414180E+02  3.3795261E+20  2.1963449E-01  1.0000000E-99  1.0000000E-99
  120  9.2856504E+04  4.5017485E-01  3.5714040E+02  3.3728681E+20  2.2430851E-01  1.0000000E-99  1.0000000E-99
  121  9.3636140E+04  4.5395458E-01  3.6013900E+02  3.3661405E+20  2.2905923E-01  1.0000000E-99  1.0000000E-99
  122  9.4415776E+04  4.5773431E-01  3.6313760E+02  3.3593431E+20  2.3388801E-01  1.0000000E-99  1.0000000E-99
  123  9.5195412E+04  4.6151404E-01  3.6613620E+02  3.3524752E+20  2.3879626E-01  1.0000000E-99  1.0000000E-99
  124  9.5975048E+04  4.6529377E-01  3.6913480E+02  3.3455366E+20  2.4378543E-01  1.0000000E-99  1.0000000E-99
  125  9.6754685E+04  4.6907350E-01  3.7213340E+02  3.3385267E+20  2.4885701E-01  1.0000000E-99  1.0000000E-99
  126  9.7534321E+04  4.7285323E-01  3.7513200E+02  3.3314451E+20  2.5401252E-01  1.0000000E-99  1.0000000E-99
  127  9.8313957E+04  4.7663296E-01  3.7813060E+02  3.3242914E+20  2.5925353E-01  1.0000000E-99  1.0000000E-99
  128  9.9093593E+04  4.8041269E-01  3.8112920E+02  3.3170651E+20  2.6458165E-01  1.0000000E-99  1.0000000E-99
  129  9.9873229E+04  4.8419242E-01  3.8412780E+02  3.3097657E+20  2.6999855E-01  1.0000000E-99  1.0000000E-99
  130  1.0065287E+05  4.8797215E-01  3.8712640E+02  3.3023927E+20  2.7550592E-01  1.0000000E-99  1.0000000E-99
  131  1.0143250E+05  4.9175188E-01  3.9012500E+02  3.2949456E+20  2.8110551E-01  1.0000000E-99  1.0000000E-99
  132  1.0221214E+05  4.9553161E-01  3.9312361E+02  3.2874239E+20  2.8679914E-01  1.0000000E-99  1.0000000E-99
  133  1.0299177E+05  4.9931134E-01  3.9612221E+02  3.2798272E+20  2.9258865E-01  1.0000000E-99  1.0000000E-99
  134  1.0377141E+05  5.0309107E-01  3.9912081E+02  3.2721549E+20  2.9847596E-01  1.0000000E-99  1.0000000E-99
  135  1.0455105E+05  5.0687081E-01  4.0211941E+02  3.2644064E+20  3.0446302E-01  1.0000000E-99  1.0000000E-99
  136  1.0533068E+05  5.1065054E-01  4.0511801E+02  3.2565813E+20  3.1055186E-01  1.0000000E-99  1.0000000E-99
  137  1.0611032E+05  5.1443027E-01  4.0811661E+02  3.2486789E+20  3.1674456E-01  1.0000000E-99  1.0000000E-99
  138  1.0688995E+05  5.1821000E-01  4.1111521E+02  3.2406987E+20  3.2304326E-01  1.0000000E-99  1.0000000E-99
  139  1.0766959E+05  5.2198973E-01  4.1411381E+02  3.2326401E+20  3.2945017E-01  1.0000000E-99  1.0000000E-99
  140  1.0844923E+05  5.2576946E-01  4.1711241E+02  3.2245025E+20  3.3596755E-01  1.0000000E-99  1.0000000E-99
  141  1.0922886E+05  5.2954919E-01  4.2011101E+02  3.2162854E+20  3.4259775E-01  1.0000000E-99  1.0000000E-99
  142  1.1000850E+05  5.3332892E-01  4.2310961E+02  3.2079881E+20  3.4934318E-01  1.0000000E-99  1.0000000E-99
  143  1.1078813E+05  5.3710865E-01  4.2610821E+02  3.1996100E+20  3.5620632E-01  1.0000000E-99  1.0000000E-99
  144  1.1156777E+05  5.4088838E-01  4.2910681E+02  3.1911505E+20  3.6318974E-01  1.0000000E-99  1.0000000E-99
  145  1.1234741E+05  5.4466811E-01  4.3210541E+02  3.1826088E+20  3.7029608E-01  1.0000000E-99  1.0000000E-99
  146  1.1312704E+05  5.4844784E-01  4.3510401E+02  3.1739845E+20  3.7752806E-01  1.0000000E-99  1.0000000E-99
  147  1.1390668E+05  5.5222757E-01  4.3810261E+02  3.1652767E+20  3.8488850E-01  1.0000000E-99  1.0000000E-99
  148  1.1468632E+05  5.5600730E-01  4.4110121E+02  3.1564847E+20  3.9238029E-01  1.0000000E-99  1.0000000E-99
  149  1.1546595E+05  5.5978703E-01  4.4409981E+02  3.1476080E+20  4.0000642E-01  1.0000000E-99  1.0000000E-99
  150  1.1624559E+05  5.6356676E-01  4.4709841E+02  3.1386457E+20  4.0776998E-01  1.0000000E-99  1.0000000E-99
  151  1.1702522E+05  5.6734649E-01  4.5009701E+02  3.1295972E+20  4.1567416E-01  1.0000000E-99  1.0000000E-99
  152  1.1780486E+05  5.7112623E-01  4.5309561E+02  3.1204616E+20  4.2372226E-01  1.0000000E-99  1.0000000E-99
  153  1.1858450E+05  5.7490596E-01  4.5609421E+02  3.1112382E+20  4.3191766E-01  1.0000000E-99  1.0000000E-99
  154  1.1936413E+05  5.7868569E-01  4.5909282E+02  3.1019262E+20  4.4026389E-01  1.0000000E-99  1.0000000E-99
  155  1.2014377E+05  5.8246542E-01  4.6209142E+02  3.0925249E+20  4.4876458E-01  1.0000000E-99  1.0000000E-99
  156  1.2092340E+05  5.8624515E-01  4.6509002E+02  3.0830333E+20  4.5742347E-01  1.0000000E-99  1.0000000E-99
  157  1.2170304E+05  5.9002488E-01  4.6808862E+02  3.0734508E+20  4.6624446E-01  1.0000000E-99  1.0000000E-99
  158  1.2248268E+05  5.9380461E-01  4.7108722E+02  3.0637763E+20  4.7523155E-01  1.0000000E-99  1.0000000E-99
  159  1.2326231E+05  5.9758434E-01  4.7408582E+02  3.0540091E+20  4.8438889E-01  1.0000000E-99  1.0000000E-99
  160  1.2404195E+05  6.0136407E-01  4.7708442E+02  3.0441482E+20  4.9372079E-01  1.0000000E-99  1.0000000E-99
  161  1.2482158E+05  6.0514380E-01  4.8008302E+02  3.0341928E+20  5.0323169E-01  1.0000000E-99  1.0000000E-99
  162  1.2560122E+05  6.0892353E-01  4.8308162E+02  3.0241419E+20  5.1292619E-01  1.0000000E-99  1.0000000E-99
  163  1.2638086E+05  6.1270326E-01  4.8608022E+02  3.0139945E+20  5.2280906E-01  1.0000000E-99  1.0000000E-99
  164  1.2716049E+05  6.1648299E-01  4.8907882E+02  3.0037497E+20  5.3288525E-01  1.0000000E-99  1.0000000E-99
  165  1.2794013E+05  6.2026272E-01  4.9207742E+02  2.9934065E+20  5.4315988E-01  1.0000000E-99  1.0000000E-99
  166  1.2871977E+05  6.2404245E-01  4.9507602E+02  2.9829638E+20  5.5363825E-01  1.0000000E-99  1.0000000E-99
  167  1.2949940E+05  6.2782218E-01  4.9807462E+02  2.9724206E+20  5.6432587E-01  1.0000000E-99  1.0000000E-99
  168  1.3027904E+05  6.3160191E-01  5.0107322E+02  2.9617758E+20  5.7522844E-01  1.0000000E-99  1.0000000E-99
  169  1.3105867E+05  6.3538165E-01  5.0407182E+02  2.9510283E+20  5.8635190E-01  1.0000000E-99  1.0000000E-99
  170  1.3183831E+05  6.3916138E-01  5.0707042E+02  2.9401771E+20  5.9770240E-01  1.0000000E-99  1.0000000E-99
  171  1.3261795E+05  6.4294111E-01  5.1006902E+02  2.9292209E+20  6.0928631E-01  1.0000000E-99  1.0000000E-99
  172  1.3339758E+05  6.4672084E-01  5.1306762E+02  2.9181585E+20  6.2111028E-01  1.0000000E-99  1.0000000E-99
  173  1.3417722E+05  6.5050057E-01  5.1606622E+02  2.9069888E+20  6.3318119E-01  1.0000000E-99  1.0000000E-99
  174  1.3495685E+05  6.5428030E-01  5.1906482E+02  2.8957105E+20  6.4550620E-01  1.0000000E-99  1.0000000E-99
  175  1.3573649E+05  6.5806003E-01  5.2206342E+02  2.8843224E+20  6.5809278E-01  1.0000000E-99  1.0000000E-99
  176  1.3651613E+05  6.6183976E-01  5.2506202E+02  2.8728230E+20  6.7094867E-01  1.0000000E-99  1.0000000E-99
  177  1.3729576E+05  6.6561949E-01  5.2806063E+02  2.8612112E+20  6.8408193E-01  1.0000000E-99  1.0000000E-99
  178  1.3807540E+05  6.6939922E-01  5.3105923E+02  2.8494855E+20  6.9750095E-01  1.0000000E-99  1.0000000E-99
  179  1.3885503E+05  6.7317895E-01  5.3405783E+02  2.8376444E+20  7.1121449E-01  1.0000000E-99  1.0000000E-99
  180  1.3963467E+05  6.7695868E-01  5.3705643E+02  2.8256867E+20  7.2523165E-01  1.0000000E-99  1.0000000E-99
  181  1.4041431E+05  6.8073841E-01  5.4005503E+02  2.8136106E+20  7.3956193E-01  1.0000000E-99  1.0000000E-99
  182  1.4119394E+05  6.8451814E-01  5.4305363E+02  2.8014149E+20  7.5421522E-01  1.0000000E-99  1.0000000E-99
  183  1.4197358E+05  6.8829787E-01  5.4605223E+02  2.7890977E+20  7.6920186E-01  1.0000000E-99  1.0000000E-99
  184  1.4275322E+05  6.9207760E-01  5.4905083E+02  2.7766577E+20  7.8453262E-01  1.0000000E-99  1.0000000E-99
  185  1.4353285E+05  6.9585733E-01  5.5204943E+02  2.7640930E+20  8.0021877E-01  1.0000000E-99  1.0000000E-99
  186  1.4431249E+05  6.9963707E-01  5.5504803E+02  2.7514020E+20  8.1627206E-01  1.0000000E-99  1.0000000E-99
  187  1.4509212E+05  7.0341680E-01  5.5804663E+02  2.7385829E+20  8.3270479E-01  1.0000000E-99  1.0000000E-99
  188  1.4587176E+05  7.0719653E-01  5.6104523E+02  2.7256339E+20  8.4952980E-01  1.0000000E-99  1.0000000E-99
  189  1.4665140E+05  7.1097626E-01  5.6404383E+02  2.7125532E+20  8.6676053E-01  1.0000000E-99  1.0000000E-99
  190  1.4743103E+05  7.1475599E-01  5.6704243E+02  2.6993388E+20  8.8441107E-01  1.0000000E-99  1.0000000E-99
  191  1.4821067E+05  7.1853572E-01  5.7004103E+02  2.6859888E+20  9.0249615E-01  1.0000000E-99  1.0000000E-99
  192  1.4899030E+05  7.2231545E-01  5.7303963E+02  2.6725012E+20  9.2103122E-01  1.0000000E-99  1.0000000E-99
  193  1.4976994E+05  7.2609518E-01  5.7603823E+02  2.6588737E+20  9.4003245E-01  1.0000000E-99  1.0000000E-99
  194  1.5054958E+05  7.2987491E-01  5.7903683E+02  2.6451044E+20  9.5951684E-01  1.0000000E-99  1.0000000E-99
  195  1.5132921E+05  7.3365464E-01  5.8203543E+02  2.6311909E+20  9.7950221E-01  1.0000000E-99  1.0000000E-99
  196  1.5210885E+05  7.3743437E-01  5.8503403E+02  2.6171310E+20  1.0000073E+00  1.0000000E-99  1.0000000E-99
  197  1.5288848E+05  7.4121410E-01  5.8803263E+02  2.6029222E+20  1.0210517E+00  1.0000000E-99  1.0000000E-99
  198  1.5366812E+05  7.4499383E-01  5.9103123E+02  2.5885622E+20  1.0426562E+00  1.0000000E-99  1.0000000E-99
  199  1.5444776E+05  7.4877356E-01  5.9402983E+02  2.5740483E+20  1.0648426E+00  1.0000000E-99  1.0000000E-99
  200  1.5522739E+05  7.5255329E-01  5.9702844E+02  2.5593781E+20  1.0876336E+00  1.0000000E-99  1.0000000E-99
  201  1.5600703E+05  7.5633302E-01  6.0002704E+02  2.5445487E+20  1.1110536E+00  1.0000000E-99  1.0000000E-99
  202  1.5678667E+05  7.6011275E-01  6.0302564E+02  2.5295574E+20  1.1351278E+00  1.0000000E-99  1.0000000E-99
  203  1.5756630E+05  7.6389249E-01  6.0602424E+02  2.5144013E+20  1.1598833E+00  1.0000000E-99  1.0000000E-99
  204  1.5834594E+05  7.6767222E-01  6.0902284E+02  2.4990774E+20  1.1853482E+00  1.0000000E-99  1.0000000E-99
  205  1.5912557E+05  7.7145195E-01  6.1202144E+02  2.4835825E+20  1.2115527E+00  1.0000000E-99  1.0000000E-99
  206  1.5990521E+05  7.7523168E-01  6.1502004E+02  2.4679135E+20  1.2385283E+00  1.0000000E-99  1.0000000E-99
  207  1.6068485E+05  7.7901141E-01  6.1801864E+02  2.4520671E+20  1.2663085E+00  1.0000000E-99  1.0000000E-99
  208  1.6146448E+05  7.8279114E-01  6.2101724E+02  2.4360396E+20  1.2949289E+00  1.0000000E-99  1.0000000E-99
  209  1.6224412E+05  7.8657087E-01  6.2401584E+02  2.4198277E+20  1.3244271E+00  1.0000000E-99  1.0000000E-99
  210  1.6302375E+05  7.9035060E-01  6.2701444E+02  2.4034274E+20  1.3548430E+00  1.0000000E-99  1.0000000E-99
  211  1.6380339E+05  7.9413033E-01  6.3001304E+02  2.3868351E+20  1.3862189E+00  1.0000000E-99  1.0000000E-99
  212  1.6458303E+05  7.9791006E-01  6.3301164E+02  2.3700465E+20  1.4185999E+00  1.0000000E-99  1.0000000E-99
  213  1.6536266E+05  8.0168979E-01  6.3601024E+02  2.3530575E+20  1.4520339E+00  1.0000000E-99  1.0000000E-99
  214  1.6614230E+05  8.0546952E-01  6.3900884E+02  2.3358638E+20  1.4865719E+00  1.0000000E-99  1.0000000E-99
  215  1.6692193E+05  8.0924925E-01  6.4200744E+02  2.3184607E+20  1.5222683E+00  1.0000000E-99  1.0000000E-99
  216  1.6770157E+05  8.1302898E-01  6.4500604E+02  2.3008436E+20  1.5591811E+00  1.0000000E-99  1.0000000E-99
  217  1.6848121E+05  8.1680871E-01  6.4800464E+02  2.2830074E+20  1.5973722E+00  1.0000000E-99  1.0000000E-99
  218  1.6926084E+05  8.2058844E-01  6.5100324E+02  2.2649471E+20  1.6369079E+00  1.0000000E-99  1.0000000E-99
  219  1.7004048E+05  8.2436817E-01  6.5400184E+02  2.2466571E+20  1.6778591E+00  1.0000000E-99  1.0000000E-99
  220  1.7082012E+05  8.2814791E-01  6.5700044E+02  2.2281319E+20  1.7203018E+00  1.0000000E-99  1.0000000E-99
  221  1.7159975E+05  8.3192764E-01  6.5999904E+02  2.2093655E+20  1.7643176E+00  1.0000000E-99  1.0000000E-99
  222  1.7237939E+05  8.3570737E-01  6.6299765E+02  2.1903518E+20  1.8099940E+00  1.0000000E-99  1.0000000E-99
  223  1.7315902E+05  8.3948710E-01  6.6599625E+02  2.1710841E+20  1.8574255E+00  1.0000000E-99  1.0000000E-99
  224  1.7393866E+05  8.4326683E-01  6.6899485E+02  2.1515558E+20  1.9067134E+00  1.0000000E-99  1.0000000E-99
  225  1.7471830E+05  8.4704656E-01  6.7199345E+02  2.1317596E+20  1.9579675E+00  1.0000000E-99  1.0000000E-99
  226  1.7549793E+05  8.5082629E-01  6.7499205E+02  2.1116880E+20  2.0113060E+00  1.0000000E-99  1.0000000E-99
  227  1.7627757E+05  8.5460602E-01  6.7799065E+02  2.0913331E+20  2.0668570E+00  1.0000000E-99  1.0000000E-99
  228  1.7705720E+05  8.5838575E-01  6.8098925E+02  2.0706865E+20  2.1247594E+00  1.0000000E-99  1.0000000E-99
  229  1.7783684E+05  8.6216548E-01  6.8398785E+02  2.0497394E+20  2.1851638E+00  1.0000000E-99  1.0000000E-99
  230  1.7861648E+05  8.6594521E-01  6.8698645E+02  2.0284825E+20  2.2482340E+00  1.0000000E-99  1.0000000E-99
  231  1.7939611E+05  8.6972494E-01  6.8998505E+02  2.0069060E+20  2.3141486E+00  1.0000000E-99  1.0000000E-99
  232  1.8017575E+05  8.7350467E-01  6.9298365E+02  1.9849994E+20  2.3831024E+00  1.0000000E-99  1.0000000E-99
  233  1.8095538E+05  8.7728440E-01  6.9598225E+02  1.9627517E+20  2.4553084E+00  1.0000000E-99  1.0000000E-99
  234  1.8173502E+05  8.8106413E-01  6.9898085E+02  1.9401511E+20  2.5309999E+00  1.0000000E-99  1.0000000E-99
  235  1.8251466E+05  8.8484386E-01  7.0197945E+02  1.9171852E+20  2.6104335E+00  1.0000000E-99  1.0000000E-99
  236  1.8329429E+05  8.8862359E-01  7.0497805E+02  1.8938407E+20  2.6938912E+00  1.0000000E-99  1.0000000E-99
  237  1.8407393E+05  8.9240333E-01  7.0797665E+02  1.8701033E+20  2.7816842E+00  1.0000000E-99  1.0000000E-99
  238  1.8485357E+05  8.9618306E-01  7.1097525E+02  1.8459580E+20  2.8741569E+00  1.0000000E-99  1.0000000E-99
  239  1.8563320E+05  8.9996279E-01  7.1397385E+02  1.8213886E+20  2.9716907E+00  1.0000000E-99  1.0000000E-99
  240  1.8641284E+05  9.0374252E-01  7.1697245E+02  1.7963775E+20  3.0747102E+00  1.0000000E-99  1.0000000E-99
  241  1.8719247E+05  9.0752225E-01  7.1997105E+02  1.7709061E+20  3.1836885E+00  1.0000000E-99  1.0000000E-99
  242  1.8797211E+05  9.1130198E-01  7.2296965E+02  1.7449543E+20  3.2991549E+00  1.0000000E-99  1.0000000E-99
  243  1.8875175E+05  9.1508171E-01  7.2596825E+02  1.7185003E+20  3.4217032E+00  1.0000000E-99  1.0000000E-99
  244  1.8953138E+05  9.1886144E-01  7.2896685E+02  1.6915205E+20  3.5520022E+00  1.0000000E-99  1.0000000E-99
  245  1.9031102E+05  9.2264117E-01  7.3196546E+02  1.6639893E+20  3.6908075E+00  1.0000000E-99  1.0000000E-99
  246  1.9109065E+05  9.2642090E-01  7.3496406E+02  1.6358789E+20  3.8389763E+00  1.0000000E-99  1.0000000E-99
  247  1.9187029E+05  9.3020063E-01  7.3796266E+02  1.6071590E+20  3.9974850E+00  1.0000000E-99  1.0000000E-99
  248  1.9264993E+05  9.3398036E-01  7.4096126E+02  1.5777962E+20  4.1674507E+00  1.0000000E-99  1.0000000E-99
  249  1.9342956E+05  9.3776009E-01  7.4395986E+02  1.5477539E+20  4.3501577E+00  1.0000000E-99  1.0000000E-99
  250  1.9420920E+05  9.4153982E-01  7.4695846E+02  1.5169918E+20  4.5470894E+00  1.0000000E-99  1.0000000E-99
  251  1.9498884E+05  9.4531955E-01  7.4995706E+02  1.4854651E+20  4.7599690E+00  1.0000000E-99  1.0000000E-99
  252  1.9576847E+05  9.4909928E-01  7.5295566E+02  1.4531241E+20  4.9908101E+00  1.0000000E-99  1.0000000E-99
  253  1.9654811E+05  9.5287901E-01  7.5595426E+02  1.4199132E+20  5.2419798E+00  1.0000000E-99  1.0000000E-99
  254  1.9732774E+05  9.5665875E-01  7.5895286E+02  1.3857698E+20  5.5162807E+00  1.0000000E-99  1.0000000E-99
  255  1.9810738E+05  9.6043848E-01  7.6195146E+02  1.3506231E+20  5.8170556E+00  1.0000000E-99  1.0000000E-99
  256  1.9888702E+05  9.6421821E-01  7.6495006E+02  1.3143928E+20  6.1483240E+00  1.0000000E-99  1.0000000E-99
  257  1.9966665E+05  9.6799794E-01  7.6794866E+02  1.2769865E+20  6.5149628E+00  1.0000000E-99  1.0000000E-99
  258  2.0044629E+05  9.7177767E-01  7.7094726E+02  1.2382978E+20  6.9229479E+00  1.0000000E-99  1.0000000E-99
  259  2.0122592E+05  9.7555740E-01  7.7394586E+02  1.1982024E+20  7.3796822E+00  1.0000000E-99  1.0000000E-99
  260  2.0200556E+05  9.7933713E-01  7.7694446E+02  1.1565539E+20  7.8944487E+00  1.0000000E-99  1.0000000E-99
  261  2.0278520E+05  9.8311686E-01  7.7994306E+02  1.1131782E+20  8.4790483E+00  1.0000000E-99  1.0000000E-99
  262  2.0356483E+05  9.8689659E-01  7.8294166E+02  1.0678646E+20  9.1487155E+00  1.0000000E-99  1.0000000E-99
  263  2.0434447E+05  9.9067632E-01  7.8594026E+02  1.0203552E+20  9.9234667E+00  1.0000000E-99  1.0000000E-99
  264  2.0512410E+05  9.9445605E-01  7.8893886E+02  9.7032740E+19  1.0830136E+01  1.0000000E-99  1.0000000E-99
  265  2.0590374E+05  9.9823578E-01  7.9193746E+02  9.1736927E+19  1.1905554E+01  1.0000000E-99  1.0000000E-99
  266  2.0668338E+05  1.0020155E+00  7.9493606E+02  8.6094024E+19  1.3201676E+01  1.0000000E-99  1.0000000E-99
  267  2.0746301E+05  1.0057952E+00  7.9793467E+02  8.0030645E+19  1.4794259E+01  1.0000000E-99  1.0000000E-99
  268  2.0824265E+05  1.0095750E+00  8.0093327E+02  7.3442723E+19  1.6798259E+01  1.0000000E-99  1.0000000E-99
  269  2.0902229E+05  1.0133547E+00  8.0393187E+02  6.6173780E+19  1.9397016E+01  1.0000000E-99  1.0000000E-99
  270  2.0980192E+05  1.0171344E+00  8.0693047E+02  5.7968188E+19  2.2902129E+01  1.0000000E-99  1.0000000E-99
  271  2.1058156E+05  1.0209142E+00  8.0992907E+02  4.8351407E+19  2.7889892E+01  1.0000000E-99  1.0000000E-99
  272  2.1136119E+05  1.0246939E+00  8.1292767E+02  3.6216189E+19  3.5560210E+01  1.0000000E-99  1.0000000E-99
  273  2.1214083E+05  1.0284736E+00  8.1592627E+02  1.6780118E+19  4.8905558E+01  1.0000000E-99  1.0000000E-99
  274  2.1292047E+05  1.0322534E+00  8.1892487E+02  2.1507633E-06  7.8201037E+01  1.0000000E-99  1.0000000E-99
  275  2.1370010E+05  1.0360331E+00  8.2192347E+02  2.1507633E-06  7.8201037E+01  1.0000000E-99  1.0000000E-99
  276  2.1447974E+05  1.0398128E+00  8.2492207E+02  2.1507633E-06  1.0000000E-99  1.0000000E-99  1.0000000E-99
  277  2.1525937E+05  1.0435925E+00  8.2792067E+02  2.1507633E-06  1.0000000E-99  1.0000000E-99  1.0000000E-99
  278  2.1603901E+05  1.0473723E+00  8.3091927E+02  2.1507633E-06  1.0000000E-99  1.0000000E-99  1.0000000E-99
  279  2.1681865E+05  1.0511520E+00  8.3391787E+02  2.1507633E-06  1.0000000E-99  1.0000000E-99  1.0000000E-99
  280  2.1759828E+05  1.0549317E+00  8.3691647E+02  2.1507633E-06  1.0000000E-99  1.0000000E-99  1.0000000E-99
  281  2.1837792E+05  1.0587115E+00  8.3991507E+02  2.1507633E-06  1.0000000E-99  1.0000000E-99  1.0000000E-99
  282  2.1915755E+05  1.0624912E+00  8.4291367E+02  2.1507633E-06  1.0000000E-99  1.0000000E-99  1.0000000E-99
  283  2.1993719E+05  1.0662709E+00  8.4591227E+02  2.1507633E-06  1.0000000E-99  1.0000000E-99  1.0000000E-99
  284  2.2071683E+05  1.0700507E+00  8.4891087E+02  2.1507633E-06  1.0000000E-99  1.0000000E-99  1.0000000E-99
  285  2.2149646E+05  1.0738304E+00  8.5190947E+02  2.1507633E-06  1.0000000E-99  1.0000000E-99  1.0000000E-99
  286  2.2227610E+05  1.0776101E+00  8.5490807E+02  2.1507633E-06  1.0000000E-99  1.0000000E-99  1.0000000E-99
  287  2.2305574E+05  1.0813899E+00  8.5790667E+02  2.1507633E-06  1.0000000E-99  1.0000000E-99  1.0000000E-99
  288  2.2383537E+05  1.0851696E+00  8.6090527E+02  2.1507633E-06  1.0000000E-99  1.0000000E-99  1.0000000E-99
  289  2.2461501E+05  1.0889493E+00  8.6390387E+02  2.1507633E-06  1.0000000E-99  1.0000000E-99  1.0000000E-99
  290  2.2539464E+05  1.0927290E+00  8.6690248E+02  2.1507633E-06  1.0000000E-99  1.0000000E-99  1.0000000E-99
  291  2.2617428E+05  1.0965088E+00  8.6990108E+02  2.1507633E-06  1.0000000E-99  1.0000000E-99  1.0000000E-99
  292  2.2695392E+05  1.1002885E+00  8.7289968E+02  2.1507633E-06  1.0000000E-99  1.0000000E-99  1.0000000E-99
  293  2.2773355E+05  1.1040682E+00  8.7589828E+02  2.1507633E-06  1.0000000E-99  1.0000000E-99  1.0000000E-99
  294  2.2851319E+05  1.1078480E+00  8.7889688E+02  2.1507633E-06  1.0000000E-99  1.0000000E-99  1.0000000E-99
  295  2.2929282E+05  1.1116277E+00  8.8189548E+02  2.1507633E-06  1.0000000E-99  1.0000000E-99  1.0000000E-99
  296  2.3007246E+05  1.1154074E+00  8.8489408E+02  2.1507633E-06  1.0000000E-99  1.0000000E-99  1.0000000E-99
  297  2.3085210E+05  1.1191872E+00  8.8789268E+02  2.1507633E-06  1.0000000E-99  1.0000000E-99  1.0000000E-99
  298  2.3163173E+05  1.1229669E+00  8.9089128E+02  2.1507633E-06  1.0000000E-99  1.0000000E-99  1.0000000E-99
  299  2.3241137E+05  1.1267466E+00  8.9388988E+02  2.1507633E-06  1.0000000E-99  1.0000000E-99  1.0000000E-99
