! mass-weighted dust temperature of the middle part of the cylinder, |z| < 2.032 pc, against R
!        R(AU)    cells   frac T=0       T(K)     rms(K)
   1.85260e-01       92      0.978    11.4769     1.4172
   2.55730e-01      122      0.984    16.1611     5.6574
   2.67782e-01      124      0.992    19.6381     0.0000
   2.80402e-01      130      0.992    17.7954     0.0000
   2.93617e-01      130      0.985     4.9063     0.9174
   3.07455e-01      138      0.993    16.1733     0.0000
   3.21945e-01      144      0.993    21.3975     0.0000
   3.37118e-01      146      0.979    19.3274     2.9517
   3.53006e-01      148      0.966     8.4732     1.8462
   3.69642e-01      156      0.981    17.4381     1.8086
   3.87063e-01      156      0.974    10.8859     0.7363
   4.05305e-01      164      0.976    14.4765     3.4253
   4.24406e-01      168      0.976    13.7366     3.6684
   4.44408e-01      172      0.959     9.3866     1.8850
   4.65352e-01      172      0.977    15.4921     1.2874
   4.87284e-01      182      0.984    12.2000     2.4648
   5.10249e-01      184      0.967    15.1166     3.6741
   5.34296e-01      188      0.968    12.8152     3.2785
   5.59476e-01      196      0.959    11.4212     1.0834
   5.85844e-01      196      0.954     7.7250     1.7487
   6.13454e-01      200      0.945     8.3312     1.4473
   6.42365e-01      206      0.961     6.9110     1.7249
   6.72639e-01      210      0.938     8.1960     3.9438
   7.04339e-01      216      0.944    11.5133     1.1316
   7.37534e-01      218      0.940     4.4177     2.4583
   7.72292e-01      224      0.924     8.2624     2.9127
   8.08689e-01      224      0.933     7.3024     1.5909
   8.46802e-01      230      0.957     6.8107     1.3538
   8.86710e-01      240      0.929     9.5150     3.1771
   9.28500e-01      236      0.928     3.1797     2.2679
   9.72259e-01      248      0.915     7.2007     2.4529
   1.01808e+00      248      0.923    10.5699     0.9031
   1.06606e+00      252      0.917     5.6352     1.8009
   1.11630e+00      256      0.934     6.3205     2.6748
   1.16891e+00      262      0.897     8.0103     1.0124
   1.22400e+00      266      0.910     7.3550     1.8479
   1.28169e+00      272      0.901     8.1804     1.0354
   1.34209e+00      274      0.883     8.4383     2.2989
   1.40534e+00      276      0.877     8.3599     1.4915
   1.47157e+00      280      0.868     7.6502     2.6246
   1.54093e+00      290      0.845     7.4955     1.2986
   1.61355e+00      290      0.841     8.3346     1.0425
   1.68959e+00      298      0.815     8.1668     2.2094
   1.76922e+00      298      0.822     7.1719     1.0688
   1.85260e+00      304      0.812     6.8008     2.4109
   1.93991e+00      308      0.818     8.3414     1.9597
   2.03134e+00      312      0.779     6.1905     2.0287
   2.12707e+00      320      0.775     8.2148     1.2438
   2.22732e+00      320      0.766     7.1142     1.4376
   2.33229e+00      326      0.752     7.9343     1.6284
   2.44220e+00      328      0.747     8.0959     1.8189
   2.55730e+00      334      0.716     7.2981     1.3753
   2.67782e+00      340      0.715     7.9680     1.3200
   2.80402e+00      342      0.705     7.2464     2.5164
   2.93617e+00      348      0.678     7.4518     2.0956
   3.07455e+00      350      0.660     7.3942     2.1592
   3.21945e+00      354      0.650     7.2949     1.6458
   3.37118e+00      362      0.633     7.2436     1.1422
   3.53006e+00      362      0.599     6.9891     2.1645
   3.69642e+00      370      0.576     7.9658     1.2209
   3.87063e+00      372      0.570     7.7020     0.9217
   4.05305e+00      378      0.563     7.4051     1.1826
   4.24406e+00      378      0.545     7.5769     1.4428
   4.44408e+00      386      0.526     7.3043     1.1227
   4.65352e+00      390      0.495     7.4173     1.2109
   4.87284e+00      396      0.470     7.3939     1.0436
   5.10249e+00      398      0.462     7.3675     0.9954
   5.34296e+00      402      0.445     7.5308     1.1009
   5.59476e+00      404      0.433     7.8015     1.3072
   5.85844e+00      412      0.415     7.8426     1.4434
   6.13454e+00      416      0.406     7.8242     0.9489
   6.42365e+00      422      0.367     7.3505     0.8462
   6.72639e+00      420      0.386     7.5195     0.9295
   7.04339e+00      430      0.358     7.7150     1.2036
   7.37534e+00      432      0.352     7.9694     0.9501
   7.72292e+00      434      0.353     7.6449     0.8705
   8.08689e+00      446      0.314     7.5364     0.9844
   8.46802e+00      444      0.302     7.8515     0.8569
   8.86710e+00      448      0.319     7.7929     0.8186
   9.28500e+00      454      0.293     7.6984     0.8522
   9.72259e+00      460      0.285     7.7501     0.8965
   1.01808e+01      460      0.283     7.7988     0.8057
   1.06606e+01      468      0.271     8.1278     0.6433
   1.11630e+01      474      0.253     8.1501     0.6677
   1.16891e+01      470      0.247     7.9790     0.8476
   1.22400e+01      480      0.229     8.0409     0.7404
   1.28169e+01      488      0.211     7.9065     0.7443
   1.34209e+01      482      0.210     7.9290     0.6229
   1.40534e+01      496      0.196     7.9140     0.5316
   1.47157e+01      498      0.201     7.8963     0.6526
   1.54093e+01      500      0.176     7.8659     0.4954
   1.61355e+01      502      0.165     8.1233     0.5676
   1.68959e+01      512      0.158     7.9407     0.4954
   1.76922e+01      512      0.168     7.9674     0.5748
   1.85260e+01      520      0.140     8.0444     0.4441
   1.93991e+01      524      0.130     7.9294     0.4159
   2.03134e+01      524      0.124     7.9669     0.5236
   2.12707e+01      530      0.123     7.9468     0.4015
   2.22732e+01      536      0.108     8.1683     0.5337
   2.33229e+01      538      0.102     7.9844     0.3807
   2.44220e+01      546      0.090     8.0641     0.3837
   2.55730e+01      542      0.090     8.1268     0.5433
   2.67782e+01      550      0.082     7.8954     0.7435
   2.80402e+01      550      0.073     7.8862     0.7166
   2.93617e+01      554      0.072     7.9276     0.6624
   3.07455e+01      564      0.071     7.8907     0.6398
   3.21945e+01      562      0.080     7.8841     0.6205
   3.37118e+01      568      0.058     7.8881     0.5942
   3.53006e+01      572      0.061     7.9439     0.5704
   3.69642e+01      578      0.048     7.9509     0.5755
   3.87063e+01      582      0.052     7.9145     0.5332
   4.05305e+01      584      0.046     7.9565     0.5172
   4.24406e+01      592      0.042     7.9578     0.4972
   4.44408e+01      594      0.040     7.9544     0.4872
   4.65352e+01      598      0.025     7.9710     0.4738
   4.87284e+01      604      0.026     7.9724     0.4273
   5.10249e+01      604      0.017     7.9714     0.4140
   5.34296e+01      610      0.015     7.9762     0.4002
   5.59476e+01      608      0.015     7.9605     0.4111
   5.85844e+01      608      0.013     7.9743     0.4064
   6.13454e+01      606      0.017     7.9731     0.3882
   6.42365e+01      608      0.012     7.9852     0.4039
   6.72639e+01      606      0.013     7.9765     0.3858
   7.04339e+01      612      0.013     7.9992     0.3553
   7.37534e+01      604      0.008     7.9928     0.3710
   7.72292e+01      610      0.008     8.0124     0.3587
   8.08689e+01      604      0.005     8.0068     0.3403
   8.46802e+01      612      0.005     8.0008     0.3552
   8.86710e+01      604      0.002     7.9886     0.3375
   9.28500e+01      610      0.000     8.0064     0.3433
   9.72259e+01      610      0.000     8.0006     0.3361
   1.01808e+02      608      0.000     7.9948     0.3001
   1.06606e+02      606      0.002     7.9953     0.3113
   1.11630e+02      610      0.000     8.0008     0.3030
   1.16891e+02      610      0.000     8.0030     0.2906
   1.22400e+02      608      0.000     8.0108     0.2884
   1.28169e+02      610      0.000     8.0039     0.2724
   1.34209e+02      608      0.000     8.0228     0.2780
   1.40534e+02      612      0.000     8.0331     0.2677
   1.47157e+02      610      0.000     8.0259     0.2653
   1.54093e+02      612      0.000     8.0250     0.2506
   1.61355e+02      610      0.000     8.0154     0.2529
   1.68959e+02      614      0.000     8.0180     0.2366
   1.76922e+02      612      0.000     8.0246     0.2369
   1.85260e+02      612      0.000     8.0248     0.2245
   1.93991e+02      610      0.000     8.0354     0.2372
   2.03134e+02      622      0.000     8.0291     0.2219
   2.12707e+02      608      0.000     8.0273     0.2312
   2.22732e+02      622      0.000     8.0258     0.2197
   2.33229e+02      620      0.000     8.0247     0.2032
   2.44220e+02      626      0.000     8.0308     0.1919
   2.55730e+02      640      0.000     8.0403     0.1911
   2.67782e+02      632      0.000     8.0455     0.1805
   2.80402e+02      650      0.000     8.0225     0.1828
   2.93617e+02      656      0.000     8.0350     0.1766
   3.07455e+02      684      0.000     8.0351     0.1674
   3.21945e+02      648      0.000     8.0426     0.1751
   3.37118e+02      658      0.000     8.0372     0.1746
   3.53006e+02      664      0.000     8.0432     0.1584
   3.69642e+02      676      0.000     8.0483     0.1595
   3.87063e+02      688      0.000     8.0519     0.1613
   4.05305e+02      694      0.000     8.0456     0.1459
   4.24406e+02      714      0.000     8.0316     0.1415
   4.44408e+02      722      0.000     8.0370     0.1527
   4.65352e+02      740      0.000     8.0396     0.1495
   4.87284e+02      760      0.000     8.0365     0.1362
   5.10249e+02      774      0.000     8.0506     0.1369
   5.34296e+02      820      0.000     8.0569     0.1389
   5.59476e+02      826      0.000     8.0521     0.1363
   5.85844e+02      886      0.000     8.0512     0.1289
   6.13454e+02      964      0.000     8.0436     0.1293
   6.42365e+02     1008      0.000     8.0572     0.1234
   6.72639e+02      990      0.000     8.0705     0.1236
   7.04339e+02      994      0.000     8.0668     0.1190
   7.37534e+02      990      0.000     8.0786     0.1230
   7.72292e+02      982      0.000     8.0716     0.1179
   8.08689e+02      992      0.000     8.0792     0.1178
   8.46802e+02      960      0.000     8.0795     0.1072
   8.86710e+02      972      0.000     8.0891     0.1117
   9.28500e+02      974      0.000     8.0982     0.1062
   9.72259e+02      952      0.000     8.0912     0.1031
   1.01808e+03      970      0.000     8.0908     0.0986
   1.06606e+03      938      0.000     8.0945     0.0952
   1.11630e+03      958      0.000     8.1029     0.0898
   1.16891e+03      950      0.000     8.1066     0.0911
   1.22400e+03      928      0.000     8.1141     0.0876
   1.28169e+03      944      0.000     8.1187     0.0783
   1.34209e+03      934      0.000     8.1277     0.0813
   1.40534e+03      936      0.000     8.1296     0.0810
   1.47157e+03      912      0.000     8.1400     0.0755
   1.54093e+03      918      0.000     8.1509     0.0745
   1.61355e+03      920      0.000     8.1563     0.0784
   1.68959e+03      902      0.000     8.1595     0.0721
   1.76922e+03      914      0.000     8.1779     0.0733
   1.85260e+03      898      0.000     8.1907     0.0717
   1.93991e+03      898      0.000     8.2016     0.0726
   2.03134e+03      902      0.000     8.2174     0.0691
   2.12707e+03      878      0.000     8.2336     0.0679
   2.22732e+03      888      0.000     8.2443     0.0668
   2.33229e+03      880      0.000     8.2675     0.0662
   2.44220e+03      888      0.000     8.2850     0.0636
   2.55730e+03      862      0.000     8.3035     0.0619
   2.67782e+03      866      0.000     8.3315     0.0596
   2.80402e+03      866      0.000     8.3532     0.0625
   2.93617e+03      862      0.000     8.3774     0.0596
   3.07455e+03      860      0.000     8.4082     0.0581
   3.21945e+03      846      0.000     8.4349     0.0552
   3.37118e+03      848      0.000     8.4692     0.0565
   3.53006e+03      846      0.000     8.5039     0.0553
   3.69642e+03      828      0.000     8.5385     0.0584
   3.87063e+03      840      0.000     8.5772     0.0581
   4.05305e+03      828      0.000     8.6183     0.0554
   4.24406e+03      830      0.000     8.6635     0.0554
   4.44408e+03      816      0.000     8.7096     0.0573
   4.65352e+03      812      0.000     8.7581     0.0591
   4.87284e+03      820      0.000     8.8083     0.0597
   5.10249e+03      806      0.000     8.8655     0.0557
   5.34296e+03      808      0.000     8.9253     0.0530
   5.59476e+03      790      0.000     8.9899     0.0538
   5.85844e+03      800      0.000     9.0564     0.0532
   6.13454e+03      798      0.000     9.1312     0.0523
   6.42365e+03      776      0.000     9.1997     0.0539
   6.72639e+03      786      0.000     9.2761     0.0565
   7.04339e+03      778      0.000     9.3542     0.0525
   7.37534e+03      778      0.000     9.4396     0.0489
   7.72292e+03      764      0.000     9.5282     0.0522
   8.08689e+03      762      0.000     9.6213     0.0503
   8.46802e+03      770      0.000     9.7184     0.0521
   8.86710e+03      752      0.000     9.8159     0.0533
   9.28500e+03      760      0.000     9.9182     0.0493
   9.72259e+03      736      0.000    10.0269     0.0468
   1.01808e+04      748      0.000    10.1371     0.0501
   1.06606e+04      750      0.000    10.2493     0.0524
   1.11630e+04      722      0.000    10.3699     0.0534
   1.16891e+04      734      0.000    10.4912     0.0508
   1.22400e+04      724      0.000    10.6154     0.0510
   1.28169e+04      732      0.000    10.7425     0.0501
   1.34209e+04      708      0.000    10.8735     0.0494
   1.40534e+04      716      0.000    11.0065     0.0519
   1.47157e+04      714      0.000    11.1481     0.0532
   1.54093e+04      704      0.000    11.2871     0.0519
   1.61355e+04      706      0.000    11.4300     0.0497
   1.68959e+04      688      0.000    11.5765     0.0523
   1.76922e+04      694      0.000    11.7314     0.0509
   1.85260e+04      700      0.000    11.8840     0.0533
   1.93991e+04      666      0.000    12.0396     0.0541
   2.03134e+04      690      0.000    12.2032     0.0566
   2.12707e+04      670      0.000    12.3678     0.0549
   2.22732e+04      680      0.000    12.5380     0.0542
   2.33229e+04      658      0.000    12.7121     0.0559
   2.44220e+04      664      0.000    12.8898     0.0581
   2.55730e+04      660      0.000    13.0707     0.0577
   2.67782e+04      654      0.000    13.2552     0.0576
   2.80402e+04      662      0.000    13.4430     0.0588
   2.93617e+04      632      0.000    13.6380     0.0609
   3.07455e+04      642      0.000    13.8380     0.0594
   3.21945e+04      646      0.000    14.0399     0.0644
   3.37118e+04      618      0.000    14.2502     0.0618
   3.53006e+04      640      0.000    14.4633     0.0655
   3.69642e+04      614      0.000    14.6849     0.0651
   3.87063e+04      628      0.000    14.9066     0.0684
   4.05305e+04      612      0.000    15.1383     0.0674
   4.24406e+04      608      0.000    15.3728     0.0725
   4.44408e+04      612      0.000    15.6120     0.0716
   4.65352e+04      604      0.000    15.8620     0.0752
   4.87284e+04      606      0.000    16.1139     0.0723
   5.10249e+04      580      0.000    16.3710     0.0764
   5.34296e+04      588      0.000    16.6304     0.0730
   5.59476e+04      598      0.000    16.8949     0.0827
   5.85844e+04      570      0.000    17.1710     0.0784
   6.13454e+04      592      0.000    17.4462     0.0832
   6.42365e+04      560      0.000    17.7268     0.0813
   6.72639e+04      580      0.000    18.0112     0.0859
   7.04339e+04      566      0.000    18.3010     0.0842
   7.37534e+04      554      0.000    18.6000     0.0890
   7.72292e+04      560      0.000    18.9011     0.0862
   8.08689e+04      556      0.000    19.2187     0.0961
   8.46802e+04      554      0.000    19.5390     0.0900
   8.86710e+04      536      0.000    19.8679     0.1032
   9.28500e+04      536      0.000    20.2210     0.1035
   9.72259e+04      544      0.000    20.6092     0.1232
   1.01808e+05      520      0.000    21.0210     0.1205
   1.06606e+05       58      0.000    21.2901     0.0520
