# radiative transfer cores injected into simsky6.w40
# tag  y_pix  x_pix  M_BE(Msun)  R_BE(arcsec)  SD_emb(cm-2)  FWHM(arcsec)  Td_avg(K)  local_column(cm-2)
i04j19k15     1273   210     0.1216      42.73        3e+21      69.23    13.13    3.645e+21
i04j19k15      413  1685     0.1216      42.73        3e+21      69.23    13.13    3.584e+21
i04j19k15      503   270     0.1216      42.73        3e+21      69.23    13.13    3.877e+21
i04j19k15      388    59     0.1216      42.73        3e+21      69.23    13.13    3.084e+21
i04j19k15      833   137     0.1216      42.73        3e+21      69.23    13.13    2.321e+21
i04j19k15     1076    45     0.1216      42.73        3e+21      69.23    13.13    2.519e+21
i04j19k15      606   132     0.1216      42.73        3e+21      69.23    13.13    2.253e+21
i04j19k15      965    91     0.1216      42.73        3e+21      69.23    13.13    2.454e+21
i08j19k09     1564   896     0.1218      11.77      4.8e+22      19.13     7.46    4.586e+22
i08j19k09      692  1110     0.1218      11.77      4.8e+22      19.13     7.46    4.281e+22
i08j19k09     1324  1108     0.1218      11.77      4.8e+22      19.13     7.46    3.636e+22
i08j19k09      180  1133     0.1218      11.77      4.8e+22      19.13     7.46    3.652e+22
i08j19k09      372  1113     0.1218      11.77      4.8e+22      19.13     7.46    5.318e+22
i08j19k09     1627  1108     0.1218      11.77      4.8e+22      19.13     7.46    3.574e+22
i08j19k09      429   897     0.1218      11.77      4.8e+22      19.13     7.46    4.677e+22
i08j19k09     1461   892     0.1218      11.77      4.8e+22      19.13     7.46     3.68e+22
i04j20k03     1372   505     0.1808      10.17        3e+21      15.62     9.05    2.916e+21
i04j20k03      994  1659     0.1808      10.17        3e+21      15.62     9.05     3.13e+21
i04j20k03     1241   500     0.1808      10.17        3e+21      15.62     9.05     3.64e+21
i04j20k03      282   381     0.1808      10.17        3e+21      15.62     9.05    3.167e+21
i04j20k03      977   365     0.1808      10.17        3e+21      15.62     9.05     4.14e+21
i04j20k03      820  1391     0.1808      10.17        3e+21      15.62     9.05    4.086e+21
i04j20k03     1511  1455     0.1808      10.17        3e+21      15.62     9.05    4.002e+21
i04j20k03     1103   274     0.1808      10.17        3e+21      15.62     9.05    2.621e+21
i05j21k15     1574  1267     0.2682      44.55        6e+21      70.73    10.96    4.783e+21
i05j21k15       72  1296     0.2682      44.55        6e+21      70.73    10.96      5.1e+21
i05j21k15     1548   646     0.2682      44.55        6e+21      70.73    10.96    7.902e+21
i05j21k15     1243  1201     0.2682      44.55        6e+21      70.73    10.96    8.376e+21
i05j21k15      721   751     0.2682      44.55        6e+21      70.73    10.96    4.885e+21
i05j21k15      585  1372     0.2682      44.55        6e+21      70.73    10.96    7.102e+21
i05j21k15      549   637     0.2682      44.55        6e+21      70.73    10.96    8.216e+21
i05j21k15     1358   602     0.2682      44.55        6e+21      70.73    10.96    5.227e+21
i04j21k01     1190    46     0.2683      20.24        3e+21      17.60    10.01    2.861e+21
i04j21k01     1063  1435     0.2683      20.24        3e+21      17.60    10.01      2.8e+21
i04j21k01      110   255     0.2683      20.24        3e+21      17.60    10.01    2.991e+21
i04j21k01      597   313     0.2683      20.24        3e+21      17.60    10.01    4.238e+21
i04j21k01     1610   240     0.2683      20.24        3e+21      17.60    10.01    2.888e+21
i04j21k01     1465   231     0.2683      20.24        3e+21      17.60    10.01    4.224e+21
i04j21k01      766   344     0.2683      20.24        3e+21      17.60    10.01    4.036e+21
i04j21k01     1323  1737     0.2683      20.24        3e+21      17.60    10.01    2.233e+21
i08j22k02     1557  1133     0.3981      30.10      4.8e+22      18.43     7.34    3.579e+22
i08j22k02       94  1113     0.3981      30.10      4.8e+22      18.43     7.34    5.282e+22
i08j22k02     1151  1134     0.3981      30.10      4.8e+22      18.43     7.34    3.435e+22
i08j22k02      908  1126     0.3981      30.10      4.8e+22      18.43     7.34    6.346e+22
i08j22k02      119   899     0.3981      30.10      4.8e+22      18.43     7.34    4.334e+22
i08j22k02      839  1130     0.3981      30.10      4.8e+22      18.43     7.34    4.468e+22
i08j22k02      663   901     0.3981      30.10      4.8e+22      18.43     7.34    3.673e+22
i08j22k02      583  1131     0.3981      30.10      4.8e+22      18.43     7.34    4.125e+22
i04j23k08     1377   217     0.5907      26.92        3e+21      22.78    10.05    3.838e+21
i04j23k08     1270   417     0.5907      26.92        3e+21      22.78    10.05    3.155e+21
i04j23k08      535  1277     0.5907      26.92        3e+21      22.78    10.05    4.135e+21
i04j23k08      246   261     0.5907      26.92        3e+21      22.78    10.05    3.305e+21
i04j23k08      170   544     0.5907      26.92        3e+21      22.78    10.05    3.341e+21
i04j23k08     1317   102     0.5907      26.92        3e+21      22.78    10.05    2.644e+21
i04j23k08      108  1726     0.5907      26.92        3e+21      22.78    10.05    3.378e+21
i04j23k08     1199   194     0.5907      26.92        3e+21      22.78    10.05    3.221e+21
i04j24k15     1604    63     0.8765      51.73        3e+21      73.33    11.72    3.583e+21
i04j24k15       79   561     0.8765      51.73        3e+21      73.33    11.72    3.228e+21
i04j24k15     1487   100     0.8765      51.73        3e+21      73.33    11.72    2.533e+21
i04j24k15      835  1250     0.8765      51.73        3e+21      73.33    11.72    4.215e+21
i04j24k15      805   265     0.8765      51.73        3e+21      73.33    11.72    3.954e+21
i04j24k15      378   358     0.8765      51.73        3e+21      73.33    11.72    3.502e+21
i04j24k15      878   255     0.8765      51.73        3e+21      73.33    11.72    3.001e+21
i04j24k15      431   785     0.8765      51.73        3e+21      73.33    11.72    4.039e+21
i06j24k15     1636   692     0.8770      54.88      1.2e+22      74.22     9.20     9.89e+21
i06j24k15      646   436     0.8770      54.88      1.2e+22      74.22     9.20    9.316e+21
i06j24k15      453  1170     0.8770      54.88      1.2e+22      74.22     9.20    1.235e+22
i06j24k15     1053   873     0.8770      54.88      1.2e+22      74.22     9.20    1.534e+22
i06j24k15     1257   651     0.8770      54.88      1.2e+22      74.22     9.20    1.065e+22
i06j24k15      797   862     0.8770      54.88      1.2e+22      74.22     9.20    1.169e+22
i06j24k15     1394   692     0.8770      54.88      1.2e+22      74.22     9.20    1.133e+22
i06j24k15       67   659     0.8770      54.88      1.2e+22      74.22     9.20    1.482e+22
i05j26k14     1385  1210     1.9300      74.01        6e+21      60.43    10.16    7.454e+21
i05j26k14     1508   723     1.9300      74.01        6e+21      60.43    10.16    6.769e+21
i05j26k14     1141  1500     1.9300      74.01        6e+21      60.43    10.16    5.013e+21
i05j26k14      661  1205     1.9300      74.01        6e+21      60.43    10.16    8.031e+21
i05j26k14      811  1516     1.9300      74.01        6e+21      60.43    10.16     6.68e+21
i05j26k14       90  1404     1.9300      74.01        6e+21      60.43    10.16    4.645e+21
i05j26k14     1043  1237     1.9300      74.01        6e+21      60.43    10.16    4.979e+21
i05j26k14      312   839     1.9300      74.01        6e+21      60.43    10.16    7.284e+21
i06j27k14      545  1043     2.8651     119.74      1.2e+22      61.58     9.15    8.945e+21
i06j27k14      740   943     2.8651     119.74      1.2e+22      61.58     9.15    9.327e+21
i06j27k14     1036  1032     2.8651     119.74      1.2e+22      61.58     9.15    9.111e+21
i06j27k14      154   684     2.8651     119.74      1.2e+22      61.58     9.15    1.499e+22
i06j27k14       82  1540     2.8651     119.74      1.2e+22      61.58     9.15    1.227e+22
i06j27k14     1250   943     2.8651     119.74      1.2e+22      61.58     9.15    9.299e+21
i06j27k14      814   945     2.8651     119.74      1.2e+22      61.58     9.15    9.421e+21
i06j27k14      204  1354     2.8651     119.74      1.2e+22      61.58     9.15    1.681e+22
i04j28k11     1413  1689     4.2534     235.81        3e+21      32.32    12.22     2.93e+21
i04j28k11     1590   145     4.2534     235.81        3e+21      32.32    12.22    2.715e+21
i04j28k11     1031   283     4.2534     235.81        3e+21      32.32    12.22    2.994e+21
i04j28k11      876  1673     4.2534     235.81        3e+21      32.32    12.22    2.534e+21
i04j28k11     1670   139     4.2534     235.81        3e+21      32.32    12.22    2.403e+21
i04j28k11      100   168     4.2534     235.81        3e+21      32.32    12.22    2.753e+21
i04j28k11     1295   315     4.2534     235.81        3e+21      32.32    12.22     3.04e+21
i04j28k11     1542  1693     4.2534     235.81        3e+21      32.32    12.22    3.605e+21
