# Injection truth table -- cmf2.00_n600_s2033  seed=2033
# observed-size cut FWHMSDbs in [15.0, 80.0] arcsec: 356 of 518 grid nodes retained
# Core mass function sampling:
# dN/dM proportional to M^(-2.00)  (dN/dlogM proportional to M^(-1.00))
# 600 reported masses drawn on [0.05, 6] M_sun; median 0.103 M_sun
# 600 cores assigned to 76 distinct grid nodes
# drawn reported mass versus node reported mass M_SED4bs: median 0.103 versus 0.0643 M_sun, median |log10 ratio| 0.167 dex
# drawn contrast versus node contrast at the drawn column: median 1.231 versus 1.242, median |log10 ratio| 0.012 dex
# drawn observed size versus node size FWHMSDbs: median 40.3 versus 41.6 arcsec, median |log10 ratio| 0.064 dex
# target background column: median 5.04e+21 cm^-2 (5th 3.06e+21, 95th 1.63e+22)
# slope of the true masses M_BE actually assigned, above 0.10 M_sun: x = 1.49 +/- 0.09  (nominal input x = 1.00)
# slope of the true masses M_BE actually assigned, above 0.20 M_sun: x = 1.29 +/- 0.13  (nominal input x = 1.00)
# centers of injected cores must clear the footprints of the real sources by 18.2 arcsec; the footprints themselves cover 6.5% of the field
# sep_criterion=36.3"  scale_factor=1  local_Sigma/SD_emb in cm-2  T_BE in K  rho_BE in cm-3  M_BE in Msun  R_BE_as in arcsec (truncation radius of the sphere)  FWHM_SD in arcsec (observed major axis at half maximum of the model in the surface-density image, FWHMSDbs)
# id    model         x_pix  y_pix  local_Sigma  SD_emb       T_BE   rho_BE       M_BE    R_BE_as  FWHM_SD  scale
#----------------------------------------------------------------------------------------------------------------
  001  i03j15k08       135    604    1.448e+22    1.200e+22    9.39    1.570e-19  3.2370   131.32    76.23  1
  002  i03j15k08       423    364    1.783e+22    1.200e+22    9.39    1.570e-19  3.2370   131.32    76.23  1
  003  i04j15k07       338    387    2.404e+22    2.400e+22    8.28    4.020e-19  3.2385   168.92    49.81  1
  004  i04j16k07       327    310    2.195e+22    2.400e+22    8.24    4.688e-19  4.9715   293.15    47.41  1
  005  i04j14k07       288    356    3.436e+22    2.400e+22    8.29    3.863e-19  2.1087    99.15    49.47  1
  006  i03j14k08       262    386    1.606e+22    1.200e+22    9.46    1.359e-19  2.1090    88.03    76.71  1
  007  i04j14k05       526    441    1.646e+22    2.400e+22    7.77    3.227e-18  2.1090   136.05    25.86  1
  008  i03j14k07       212    309    3.034e+22    1.200e+22    9.07    4.203e-19  2.1090    89.47    49.22  1
  009  i03j14k07       156    306    1.420e+22    1.200e+22    9.07    4.203e-19  2.1090    89.47    49.22  1
  010  i03j13k04       724    652    9.751e+21    1.200e+22    7.79    7.642e-18  1.3736    88.39    22.35  1
  011  i03j13k08       152    183    1.628e+22    1.200e+22    9.55    1.131e-19  1.3733    66.36    75.60  1
  012  i03j13k08        48    669    1.474e+22    1.200e+22    9.55    1.131e-19  1.3733    66.36    75.60  1
  013  i03j12k08       477    376    1.461e+22    1.200e+22    9.67    8.537e-20  0.8945    55.27    74.38  1
  014  i03j12k08        78    610    1.381e+22    1.200e+22    9.67    8.537e-20  0.8945    55.27    74.38  1
  015  i03j10k08       582    543    9.921e+21    1.200e+22    9.88    4.058e-20  0.3789    46.31    71.51  1
  016  i03j10k08       151    529    1.501e+22    1.200e+22    9.88    4.058e-20  0.3789    46.31    71.51  1
  017  i03j10k08       109    167    1.121e+22    1.200e+22    9.88    4.058e-20  0.3789    46.31    71.51  1
  018  i03j10k08       492    340    9.414e+21    1.200e+22    9.88    4.058e-20  0.3789    46.31    71.51  1
  019  i03j10k08       788    737    1.006e+22    1.200e+22    9.88    4.058e-20  0.3789    46.31    71.51  1
  020  i03j10k08       550    483    1.455e+22    1.200e+22    9.88    4.058e-20  0.3789    46.31    71.51  1
  021  i03j10k08       108    664    1.006e+22    1.200e+22    9.88    4.058e-20  0.3789    46.31    71.51  1
  022  i02j10k08       642    362    8.978e+21    6.000e+21   11.28    4.053e-20  0.3793    45.79    71.36  1
  023  i02j10k08       158    680    7.652e+21    6.000e+21   11.28    4.053e-20  0.3793    45.79    71.36  1
  024  i02j09k08       512    914    5.447e+21    6.000e+21   11.45    2.620e-20  0.2468    44.54    70.98  1
  025  i02j09k08       667    251    6.680e+21    6.000e+21   11.45    2.620e-20  0.2468    44.54    70.98  1
  026  i02j09k08       553    237    7.000e+21    6.000e+21   11.45    2.620e-20  0.2468    44.54    70.98  1
  027  i02j09k08       644    667    6.034e+21    6.000e+21   11.45    2.620e-20  0.2468    44.54    70.98  1
  028  i02j09k08       449    903    5.210e+21    6.000e+21   11.45    2.620e-20  0.2468    44.54    70.98  1
  029  i02j09k08       614    807    4.747e+21    6.000e+21   11.45    2.620e-20  0.2468    44.54    70.98  1
  030  i02j09k08       508    704    6.542e+21    6.000e+21   11.45    2.620e-20  0.2468    44.54    70.98  1
  031  i02j09k08       505    148    6.738e+21    6.000e+21   11.45    2.620e-20  0.2468    44.54    70.98  1
  032  i02j09k08       150    728    6.303e+21    6.000e+21   11.45    2.620e-20  0.2468    44.54    70.98  1
  033  i02j09k08       582    867    5.334e+21    6.000e+21   11.45    2.620e-20  0.2468    44.54    70.98  1
  034  i02j09k08       887    621    6.896e+21    6.000e+21   11.45    2.620e-20  0.2468    44.54    70.98  1
  035  i02j09k08       814    172    5.060e+21    6.000e+21   11.45    2.620e-20  0.2468    44.54    70.98  1
  036  i02j09k08       778    396    5.517e+21    6.000e+21   11.45    2.620e-20  0.2468    44.54    70.98  1
  037  i02j09k08       902    587    6.768e+21    6.000e+21   11.45    2.620e-20  0.2468    44.54    70.98  1
  038  i02j09k08       476     42    7.991e+21    6.000e+21   11.45    2.620e-20  0.2468    44.54    70.98  1
  039  i02j09k08        94    732    7.192e+21    6.000e+21   11.45    2.620e-20  0.2468    44.54    70.98  1
  040  i03j09k08       449    284    9.428e+21    1.200e+22    9.95    2.644e-20  0.2469    44.77    70.96  1
  041  i03j09k08        44     81    8.952e+21    1.200e+22    9.95    2.644e-20  0.2469    44.77    70.96  1
  042  i03j09k08       721    556    9.088e+21    1.200e+22    9.95    2.644e-20  0.2469    44.77    70.96  1
  043  i03j09k08       529    389    1.096e+22    1.200e+22    9.95    2.644e-20  0.2469    44.77    70.96  1
  044  i03j09k08       612    503    1.121e+22    1.200e+22    9.95    2.644e-20  0.2469    44.77    70.96  1
  045  i01j09k08       665    784    4.394e+21    3.000e+21   13.04    2.670e-20  0.2469    44.00    70.39  1
  046  i01j09k08       200    839    4.371e+21    3.000e+21   13.04    2.670e-20  0.2469    44.00    70.39  1
  047  i01j09k08       725    303    4.470e+21    3.000e+21   13.04    2.670e-20  0.2469    44.00    70.39  1
  048  i01j09k08       567    163    4.408e+21    3.000e+21   13.04    2.670e-20  0.2469    44.00    70.39  1
  049  i02j08k08       754    149    5.782e+21    6.000e+21   11.57    1.732e-20  0.1607    43.52    70.24  1
  050  i02j08k08       520     52    5.173e+21    6.000e+21   11.57    1.732e-20  0.1607    43.52    70.24  1
  051  i02j08k08       568    825    5.114e+21    6.000e+21   11.57    1.732e-20  0.1607    43.52    70.24  1
  052  i02j08k08       719    699    5.784e+21    6.000e+21   11.57    1.732e-20  0.1607    43.52    70.24  1
  053  i02j08k08       393    623    5.684e+21    6.000e+21   11.57    1.732e-20  0.1607    43.52    70.24  1
  054  i02j08k08       888    467    6.082e+21    6.000e+21   11.57    1.732e-20  0.1607    43.52    70.24  1
  055  i02j08k08       549    580    5.565e+21    6.000e+21   11.57    1.732e-20  0.1607    43.52    70.24  1
  056  i02j08k08       644    631    6.550e+21    6.000e+21   11.57    1.732e-20  0.1607    43.52    70.24  1
  057  i02j08k08       898    691    6.248e+21    6.000e+21   11.57    1.732e-20  0.1607    43.52    70.24  1
  058  i02j08k08       523    184    6.954e+21    6.000e+21   11.57    1.732e-20  0.1607    43.52    70.24  1
  059  i02j08k08       734    891    5.695e+21    6.000e+21   11.57    1.732e-20  0.1607    43.52    70.24  1
  060  i02j08k08       841    424    6.274e+21    6.000e+21   11.57    1.732e-20  0.1607    43.52    70.24  1
  061  i02j08k08       271    877    5.177e+21    6.000e+21   11.57    1.732e-20  0.1607    43.52    70.24  1
  062  i02j08k08       563    919    4.980e+21    6.000e+21   11.57    1.732e-20  0.1607    43.52    70.24  1
  063  i02j08k08       260    599    5.639e+21    6.000e+21   11.57    1.732e-20  0.1607    43.52    70.24  1
  064  i02j08k08       387    583    6.615e+21    6.000e+21   11.57    1.732e-20  0.1607    43.52    70.24  1
  065  i02j08k08       809    580    6.704e+21    6.000e+21   11.57    1.732e-20  0.1607    43.52    70.24  1
  066  i02j08k08       932    566    5.384e+21    6.000e+21   11.57    1.732e-20  0.1607    43.52    70.24  1
  067  i02j08k08       701    136    4.502e+21    6.000e+21   11.57    1.732e-20  0.1607    43.52    70.24  1
  068  i02j08k08       380    931    4.490e+21    6.000e+21   11.57    1.732e-20  0.1607    43.52    70.24  1
  069  i02j08k08       684    718    5.277e+21    6.000e+21   11.57    1.732e-20  0.1607    43.52    70.24  1
  070  i02j08k08       828    459    5.160e+21    6.000e+21   11.57    1.732e-20  0.1607    43.52    70.24  1
  071  i02j08k08       731    760    5.513e+21    6.000e+21   11.57    1.732e-20  0.1607    43.52    70.24  1
  072  i02j08k08       209    674    5.898e+21    6.000e+21   11.57    1.732e-20  0.1607    43.52    70.24  1
  073  i02j08k08       781    925    5.375e+21    6.000e+21   11.57    1.732e-20  0.1607    43.52    70.24  1
  074  i02j08k08       844    847    6.666e+21    6.000e+21   11.57    1.732e-20  0.1607    43.52    70.24  1
  075  i02j08k08        62    924    6.268e+21    6.000e+21   11.57    1.732e-20  0.1607    43.52    70.24  1
  076  i02j08k08       127    818    5.126e+21    6.000e+21   11.57    1.732e-20  0.1607    43.52    70.24  1
  077  i02j08k08        39    375    8.262e+21    6.000e+21   11.57    1.732e-20  0.1607    43.52    70.24  1
  078  i02j08k08        52    822    6.688e+21    6.000e+21   11.57    1.732e-20  0.1607    43.52    70.24  1
  079  i02j08k08       820    890    6.131e+21    6.000e+21   11.57    1.732e-20  0.1607    43.52    70.24  1
  080  i01j08k08       442    846    4.213e+21    3.000e+21   13.29    1.748e-20  0.1609    43.23    69.90  1
  081  i01j08k08       312    772    4.148e+21    3.000e+21   13.29    1.748e-20  0.1609    43.23    69.90  1
  082  i01j08k08       280    811    4.179e+21    3.000e+21   13.29    1.748e-20  0.1609    43.23    69.90  1
  083  i01j08k08       612     48    4.193e+21    3.000e+21   13.29    1.748e-20  0.1609    43.23    69.90  1
  084  i01j08k08       626    144    3.910e+21    3.000e+21   13.29    1.748e-20  0.1609    43.23    69.90  1
  085  i01j07k08       687    851    4.172e+21    3.000e+21   13.48    1.138e-20  0.1048    42.80    69.54  1
  086  i01j07k08       705    924    4.256e+21    3.000e+21   13.48    1.138e-20  0.1048    42.80    69.54  1
  087  i01j07k08       653    122    4.001e+21    3.000e+21   13.48    1.138e-20  0.1048    42.80    69.54  1
  088  i01j07k08       391    787    4.177e+21    3.000e+21   13.48    1.138e-20  0.1048    42.80    69.54  1
  089  i01j07k08       827    362    4.130e+21    3.000e+21   13.48    1.138e-20  0.1048    42.80    69.54  1
  090  i01j07k08       792    263    3.559e+21    3.000e+21   13.48    1.138e-20  0.1048    42.80    69.54  1
  091  i01j07k08       803    137    3.852e+21    3.000e+21   13.48    1.138e-20  0.1048    42.80    69.54  1
  092  i01j07k08       594     90    3.984e+21    3.000e+21   13.48    1.138e-20  0.1048    42.80    69.54  1
  093  i01j07k08       650     50    3.489e+21    3.000e+21   13.48    1.138e-20  0.1048    42.80    69.54  1
  094  i01j07k08       329    713    4.343e+21    3.000e+21   13.48    1.138e-20  0.1048    42.80    69.54  1
  095  i01j07k08       358    737    4.249e+21    3.000e+21   13.48    1.138e-20  0.1048    42.80    69.54  1
  096  i02j07k08       661    177    4.812e+21    6.000e+21   11.65    1.151e-20  0.1047    42.76    69.32  1
  097  i02j07k08       318    919    4.496e+21    6.000e+21   11.65    1.151e-20  0.1047    42.76    69.32  1
  098  i02j07k08        95    890    5.367e+21    6.000e+21   11.65    1.151e-20  0.1047    42.76    69.32  1
  099  i02j07k08       776    819    7.232e+21    6.000e+21   11.65    1.151e-20  0.1047    42.76    69.32  1
  100  i02j07k08       443    611    5.728e+21    6.000e+21   11.65    1.151e-20  0.1047    42.76    69.32  1
  101  i02j07k08       171    807    4.499e+21    6.000e+21   11.65    1.151e-20  0.1047    42.76    69.32  1
  102  i02j07k08       647    844    4.489e+21    6.000e+21   11.65    1.151e-20  0.1047    42.76    69.32  1
  103  i02j07k08       649    223    6.128e+21    6.000e+21   11.65    1.151e-20  0.1047    42.76    69.32  1
  104  i02j07k08       103    847    5.719e+21    6.000e+21   11.65    1.151e-20  0.1047    42.76    69.32  1
  105  i02j07k08       215    639    5.837e+21    6.000e+21   11.65    1.151e-20  0.1047    42.76    69.32  1
  106  i02j07k08       609    771    4.968e+21    6.000e+21   11.65    1.151e-20  0.1047    42.76    69.32  1
  107  i02j07k08       467    738    4.696e+21    6.000e+21   11.65    1.151e-20  0.1047    42.76    69.32  1
  108  i02j07k08       204    761    5.696e+21    6.000e+21   11.65    1.151e-20  0.1047    42.76    69.32  1
  109  i02j07k08       501    660    4.427e+21    6.000e+21   11.65    1.151e-20  0.1047    42.76    69.32  1
  110  i02j07k08       883    915    4.585e+21    6.000e+21   11.65    1.151e-20  0.1047    42.76    69.32  1
  111  i02j07k08       142    849    4.789e+21    6.000e+21   11.65    1.151e-20  0.1047    42.76    69.32  1
  112  i02j07k08       847    912    4.652e+21    6.000e+21   11.65    1.151e-20  0.1047    42.76    69.32  1
  113  i02j07k08       880    789    5.452e+21    6.000e+21   11.65    1.151e-20  0.1047    42.76    69.32  1
  114  i02j07k08        82    774    5.761e+21    6.000e+21   11.65    1.151e-20  0.1047    42.76    69.32  1
  115  i02j07k08       441    705    4.560e+21    6.000e+21   11.65    1.151e-20  0.1047    42.76    69.32  1
  116  i02j07k08       907    390    5.004e+21    6.000e+21   11.65    1.151e-20  0.1047    42.76    69.32  1
  117  i02j07k08       284    737    5.002e+21    6.000e+21   11.65    1.151e-20  0.1047    42.76    69.32  1
  118  i02j07k08       231    863    4.544e+21    6.000e+21   11.65    1.151e-20  0.1047    42.76    69.32  1
  119  i02j07k08       153    764    5.243e+21    6.000e+21   11.65    1.151e-20  0.1047    42.76    69.32  1
  120  i02j07k08       472    632    4.950e+21    6.000e+21   11.65    1.151e-20  0.1047    42.76    69.32  1
  121  i02j07k08       210    807    4.865e+21    6.000e+21   11.65    1.151e-20  0.1047    42.76    69.32  1
  122  i02j07k08       297    854    4.453e+21    6.000e+21   11.65    1.151e-20  0.1047    42.76    69.32  1
  123  i02j07k08       781    363    4.567e+21    6.000e+21   11.65    1.151e-20  0.1047    42.76    69.32  1
  124  i02j07k08       631    275    5.823e+21    6.000e+21   11.65    1.151e-20  0.1047    42.76    69.32  1
  125  i02j07k08       702    260    5.937e+21    6.000e+21   11.65    1.151e-20  0.1047    42.76    69.32  1
  126  i02j07k08       606    248    5.148e+21    6.000e+21   11.65    1.151e-20  0.1047    42.76    69.32  1
  127  i02j07k08       373    708    5.251e+21    6.000e+21   11.65    1.151e-20  0.1047    42.76    69.32  1
  128  i02j07k08       550     67    4.665e+21    6.000e+21   11.65    1.151e-20  0.1047    42.76    69.32  1
  129  i02j07k08       394    734    5.298e+21    6.000e+21   11.65    1.151e-20  0.1047    42.76    69.32  1
  130  i02j07k08       925    454    5.165e+21    6.000e+21   11.65    1.151e-20  0.1047    42.76    69.32  1
  131  i02j07k08       376    659    5.221e+21    6.000e+21   11.65    1.151e-20  0.1047    42.76    69.32  1
  132  i02j07k08       737    808    5.667e+21    6.000e+21   11.65    1.151e-20  0.1047    42.76    69.32  1
  133  i01j06k08       625    929    3.794e+21    3.000e+21   13.60    7.757e-21  0.0683    41.90    68.40  1
  134  i01j06k08       894    285    2.871e+21    3.000e+21   13.60    7.757e-21  0.0683    41.90    68.40  1
  135  i01j06k08       778    103    3.430e+21    3.000e+21   13.60    7.757e-21  0.0683    41.90    68.40  1
  136  i01j06k08       800     74    3.268e+21    3.000e+21   13.60    7.757e-21  0.0683    41.90    68.40  1
  137  i01j06k08       865    150    3.158e+21    3.000e+21   13.60    7.757e-21  0.0683    41.90    68.40  1
  138  i01j06k08       287    926    4.075e+21    3.000e+21   13.60    7.757e-21  0.0683    41.90    68.40  1
  139  i01j06k08       834    297    3.568e+21    3.000e+21   13.60    7.757e-21  0.0683    41.90    68.40  1
  140  i01j06k08       840    220    3.792e+21    3.000e+21   13.60    7.757e-21  0.0683    41.90    68.40  1
  141  i01j06k08       655     83    3.580e+21    3.000e+21   13.60    7.757e-21  0.0683    41.90    68.40  1
  142  i01j06k08       317    806    4.100e+21    3.000e+21   13.60    7.757e-21  0.0683    41.90    68.40  1
  143  i01j06k08       802    312    3.415e+21    3.000e+21   13.60    7.757e-21  0.0683    41.90    68.40  1
  144  i01j06k08       752    267    3.515e+21    3.000e+21   13.60    7.757e-21  0.0683    41.90    68.40  1
  145  i01j06k08       221    933    3.919e+21    3.000e+21   13.60    7.757e-21  0.0683    41.90    68.40  1
  146  i01j06k08       904    166    2.681e+21    3.000e+21   13.60    7.757e-21  0.0683    41.90    68.40  1
  147  i01j06k08       412    886    4.315e+21    3.000e+21   13.60    7.757e-21  0.0683    41.90    68.40  1
  148  i01j06k08       856    325    3.546e+21    3.000e+21   13.60    7.757e-21  0.0683    41.90    68.40  1
  149  i01j06k08       824    254    3.575e+21    3.000e+21   13.60    7.757e-21  0.0683    41.90    68.40  1
  150  i01j06k08       721     48    3.161e+21    3.000e+21   13.60    7.757e-21  0.0683    41.90    68.40  1
  151  i01j06k08       878    356    3.599e+21    3.000e+21   13.60    7.757e-21  0.0683    41.90    68.40  1
  152  i01j06k08       937    280    3.164e+21    3.000e+21   13.60    7.757e-21  0.0683    41.90    68.40  1
  153  i01j06k08       894    320    3.012e+21    3.000e+21   13.60    7.757e-21  0.0683    41.90    68.40  1
  154  i01j06k08       446    663    4.209e+21    3.000e+21   13.60    7.757e-21  0.0683    41.90    68.40  1
  155  i01j06k08       846     54    2.992e+21    3.000e+21   13.60    7.757e-21  0.0683    41.90    68.40  1
  156  i01j06k08       188    914    3.795e+21    3.000e+21   13.60    7.757e-21  0.0683    41.90    68.40  1
  157  i01j06k08       732    101    3.387e+21    3.000e+21   13.60    7.757e-21  0.0683    41.90    68.40  1
  158  i01j06k08       861    267    2.998e+21    3.000e+21   13.60    7.757e-21  0.0683    41.90    68.40  1
  159  i01j06k08       429    809    3.993e+21    3.000e+21   13.60    7.757e-21  0.0683    41.90    68.40  1
  160  i01j06k08       772    333    3.882e+21    3.000e+21   13.60    7.757e-21  0.0683    41.90    68.40  1
  161  i01j06k08       170    882    4.180e+21    3.000e+21   13.60    7.757e-21  0.0683    41.90    68.40  1
  162  i01j06k08       619    110    3.900e+21    3.000e+21   13.60    7.757e-21  0.0683    41.90    68.40  1
  163  i01j06k08       695    101    3.473e+21    3.000e+21   13.60    7.757e-21  0.0683    41.90    68.40  1
  164  i01j06k08       869    206    3.595e+21    3.000e+21   13.60    7.757e-21  0.0683    41.90    68.40  1
  165  i01j06k08       758    301    3.407e+21    3.000e+21   13.60    7.757e-21  0.0683    41.90    68.40  1
  166  i01j06k08       604    190    4.200e+21    3.000e+21   13.60    7.757e-21  0.0683    41.90    68.40  1
  167  i01j06k08       936    366    3.519e+21    3.000e+21   13.60    7.757e-21  0.0683    41.90    68.40  1
  168  i01j06k08       892    113    2.666e+21    3.000e+21   13.60    7.757e-21  0.0683    41.90    68.40  1
  169  i01j06k08       661    888    3.827e+21    3.000e+21   13.60    7.757e-21  0.0683    41.90    68.40  1
  170  i01j06k08       924     55    2.827e+21    3.000e+21   13.60    7.757e-21  0.0683    41.90    68.40  1
  171  i01j06k08       937    319    3.464e+21    3.000e+21   13.60    7.757e-21  0.0683    41.90    68.40  1
  172  i01j06k08       213    890    3.984e+21    3.000e+21   13.60    7.757e-21  0.0683    41.90    68.40  1
  173  i01j06k08       831     87    3.016e+21    3.000e+21   13.60    7.757e-21  0.0683    41.90    68.40  1
  174  i01j06k08       657    919    3.705e+21    3.000e+21   13.60    7.757e-21  0.0683    41.90    68.40  1
  175  i01j06k08       596    151    3.992e+21    3.000e+21   13.60    7.757e-21  0.0683    41.90    68.40  1
  176  i01j06k08       631    896    3.965e+21    3.000e+21   13.60    7.757e-21  0.0683    41.90    68.40  1
  177  i01j06k08       752     77    3.187e+21    3.000e+21   13.60    7.757e-21  0.0683    41.90    68.40  1
  178  i01j06k08       689    805    4.132e+21    3.000e+21   13.60    7.757e-21  0.0683    41.90    68.40  1
  179  i01j06k08       833    147    3.580e+21    3.000e+21   13.60    7.757e-21  0.0683    41.90    68.40  1
  180  i01j06k08       935    213    2.868e+21    3.000e+21   13.60    7.757e-21  0.0683    41.90    68.40  1
  181  i01j06k08       826    331    3.676e+21    3.000e+21   13.60    7.757e-21  0.0683    41.90    68.40  1
  182  i01j06k08       624     80    3.987e+21    3.000e+21   13.60    7.757e-21  0.0683    41.90    68.40  1
  183  i01j06k08       679     39    3.276e+21    3.000e+21   13.60    7.757e-21  0.0683    41.90    68.40  1
  184  i01j06k08       902    220    2.593e+21    3.000e+21   13.60    7.757e-21  0.0683    41.90    68.40  1
  185  i01j06k08       751     39    3.249e+21    3.000e+21   13.60    7.757e-21  0.0683    41.90    68.40  1
  186  i01j06k08       909    352    3.210e+21    3.000e+21   13.60    7.757e-21  0.0683    41.90    68.40  1
  187  i01j06k08       345    769    3.997e+21    3.000e+21   13.60    7.757e-21  0.0683    41.90    68.40  1
  188  i01j06k08       258    937    3.963e+21    3.000e+21   13.60    7.757e-21  0.0683    41.90    68.40  1
  189  i01j06k08       168    937    3.993e+21    3.000e+21   13.60    7.757e-21  0.0683    41.90    68.40  1
  190  i01j06k08       684     72    3.198e+21    3.000e+21   13.60    7.757e-21  0.0683    41.90    68.40  1
  191  i01j06k08       595    937    4.015e+21    3.000e+21   13.60    7.757e-21  0.0683    41.90    68.40  1
  192  i01j06k08       816     48    3.173e+21    3.000e+21   13.60    7.757e-21  0.0683    41.90    68.40  1
  193  i01j06k08       934    145    2.908e+21    3.000e+21   13.60    7.757e-21  0.0683    41.90    68.40  1
  194  i03j13k07       152    444    1.848e+22    1.200e+22    9.15    3.761e-19  1.3730    58.03    48.84  1
  195  i04j12k03       179    565    1.680e+22    2.400e+22    7.22    1.838e-17  0.8943    62.91    20.19  1
  196  i04j12k03       232    190    1.995e+22    2.400e+22    7.22    1.838e-17  0.8943    62.91    20.19  1
  197  i05j14k06       258    272    3.540e+22    4.800e+22    7.44    9.493e-19  2.1089   127.66    35.07  1
  198  i04j12k04       106    243    2.111e+22    2.400e+22    7.49    7.933e-18  0.8946    56.25    21.81  1
  199  i04j12k07       157    479    1.892e+22    2.400e+22    8.38    2.950e-19  0.8944    45.31    48.15  1
  200  i05j14k05       293    313    3.928e+22    4.800e+22    7.31    2.655e-18  2.1084   144.43    26.66  1
  201  i03j10k07       225    145    1.382e+22    1.200e+22    9.58    1.701e-19  0.3793    30.72    44.03  1
  202  i03j10k07        37    237    1.208e+22    1.200e+22    9.58    1.701e-19  0.3793    30.72    44.03  1
  203  i03j10k07       667    436    1.180e+22    1.200e+22    9.58    1.701e-19  0.3793    30.72    44.03  1
  204  i03j10k07       679    465    1.506e+22    1.200e+22    9.58    1.701e-19  0.3793    30.72    44.03  1
  205  i03j10k07        75    674    1.588e+22    1.200e+22    9.58    1.701e-19  0.3793    30.72    44.03  1
  206  i03j09k07       226    165    1.796e+22    1.200e+22    9.72    1.145e-19  0.2471    28.64    43.00  1
  207  i03j09k07        51    158    1.015e+22    1.200e+22    9.72    1.145e-19  0.2471    28.64    43.00  1
  208  i03j09k07       356    533    1.016e+22    1.200e+22    9.72    1.145e-19  0.2471    28.64    43.00  1
  209  i03j09k07       407    330    1.313e+22    1.200e+22    9.72    1.145e-19  0.2471    28.64    43.00  1
  210  i03j09k07        58    711    1.016e+22    1.200e+22    9.72    1.145e-19  0.2471    28.64    43.00  1
  211  i03j09k07       193    335    1.105e+22    1.200e+22    9.72    1.145e-19  0.2471    28.64    43.00  1
  212  i03j09k07        94    105    9.902e+21    1.200e+22    9.72    1.145e-19  0.2471    28.64    43.00  1
  213  i03j09k07       585    467    1.138e+22    1.200e+22    9.72    1.145e-19  0.2471    28.64    43.00  1
  214  i03j09k07       612    424    1.151e+22    1.200e+22    9.72    1.145e-19  0.2471    28.64    43.00  1
  215  i02j09k07        75    846    7.028e+21    6.000e+21   10.96    1.158e-19  0.2469    28.19    42.64  1
  216  i02j09k07       774    585    9.054e+21    6.000e+21   10.96    1.158e-19  0.2469    28.19    42.64  1
  217  i02j09k07        71    491    8.107e+21    6.000e+21   10.96    1.158e-19  0.2469    28.19    42.64  1
  218  i02j09k07       775    859    7.693e+21    6.000e+21   10.96    1.158e-19  0.2469    28.19    42.64  1
  219  i02j09k07       249    119    8.491e+21    6.000e+21   10.96    1.158e-19  0.2469    28.19    42.64  1
  220  i02j09k07       788    890    7.039e+21    6.000e+21   10.96    1.158e-19  0.2469    28.19    42.64  1
  221  i02j09k07       488    844    6.948e+21    6.000e+21   10.96    1.158e-19  0.2469    28.19    42.64  1
  222  i02j09k07       370    129    8.137e+21    6.000e+21   10.96    1.158e-19  0.2469    28.19    42.64  1
  223  i03j08k07       386    434    1.255e+22    1.200e+22    9.84    7.507e-20  0.1608    27.53    42.39  1
  224  i03j08k07       455    566    1.023e+22    1.200e+22    9.84    7.507e-20  0.1608    27.53    42.39  1
  225  i03j08k07       683    514    1.053e+22    1.200e+22    9.84    7.507e-20  0.1608    27.53    42.39  1
  226  i03j08k07       407    512    1.208e+22    1.200e+22    9.84    7.507e-20  0.1608    27.53    42.39  1
  227  i03j08k07       345    507    1.289e+22    1.200e+22    9.84    7.507e-20  0.1608    27.53    42.39  1
  228  i03j08k07       296     84    1.004e+22    1.200e+22    9.84    7.507e-20  0.1608    27.53    42.39  1
  229  i03j08k07       142    278    1.262e+22    1.200e+22    9.84    7.507e-20  0.1608    27.53    42.39  1
  230  i03j08k07       127    293    1.343e+22    1.200e+22    9.84    7.507e-20  0.1608    27.53    42.39  1
  231  i03j08k07       231    579    1.039e+22    1.200e+22    9.84    7.507e-20  0.1608    27.53    42.39  1
  232  i03j06k07        79    529    9.058e+21    1.200e+22    9.99    3.111e-20  0.0683    26.74    42.24  1
  233  i02j08k07       276    571    5.885e+21    6.000e+21   11.21    7.568e-20  0.1608    27.25    42.21  1
  234  i02j08k07        46    547    8.363e+21    6.000e+21   11.21    7.568e-20  0.1608    27.25    42.21  1
  235  i02j08k07       683    645    8.709e+21    6.000e+21   11.21    7.568e-20  0.1608    27.25    42.21  1
  236  i02j08k07       477    911    5.742e+21    6.000e+21   11.21    7.568e-20  0.1608    27.25    42.21  1
  237  i02j08k07       417    178    7.744e+21    6.000e+21   11.21    7.568e-20  0.1608    27.25    42.21  1
  238  i02j08k07       406    159    7.868e+21    6.000e+21   11.21    7.568e-20  0.1608    27.25    42.21  1
  239  i01j08k07       898    771    4.538e+21    3.000e+21   12.58    7.540e-20  0.1607    27.11    42.17  1
  240  i01j08k07       783     41    3.470e+21    3.000e+21   12.58    7.540e-20  0.1607    27.11    42.17  1
  241  i01j08k07       580    128    4.698e+21    3.000e+21   12.58    7.540e-20  0.1607    27.11    42.17  1
  242  i03j07k07       506    214    9.046e+21    1.200e+22    9.93    4.927e-20  0.1047    26.84    42.00  1
  243  i03j07k07       200    596    9.909e+21    1.200e+22    9.93    4.927e-20  0.1047    26.84    42.00  1
  244  i03j07k07       126    410    1.007e+22    1.200e+22    9.93    4.927e-20  0.1047    26.84    42.00  1
  245  i03j07k07       496    521    1.099e+22    1.200e+22    9.93    4.927e-20  0.1047    26.84    42.00  1
  246  i03j07k07       245     65    9.591e+21    1.200e+22    9.93    4.927e-20  0.1047    26.84    42.00  1
  247  i03j07k07       360    476    1.083e+22    1.200e+22    9.93    4.927e-20  0.1047    26.84    42.00  1
  248  i03j07k07       700    189    9.886e+21    1.200e+22    9.93    4.927e-20  0.1047    26.84    42.00  1
  249  i03j07k07       586    723    9.670e+21    1.200e+22    9.93    4.927e-20  0.1047    26.84    42.00  1
  250  i03j07k07       772    455    9.760e+21    1.200e+22    9.93    4.927e-20  0.1047    26.84    42.00  1
  251  i03j07k07        56    244    1.240e+22    1.200e+22    9.93    4.927e-20  0.1047    26.84    42.00  1
  252  i03j07k07        77    565    9.647e+21    1.200e+22    9.93    4.927e-20  0.1047    26.84    42.00  1
  253  i02j07k07       921    710    6.437e+21    6.000e+21   11.39    4.978e-20  0.1048    26.62    41.72  1
  254  i02j07k07       512    849    6.764e+21    6.000e+21   11.39    4.978e-20  0.1048    26.62    41.72  1
  255  i02j07k07       918    931    6.467e+21    6.000e+21   11.39    4.978e-20  0.1048    26.62    41.72  1
  256  i02j07k07       449    312    7.071e+21    6.000e+21   11.39    4.978e-20  0.1048    26.62    41.72  1
  257  i02j07k07       405    271    7.669e+21    6.000e+21   11.39    4.978e-20  0.1048    26.62    41.72  1
  258  i02j07k07       558    615    5.712e+21    6.000e+21   11.39    4.978e-20  0.1048    26.62    41.72  1
  259  i02j07k07        40    891    7.011e+21    6.000e+21   11.39    4.978e-20  0.1048    26.62    41.72  1
  260  i02j07k07       339    631    7.235e+21    6.000e+21   11.39    4.978e-20  0.1048    26.62    41.72  1
  261  i02j07k07       884    851    5.679e+21    6.000e+21   11.39    4.978e-20  0.1048    26.62    41.72  1
  262  i02j07k07       312    103    8.259e+21    6.000e+21   11.39    4.978e-20  0.1048    26.62    41.72  1
  263  i02j07k07       261    781    5.700e+21    6.000e+21   11.39    4.978e-20  0.1048    26.62    41.72  1
  264  i02j07k07       910    516    6.188e+21    6.000e+21   11.39    4.978e-20  0.1048    26.62    41.72  1
  265  i02j07k07       559    113    5.833e+21    6.000e+21   11.39    4.978e-20  0.1048    26.62    41.72  1
  266  i02j07k07       496    738    5.899e+21    6.000e+21   11.39    4.978e-20  0.1048    26.62    41.72  1
  267  i02j07k07       119    790    5.281e+21    6.000e+21   11.39    4.978e-20  0.1048    26.62    41.72  1
  268  i02j07k07        71    877    6.921e+21    6.000e+21   11.39    4.978e-20  0.1048    26.62    41.72  1
  269  i02j07k07       755    420    6.475e+21    6.000e+21   11.39    4.978e-20  0.1048    26.62    41.72  1
  270  i02j07k07       470    600    6.972e+21    6.000e+21   11.39    4.978e-20  0.1048    26.62    41.72  1
  271  i02j07k07       905    644    7.586e+21    6.000e+21   11.39    4.978e-20  0.1048    26.62    41.72  1
  272  i02j07k07       386    478    7.076e+21    6.000e+21   11.39    4.978e-20  0.1048    26.62    41.72  1
  273  i02j07k07       569    664    6.593e+21    6.000e+21   11.39    4.978e-20  0.1048    26.62    41.72  1
  274  i02j07k07       418    690    5.145e+21    6.000e+21   11.39    4.978e-20  0.1048    26.62    41.72  1
  275  i02j07k07       807    853    7.970e+21    6.000e+21   11.39    4.978e-20  0.1048    26.62    41.72  1
  276  i02j07k07       613    631    5.857e+21    6.000e+21   11.39    4.978e-20  0.1048    26.62    41.72  1
  277  i02j07k07       523    680    5.322e+21    6.000e+21   11.39    4.978e-20  0.1048    26.62    41.72  1
  278  i01j06k07       741    126    4.138e+21    3.000e+21   13.23    3.190e-20  0.0682    26.35    41.68  1
  279  i01j06k07       363    804    4.343e+21    3.000e+21   13.23    3.190e-20  0.0682    26.35    41.68  1
  280  i01j06k07       809    284    3.770e+21    3.000e+21   13.23    3.190e-20  0.0682    26.35    41.68  1
  281  i01j06k07       268    834    4.293e+21    3.000e+21   13.23    3.190e-20  0.0682    26.35    41.68  1
  282  i01j06k07       800    338    3.760e+21    3.000e+21   13.23    3.190e-20  0.0682    26.35    41.68  1
  283  i01j06k07       197    865    4.142e+21    3.000e+21   13.23    3.190e-20  0.0682    26.35    41.68  1
  284  i01j06k07       559     42    4.352e+21    3.000e+21   13.23    3.190e-20  0.0682    26.35    41.68  1
  285  i01j06k07       684    908    4.046e+21    3.000e+21   13.23    3.190e-20  0.0682    26.35    41.68  1
  286  i01j06k07       327    852    4.138e+21    3.000e+21   13.23    3.190e-20  0.0682    26.35    41.68  1
  287  i01j06k07       629    191    4.341e+21    3.000e+21   13.23    3.190e-20  0.0682    26.35    41.68  1
  288  i01j06k07       402    846    4.245e+21    3.000e+21   13.23    3.190e-20  0.0682    26.35    41.68  1
  289  i01j06k07       656    148    4.022e+21    3.000e+21   13.23    3.190e-20  0.0682    26.35    41.68  1
  290  i01j06k07       414    861    4.226e+21    3.000e+21   13.23    3.190e-20  0.0682    26.35    41.68  1
  291  i01j06k07       777    128    4.025e+21    3.000e+21   13.23    3.190e-20  0.0682    26.35    41.68  1
  292  i01j06k07       768    246    3.708e+21    3.000e+21   13.23    3.190e-20  0.0682    26.35    41.68  1
  293  i01j06k07       683    939    3.953e+21    3.000e+21   13.23    3.190e-20  0.0682    26.35    41.68  1
  294  i01j06k07       466    681    4.221e+21    3.000e+21   13.23    3.190e-20  0.0682    26.35    41.68  1
  295  i01j06k07       582    789    4.331e+21    3.000e+21   13.23    3.190e-20  0.0682    26.35    41.68  1
  296  i01j06k07       873    174    3.731e+21    3.000e+21   13.23    3.190e-20  0.0682    26.35    41.68  1
  297  i01j06k07       913    796    4.343e+21    3.000e+21   13.23    3.190e-20  0.0682    26.35    41.68  1
  298  i01j06k07       674    142    4.176e+21    3.000e+21   13.23    3.190e-20  0.0682    26.35    41.68  1
  299  i01j06k07       755    113    3.772e+21    3.000e+21   13.23    3.190e-20  0.0682    26.35    41.68  1
  300  i01j06k07       318    742    4.122e+21    3.000e+21   13.23    3.190e-20  0.0682    26.35    41.68  1
  301  i01j06k07       926    845    4.313e+21    3.000e+21   13.23    3.190e-20  0.0682    26.35    41.68  1
  302  i01j06k07       196    938    3.903e+21    3.000e+21   13.23    3.190e-20  0.0682    26.35    41.68  1
  303  i01j07k07       404    809    4.074e+21    3.000e+21   12.94    4.994e-20  0.1047    26.48    41.65  1
  304  i01j07k07       815    112    3.337e+21    3.000e+21   12.94    4.994e-20  0.1047    26.48    41.65  1
  305  i01j07k07       870     40    3.214e+21    3.000e+21   12.94    4.994e-20  0.1047    26.48    41.65  1
  306  i01j07k07       864    231    3.242e+21    3.000e+21   12.94    4.994e-20  0.1047    26.48    41.65  1
  307  i01j07k07       859    300    3.613e+21    3.000e+21   12.94    4.994e-20  0.1047    26.48    41.65  1
  308  i01j07k07       675    829    4.532e+21    3.000e+21   12.94    4.994e-20  0.1047    26.48    41.65  1
  309  i01j07k07       670    103    4.109e+21    3.000e+21   12.94    4.994e-20  0.1047    26.48    41.65  1
  310  i01j07k07       665    863    4.143e+21    3.000e+21   12.94    4.994e-20  0.1047    26.48    41.65  1
  311  i01j07k07       847    244    3.459e+21    3.000e+21   12.94    4.994e-20  0.1047    26.48    41.65  1
  312  i01j07k07       932    869    4.473e+21    3.000e+21   12.94    4.994e-20  0.1047    26.48    41.65  1
  313  i01j05k07       318    833    4.073e+21    3.000e+21   13.43    2.108e-20  0.0445    26.04    41.40  1
  314  i01j05k07       371    766    4.157e+21    3.000e+21   13.43    2.108e-20  0.0445    26.04    41.40  1
  315  i01j05k07       730    278    4.014e+21    3.000e+21   13.43    2.108e-20  0.0445    26.04    41.40  1
  316  i01j05k07       938     92    2.923e+21    3.000e+21   13.43    2.108e-20  0.0445    26.04    41.40  1
  317  i01j05k07       524    630    4.348e+21    3.000e+21   13.43    2.108e-20  0.0445    26.04    41.40  1
  318  i01j05k07       850    937    4.392e+21    3.000e+21   13.43    2.108e-20  0.0445    26.04    41.40  1
  319  i01j05k07       849    349    3.974e+21    3.000e+21   13.43    2.108e-20  0.0445    26.04    41.40  1
  320  i01j05k07       791    290    3.403e+21    3.000e+21   13.43    2.108e-20  0.0445    26.04    41.40  1
  321  i01j05k07       427    781    4.204e+21    3.000e+21   13.43    2.108e-20  0.0445    26.04    41.40  1
  322  i01j05k07       879    890    3.972e+21    3.000e+21   13.43    2.108e-20  0.0445    26.04    41.40  1
  323  i01j05k07       578     71    4.026e+21    3.000e+21   13.43    2.108e-20  0.0445    26.04    41.40  1
  324  i01j05k07       903    195    2.615e+21    3.000e+21   13.43    2.108e-20  0.0445    26.04    41.40  1
  325  i01j05k07       642    872    4.054e+21    3.000e+21   13.43    2.108e-20  0.0445    26.04    41.40  1
  326  i01j05k07       634    170    4.089e+21    3.000e+21   13.43    2.108e-20  0.0445    26.04    41.40  1
  327  i01j05k07       417    834    4.167e+21    3.000e+21   13.43    2.108e-20  0.0445    26.04    41.40  1
  328  i01j05k07       615    167    4.141e+21    3.000e+21   13.43    2.108e-20  0.0445    26.04    41.40  1
  329  i01j05k07       932    250    2.902e+21    3.000e+21   13.43    2.108e-20  0.0445    26.04    41.40  1
  330  i01j05k07       934    116    2.919e+21    3.000e+21   13.43    2.108e-20  0.0445    26.04    41.40  1
  331  i01j05k07       178    854    4.158e+21    3.000e+21   13.43    2.108e-20  0.0445    26.04    41.40  1
  332  i01j05k07       301    825    4.128e+21    3.000e+21   13.43    2.108e-20  0.0445    26.04    41.40  1
  333  i01j05k07       776     68    3.241e+21    3.000e+21   13.43    2.108e-20  0.0445    26.04    41.40  1
  334  i01j05k07       600    126    4.205e+21    3.000e+21   13.43    2.108e-20  0.0445    26.04    41.40  1
  335  i01j05k07       361    823    4.154e+21    3.000e+21   13.43    2.108e-20  0.0445    26.04    41.40  1
  336  i01j05k07       937    188    3.025e+21    3.000e+21   13.43    2.108e-20  0.0445    26.04    41.40  1
  337  i01j05k07       343    798    4.208e+21    3.000e+21   13.43    2.108e-20  0.0445    26.04    41.40  1
  338  i01j05k07       714     84    3.200e+21    3.000e+21   13.43    2.108e-20  0.0445    26.04    41.40  1
  339  i01j05k07       817    230    4.069e+21    3.000e+21   13.43    2.108e-20  0.0445    26.04    41.40  1
  340  i01j05k07       914    305    3.060e+21    3.000e+21   13.43    2.108e-20  0.0445    26.04    41.40  1
  341  i01j05k07       680    121    4.218e+21    3.000e+21   13.43    2.108e-20  0.0445    26.04    41.40  1
  342  i01j05k07       912    858    4.168e+21    3.000e+21   13.43    2.108e-20  0.0445    26.04    41.40  1
  343  i01j05k07       749    324    4.112e+21    3.000e+21   13.43    2.108e-20  0.0445    26.04    41.40  1
  344  i01j05k07       773    280    3.240e+21    3.000e+21   13.43    2.108e-20  0.0445    26.04    41.40  1
  345  i01j05k07       265    912    4.150e+21    3.000e+21   13.43    2.108e-20  0.0445    26.04    41.40  1
  346  i01j05k07       450    822    4.180e+21    3.000e+21   13.43    2.108e-20  0.0445    26.04    41.40  1
  347  i01j05k07       162    834    4.394e+21    3.000e+21   13.43    2.108e-20  0.0445    26.04    41.40  1
  348  i01j05k07       896    882    4.176e+21    3.000e+21   13.43    2.108e-20  0.0445    26.04    41.40  1
  349  i01j05k07       886     85    2.614e+21    3.000e+21   13.43    2.108e-20  0.0445    26.04    41.40  1
  350  i01j05k07       342    832    4.199e+21    3.000e+21   13.43    2.108e-20  0.0445    26.04    41.40  1
  351  i01j05k07       307    726    4.264e+21    3.000e+21   13.43    2.108e-20  0.0445    26.04    41.40  1
  352  i01j05k07       907    836    4.385e+21    3.000e+21   13.43    2.108e-20  0.0445    26.04    41.40  1
  353  i01j05k07       476    665    4.252e+21    3.000e+21   13.43    2.108e-20  0.0445    26.04    41.40  1
  354  i01j05k07       831    122    3.115e+21    3.000e+21   13.43    2.108e-20  0.0445    26.04    41.40  1
  355  i01j05k07       931    170    2.977e+21    3.000e+21   13.43    2.108e-20  0.0445    26.04    41.40  1
  356  i01j05k07       588     55    4.256e+21    3.000e+21   13.43    2.108e-20  0.0445    26.04    41.40  1
  357  i01j05k07       918    126    2.971e+21    3.000e+21   13.43    2.108e-20  0.0445    26.04    41.40  1
  358  i01j05k07       751    374    4.176e+21    3.000e+21   13.43    2.108e-20  0.0445    26.04    41.40  1
  359  i01j05k07       698    828    4.268e+21    3.000e+21   13.43    2.108e-20  0.0445    26.04    41.40  1
  360  i01j05k07       884    380    4.279e+21    3.000e+21   13.43    2.108e-20  0.0445    26.04    41.40  1
  361  i01j05k07       295    791    4.318e+21    3.000e+21   13.43    2.108e-20  0.0445    26.04    41.40  1
  362  i01j05k07       396    867    4.323e+21    3.000e+21   13.43    2.108e-20  0.0445    26.04    41.40  1
  363  i01j05k07       486    681    4.352e+21    3.000e+21   13.43    2.108e-20  0.0445    26.04    41.40  1
  364  i01j05k07       712    814    4.317e+21    3.000e+21   13.43    2.108e-20  0.0445    26.04    41.40  1
  365  i01j05k07       163    912    4.250e+21    3.000e+21   13.43    2.108e-20  0.0445    26.04    41.40  1
  366  i01j05k07       540     37    4.367e+21    3.000e+21   13.43    2.108e-20  0.0445    26.04    41.40  1
  367  i01j05k07       446    781    4.304e+21    3.000e+21   13.43    2.108e-20  0.0445    26.04    41.40  1
  368  i01j05k07       786    238    4.357e+21    3.000e+21   13.43    2.108e-20  0.0445    26.04    41.40  1
  369  i01j05k07       831    939    4.294e+21    3.000e+21   13.43    2.108e-20  0.0445    26.04    41.40  1
  370  i01j05k07       690    780    4.353e+21    3.000e+21   13.43    2.108e-20  0.0445    26.04    41.40  1
  371  i01j05k07       915    878    4.465e+21    3.000e+21   13.43    2.108e-20  0.0445    26.04    41.40  1
  372  i01j05k07       230    909    4.343e+21    3.000e+21   13.43    2.108e-20  0.0445    26.04    41.40  1
  373  i01j05k07       850    129    2.960e+21    3.000e+21   13.43    2.108e-20  0.0445    26.04    41.40  1
  374  i01j05k07       683    876    4.371e+21    3.000e+21   13.43    2.108e-20  0.0445    26.04    41.40  1
  375  i01j05k07       118    909    4.373e+21    3.000e+21   13.43    2.108e-20  0.0445    26.04    41.40  1
  376  i01j05k07       871     59    3.005e+21    3.000e+21   13.43    2.108e-20  0.0445    26.04    41.40  1
  377  i01j05k07       404    939    4.326e+21    3.000e+21   13.43    2.108e-20  0.0445    26.04    41.40  1
  378  i01j05k07       385    812    4.431e+21    3.000e+21   13.43    2.108e-20  0.0445    26.04    41.40  1
  379  i01j05k07       701    899    4.399e+21    3.000e+21   13.43    2.108e-20  0.0445    26.04    41.40  1
  380  i01j05k07       335    873    4.404e+21    3.000e+21   13.43    2.108e-20  0.0445    26.04    41.40  1
  381  i01j05k07       889     37    2.960e+21    3.000e+21   13.43    2.108e-20  0.0445    26.04    41.40  1
  382  i01j05k07       749    242    4.389e+21    3.000e+21   13.43    2.108e-20  0.0445    26.04    41.40  1
  383  i01j05k07       817    211    4.389e+21    3.000e+21   13.43    2.108e-20  0.0445    26.04    41.40  1
  384  i01j05k07       891    242    2.680e+21    3.000e+21   13.43    2.108e-20  0.0445    26.04    41.40  1
  385  i01j05k07       333    899    4.375e+21    3.000e+21   13.43    2.108e-20  0.0445    26.04    41.40  1
  386  i02j06k07       324    671    4.872e+21    6.000e+21   11.53    3.285e-20  0.0683    26.18    41.31  1
  387  i02j06k07       929    749    5.708e+21    6.000e+21   11.53    3.285e-20  0.0683    26.18    41.31  1
  388  i02j06k07        85    415    5.958e+21    6.000e+21   11.53    3.285e-20  0.0683    26.18    41.31  1
  389  i02j06k07       876    731    6.469e+21    6.000e+21   11.53    3.285e-20  0.0683    26.18    41.31  1
  390  i02j06k07       691    322    6.405e+21    6.000e+21   11.53    3.285e-20  0.0683    26.18    41.31  1
  391  i02j06k07       382    151    7.398e+21    6.000e+21   11.53    3.285e-20  0.0683    26.18    41.31  1
  392  i02j06k07       595    303    6.390e+21    6.000e+21   11.53    3.285e-20  0.0683    26.18    41.31  1
  393  i02j06k07       285    110    7.374e+21    6.000e+21   11.53    3.285e-20  0.0683    26.18    41.31  1
  394  i02j06k07       559     94    5.465e+21    6.000e+21   11.53    3.285e-20  0.0683    26.18    41.31  1
  395  i02j06k07       907    485    5.177e+21    6.000e+21   11.53    3.285e-20  0.0683    26.18    41.31  1
  396  i02j06k07       346    182    7.431e+21    6.000e+21   11.53    3.285e-20  0.0683    26.18    41.31  1
  397  i02j06k07       444    638    4.663e+21    6.000e+21   11.53    3.285e-20  0.0683    26.18    41.31  1
  398  i02j06k07       270    692    5.086e+21    6.000e+21   11.53    3.285e-20  0.0683    26.18    41.31  1
  399  i02j06k07       661    741    5.677e+21    6.000e+21   11.53    3.285e-20  0.0683    26.18    41.31  1
  400  i02j06k07       853    397    6.232e+21    6.000e+21   11.53    3.285e-20  0.0683    26.18    41.31  1
  401  i02j06k07       763    892    6.461e+21    6.000e+21   11.53    3.285e-20  0.0683    26.18    41.31  1
  402  i02j06k07       236    747    6.390e+21    6.000e+21   11.53    3.285e-20  0.0683    26.18    41.31  1
  403  i02j06k07       935    768    5.729e+21    6.000e+21   11.53    3.285e-20  0.0683    26.18    41.31  1
  404  i02j06k07       868    603    6.464e+21    6.000e+21   11.53    3.285e-20  0.0683    26.18    41.31  1
  405  i02j06k07       464    340    7.963e+21    6.000e+21   11.53    3.285e-20  0.0683    26.18    41.31  1
  406  i02j06k07        92    933    5.961e+21    6.000e+21   11.53    3.285e-20  0.0683    26.18    41.31  1
  407  i02j06k07       867    696    6.274e+21    6.000e+21   11.53    3.285e-20  0.0683    26.18    41.31  1
  408  i02j06k07       530    213    7.434e+21    6.000e+21   11.53    3.285e-20  0.0683    26.18    41.31  1
  409  i02j06k07       710    864    4.836e+21    6.000e+21   11.53    3.285e-20  0.0683    26.18    41.31  1
  410  i02j06k07       575    758    5.828e+21    6.000e+21   11.53    3.285e-20  0.0683    26.18    41.31  1
  411  i02j06k07       706    765    5.152e+21    6.000e+21   11.53    3.285e-20  0.0683    26.18    41.31  1
  412  i02j06k07       880    502    6.927e+21    6.000e+21   11.53    3.285e-20  0.0683    26.18    41.31  1
  413  i02j06k07       838    634    6.984e+21    6.000e+21   11.53    3.285e-20  0.0683    26.18    41.31  1
  414  i02j06k07       772    212    6.746e+21    6.000e+21   11.53    3.285e-20  0.0683    26.18    41.31  1
  415  i02j06k07       752    715    6.486e+21    6.000e+21   11.53    3.285e-20  0.0683    26.18    41.31  1
  416  i02j06k07       258    663    5.255e+21    6.000e+21   11.53    3.285e-20  0.0683    26.18    41.31  1
  417  i02j06k07       615    348    7.307e+21    6.000e+21   11.53    3.285e-20  0.0683    26.18    41.31  1
  418  i02j06k07       617    665    6.899e+21    6.000e+21   11.53    3.285e-20  0.0683    26.18    41.31  1
  419  i02j06k07       930    730    6.072e+21    6.000e+21   11.53    3.285e-20  0.0683    26.18    41.31  1
  420  i02j06k07       881    401    6.229e+21    6.000e+21   11.53    3.285e-20  0.0683    26.18    41.31  1
  421  i02j06k07       310    595    6.062e+21    6.000e+21   11.53    3.285e-20  0.0683    26.18    41.31  1
  422  i02j06k07       575    269    6.490e+21    6.000e+21   11.53    3.285e-20  0.0683    26.18    41.31  1
  423  i02j06k07       905    743    5.334e+21    6.000e+21   11.53    3.285e-20  0.0683    26.18    41.31  1
  424  i02j06k07        74    803    5.429e+21    6.000e+21   11.53    3.285e-20  0.0683    26.18    41.31  1
  425  i02j06k07       359    682    5.368e+21    6.000e+21   11.53    3.285e-20  0.0683    26.18    41.31  1
  426  i02j06k07       701    292    4.894e+21    6.000e+21   11.53    3.285e-20  0.0683    26.18    41.31  1
  427  i02j06k07       291    134    7.367e+21    6.000e+21   11.53    3.285e-20  0.0683    26.18    41.31  1
  428  i02j06k07       350    930    5.284e+21    6.000e+21   11.53    3.285e-20  0.0683    26.18    41.31  1
  429  i02j06k07       687    756    4.834e+21    6.000e+21   11.53    3.285e-20  0.0683    26.18    41.31  1
  430  i02j06k07       508     79    7.376e+21    6.000e+21   11.53    3.285e-20  0.0683    26.18    41.31  1
  431  i02j06k07       249    630    6.009e+21    6.000e+21   11.53    3.285e-20  0.0683    26.18    41.31  1
  432  i02j06k07       596    833    5.115e+21    6.000e+21   11.53    3.285e-20  0.0683    26.18    41.31  1
  433  i02j06k07       254    850    5.150e+21    6.000e+21   11.53    3.285e-20  0.0683    26.18    41.31  1
  434  i02j06k07        46    403    5.752e+21    6.000e+21   11.53    3.285e-20  0.0683    26.18    41.31  1
  435  i02j06k07       684    166    5.414e+21    6.000e+21   11.53    3.285e-20  0.0683    26.18    41.31  1
  436  i02j06k07       541    131    5.331e+21    6.000e+21   11.53    3.285e-20  0.0683    26.18    41.31  1
  437  i02j06k07       303    667    4.898e+21    6.000e+21   11.53    3.285e-20  0.0683    26.18    41.31  1
  438  i02j06k07        99    792    5.540e+21    6.000e+21   11.53    3.285e-20  0.0683    26.18    41.31  1
  439  i02j06k07       695    569    7.578e+21    6.000e+21   11.53    3.285e-20  0.0683    26.18    41.31  1
  440  i02j06k07       734    399    5.302e+21    6.000e+21   11.53    3.285e-20  0.0683    26.18    41.31  1
  441  i02j06k07       557    395    7.021e+21    6.000e+21   11.53    3.285e-20  0.0683    26.18    41.31  1
  442  i02j06k07       573    209    4.819e+21    6.000e+21   11.53    3.285e-20  0.0683    26.18    41.31  1
  443  i02j06k07       683    300    5.771e+21    6.000e+21   11.53    3.285e-20  0.0683    26.18    41.31  1
  444  i02j06k07       179    612    7.789e+21    6.000e+21   11.53    3.285e-20  0.0683    26.18    41.31  1
  445  i02j06k07       143     46    7.661e+21    6.000e+21   11.53    3.285e-20  0.0683    26.18    41.31  1
  446  i02j06k07       636    791    4.765e+21    6.000e+21   11.53    3.285e-20  0.0683    26.18    41.31  1
  447  i02j06k07       494    618    5.771e+21    6.000e+21   11.53    3.285e-20  0.0683    26.18    41.31  1
  448  i02j06k07       817    409    5.144e+21    6.000e+21   11.53    3.285e-20  0.0683    26.18    41.31  1
  449  i02j06k07       454    934    5.453e+21    6.000e+21   11.53    3.285e-20  0.0683    26.18    41.31  1
  450  i02j05k07       935    602    5.278e+21    6.000e+21   11.63    2.133e-20  0.0444    25.98    41.23  1
  451  i02j05k07       839    613    6.631e+21    6.000e+21   11.63    2.133e-20  0.0444    25.98    41.23  1
  452  i02j05k07       526    935    4.831e+21    6.000e+21   11.63    2.133e-20  0.0444    25.98    41.23  1
  453  i02j05k07       191    654    5.680e+21    6.000e+21   11.63    2.133e-20  0.0444    25.98    41.23  1
  454  i02j05k07       345    652    5.130e+21    6.000e+21   11.63    2.133e-20  0.0444    25.98    41.23  1
  455  i02j05k07       403    706    6.412e+21    6.000e+21   11.63    2.133e-20  0.0444    25.98    41.23  1
  456  i02j05k07       910    909    4.974e+21    6.000e+21   11.63    2.133e-20  0.0444    25.98    41.23  1
  457  i02j05k07       523    115    6.608e+21    6.000e+21   11.63    2.133e-20  0.0444    25.98    41.23  1
  458  i02j05k07       245    825    5.054e+21    6.000e+21   11.63    2.133e-20  0.0444    25.98    41.23  1
  459  i02j05k07       811    391    4.893e+21    6.000e+21   11.63    2.133e-20  0.0444    25.98    41.23  1
  460  i02j05k07       424    929    4.715e+21    6.000e+21   11.63    2.133e-20  0.0444    25.98    41.23  1
  461  i02j05k07       711    731    5.247e+21    6.000e+21   11.63    2.133e-20  0.0444    25.98    41.23  1
  462  i02j05k07       308    688    4.573e+21    6.000e+21   11.63    2.133e-20  0.0444    25.98    41.23  1
  463  i02j05k07       742    590    7.909e+21    6.000e+21   11.63    2.133e-20  0.0444    25.98    41.23  1
  464  i02j05k07       573    638    4.663e+21    6.000e+21   11.63    2.133e-20  0.0444    25.98    41.23  1
  465  i02j05k07       543    863    5.629e+21    6.000e+21   11.63    2.133e-20  0.0444    25.98    41.23  1
  466  i02j05k07       835    585    5.875e+21    6.000e+21   11.63    2.133e-20  0.0444    25.98    41.23  1
  467  i02j05k07       142    911    4.577e+21    6.000e+21   11.63    2.133e-20  0.0444    25.98    41.23  1
  468  i02j05k07       741    349    5.317e+21    6.000e+21   11.63    2.133e-20  0.0444    25.98    41.23  1
  469  i02j05k07       937    477    4.751e+21    6.000e+21   11.63    2.133e-20  0.0444    25.98    41.23  1
  470  i02j05k07       548    180    5.330e+21    6.000e+21   11.63    2.133e-20  0.0444    25.98    41.23  1
  471  i02j05k07       750    786    5.639e+21    6.000e+21   11.63    2.133e-20  0.0444    25.98    41.23  1
  472  i02j05k07       363    453    7.456e+21    6.000e+21   11.63    2.133e-20  0.0444    25.98    41.23  1
  473  i02j05k07       291    620    4.485e+21    6.000e+21   11.63    2.133e-20  0.0444    25.98    41.23  1
  474  i02j05k07        67    408    5.716e+21    6.000e+21   11.63    2.133e-20  0.0444    25.98    41.23  1
  475  i02j05k07       271    633    5.141e+21    6.000e+21   11.63    2.133e-20  0.0444    25.98    41.23  1
  476  i02j05k07       861    670    6.011e+21    6.000e+21   11.63    2.133e-20  0.0444    25.98    41.23  1
  477  i02j05k07       486    721    4.691e+21    6.000e+21   11.63    2.133e-20  0.0444    25.98    41.23  1
  478  i02j05k07       313    887    4.972e+21    6.000e+21   11.63    2.133e-20  0.0444    25.98    41.23  1
  479  i02j05k07       546    652    4.877e+21    6.000e+21   11.63    2.133e-20  0.0444    25.98    41.23  1
  480  i02j05k07       731    252    4.765e+21    6.000e+21   11.63    2.133e-20  0.0444    25.98    41.23  1
  481  i02j05k07       521    781    7.293e+21    6.000e+21   11.63    2.133e-20  0.0444    25.98    41.23  1
  482  i02j05k07       927    496    5.226e+21    6.000e+21   11.63    2.133e-20  0.0444    25.98    41.23  1
  483  i02j05k07       339    688    4.821e+21    6.000e+21   11.63    2.133e-20  0.0444    25.98    41.23  1
  484  i02j05k07       689    679    5.405e+21    6.000e+21   11.63    2.133e-20  0.0444    25.98    41.23  1
  485  i02j05k07       855    483    5.530e+21    6.000e+21   11.63    2.133e-20  0.0444    25.98    41.23  1
  486  i02j05k07       303    707    4.535e+21    6.000e+21   11.63    2.133e-20  0.0444    25.98    41.23  1
  487  i02j05k07       647    758    4.824e+21    6.000e+21   11.63    2.133e-20  0.0444    25.98    41.23  1
  488  i02j05k07       475    824    5.474e+21    6.000e+21   11.63    2.133e-20  0.0444    25.98    41.23  1
  489  i02j05k07       231    782    6.022e+21    6.000e+21   11.63    2.133e-20  0.0444    25.98    41.23  1
  490  i02j05k07       467    707    4.543e+21    6.000e+21   11.63    2.133e-20  0.0444    25.98    41.23  1
  491  i02j05k07       144    799    4.813e+21    6.000e+21   11.63    2.133e-20  0.0444    25.98    41.23  1
  492  i02j05k07       666    692    5.420e+21    6.000e+21   11.63    2.133e-20  0.0444    25.98    41.23  1
  493  i02j05k07       361    898    4.940e+21    6.000e+21   11.63    2.133e-20  0.0444    25.98    41.23  1
  494  i02j05k07       468    763    5.090e+21    6.000e+21   11.63    2.133e-20  0.0444    25.98    41.23  1
  495  i02j05k07       604    455    7.506e+21    6.000e+21   11.63    2.133e-20  0.0444    25.98    41.23  1
  496  i02j05k07       626    744    6.402e+21    6.000e+21   11.63    2.133e-20  0.0444    25.98    41.23  1
  497  i05j13k04       459    433    2.489e+22    4.800e+22    7.16    6.858e-18  1.3732    96.94    22.45  1
  498  i05j13k04       335    355    3.920e+22    4.800e+22    7.16    6.858e-18  1.3732    96.94    22.45  1
  499  i03j11k06        44    266    1.369e+22    1.200e+22    8.90    8.385e-19  0.5827    27.75    31.81  1
  500  i03j11k06       182    307    1.949e+22    1.200e+22    8.90    8.385e-19  0.5827    27.75    31.81  1
  501  i03j11k06       221    532    1.927e+22    1.200e+22    8.90    8.385e-19  0.5827    27.75    31.81  1
  502  i04j10k06       233    467    2.448e+22    2.400e+22    8.28    6.371e-19  0.3792    22.98    29.92  1
  503  i04j10k06       415    418    2.485e+22    2.400e+22    8.28    6.371e-19  0.3792    22.98    29.92  1
  504  i03j10k06       769    479    1.343e+22    1.200e+22    9.08    6.594e-19  0.3795    22.10    29.49  1
  505  i03j10k06       422    522    1.534e+22    1.200e+22    9.08    6.594e-19  0.3795    22.10    29.49  1
  506  i04j09k06       375    410    2.036e+22    2.400e+22    8.38    4.674e-19  0.2472    19.72    27.88  1
  507  i04j09k06       727    488    2.461e+22    2.400e+22    8.38    4.674e-19  0.2472    19.72    27.88  1
  508  i03j09k06       685    447    1.180e+22    1.200e+22    9.29    4.724e-19  0.2469    19.24    27.56  1
  509  i03j09k06       403     89    1.134e+22    1.200e+22    9.29    4.724e-19  0.2469    19.24    27.56  1
  510  i03j09k06       680    596    1.330e+22    1.200e+22    9.29    4.724e-19  0.2469    19.24    27.56  1
  511  i02j09k06       372    564    8.781e+21    6.000e+21   10.13    4.836e-19  0.2470    18.81    27.25  1
  512  i02j09k06        75    134    8.704e+21    6.000e+21   10.13    4.836e-19  0.2470    18.81    27.25  1
  513  i04j08k06       504    426    2.464e+22    2.400e+22    8.47    3.221e-19  0.1608    18.00    26.74  1
  514  i04j08k06       192    118    1.836e+22    2.400e+22    8.47    3.221e-19  0.1608    18.00    26.74  1
  515  i04j08k06       379    315    1.929e+22    2.400e+22    8.47    3.221e-19  0.1608    18.00    26.74  1
  516  i03j08k06       158    125    1.497e+22    1.200e+22    9.50    3.197e-19  0.1608    17.78    26.65  1
  517  i03j08k06       459    465    1.525e+22    1.200e+22    9.50    3.197e-19  0.1608    17.78    26.65  1
  518  i03j08k06       836    811    9.851e+21    1.200e+22    9.50    3.197e-19  0.1608    17.78    26.65  1
  519  i03j08k06       141    461    1.808e+22    1.200e+22    9.50    3.197e-19  0.1608    17.78    26.65  1
  520  i02j08k06       919    623    9.316e+21    6.000e+21   10.51    3.265e-19  0.1607    17.47    26.37  1
  521  i02j08k06       272    424    9.645e+21    6.000e+21   10.51    3.265e-19  0.1607    17.47    26.37  1
  522  i01j08k06       752    390    5.481e+21    3.000e+21   11.37    3.291e-19  0.1608    17.29    26.22  1
  523  i02j07k06       357    632    6.167e+21    6.000e+21   10.86    2.114e-19  0.1048    16.86    26.00  1
  524  i03j07k06       142     98    9.750e+21    1.200e+22    9.67    2.138e-19  0.1047    16.93    25.99  1
  525  i03j07k06       272    242    1.740e+22    1.200e+22    9.67    2.138e-19  0.1047    16.93    25.99  1
  526  i03j07k06       506    323    1.235e+22    1.200e+22    9.67    2.138e-19  0.1047    16.93    25.99  1
  527  i03j07k06       736    538    1.769e+22    1.200e+22    9.67    2.138e-19  0.1047    16.93    25.99  1
  528  i03j07k06       826    730    1.282e+22    1.200e+22    9.67    2.138e-19  0.1047    16.93    25.99  1
  529  i03j06k06       308    171    9.391e+21    1.200e+22    9.80    1.402e-19  0.0682    16.48    25.62  1
  530  i03j06k06       327    448    9.440e+21    1.200e+22    9.80    1.402e-19  0.0682    16.48    25.62  1
  531  i03j06k06       337    432    9.784e+21    1.200e+22    9.80    1.402e-19  0.0682    16.48    25.62  1
  532  i03j06k06       367    288    1.006e+22    1.200e+22    9.80    1.402e-19  0.0682    16.48    25.62  1
  533  i03j06k06       301    181    9.585e+21    1.200e+22    9.80    1.402e-19  0.0682    16.48    25.62  1
  534  i01j06k06       178    834    4.642e+21    3.000e+21   12.44    1.404e-19  0.0682    16.31    25.50  1
  535  i02j06k06       577    244    5.533e+21    6.000e+21   11.13    1.422e-19  0.0682    16.32    25.45  1
  536  i02j06k06       146     85    8.944e+21    6.000e+21   11.13    1.422e-19  0.0682    16.32    25.45  1
  537  i02j06k06       732    678    8.261e+21    6.000e+21   11.13    1.422e-19  0.0682    16.32    25.45  1
  538  i02j06k06       506    537    7.838e+21    6.000e+21   11.13    1.422e-19  0.0682    16.32    25.45  1
  539  i02j06k06        69    544    8.609e+21    6.000e+21   11.13    1.422e-19  0.0682    16.32    25.45  1
  540  i02j06k06       802    476    6.757e+21    6.000e+21   11.13    1.422e-19  0.0682    16.32    25.45  1
  541  i02j06k06       728    229    6.706e+21    6.000e+21   11.13    1.422e-19  0.0682    16.32    25.45  1
  542  i02j06k06       154    706    7.895e+21    6.000e+21   11.13    1.422e-19  0.0682    16.32    25.45  1
  543  i02j06k06       741    924    5.799e+21    6.000e+21   11.13    1.422e-19  0.0682    16.32    25.45  1
  544  i02j06k06       184    668    6.731e+21    6.000e+21   11.13    1.422e-19  0.0682    16.32    25.45  1
  545  i01j04k06       585    177    4.295e+21    3.000e+21   13.16    5.827e-20  0.0289    16.10    25.43  1
  546  i01j04k06       803     96    3.495e+21    3.000e+21   13.16    5.827e-20  0.0289    16.10    25.43  1
  547  i01j04k06       334    747    4.258e+21    3.000e+21   13.16    5.827e-20  0.0289    16.10    25.43  1
  548  i01j04k06       510    638    4.433e+21    3.000e+21   13.16    5.827e-20  0.0289    16.10    25.43  1
  549  i01j04k06       450    725    4.284e+21    3.000e+21   13.16    5.827e-20  0.0289    16.10    25.43  1
  550  i01j04k06       437    684    4.259e+21    3.000e+21   13.16    5.827e-20  0.0289    16.10    25.43  1
  551  i03j05k06       291    403    9.695e+21    1.200e+22    9.90    9.190e-20  0.0445    16.19    25.41  1
  552  i02j05k06       378    895    4.844e+21    6.000e+21   11.34    9.133e-20  0.0445    16.16    25.40  1
  553  i02j05k06       616    225    4.859e+21    6.000e+21   11.34    9.133e-20  0.0445    16.16    25.40  1
  554  i02j05k06       253    890    4.997e+21    6.000e+21   11.34    9.133e-20  0.0445    16.16    25.40  1
  555  i02j05k06       283    678    4.854e+21    6.000e+21   11.34    9.133e-20  0.0445    16.16    25.40  1
  556  i02j05k06       862    829    7.564e+21    6.000e+21   11.34    9.133e-20  0.0445    16.16    25.40  1
  557  i02j05k06        49    872    7.557e+21    6.000e+21   11.34    9.133e-20  0.0445    16.16    25.40  1
  558  i02j05k06       469    857    4.938e+21    6.000e+21   11.34    9.133e-20  0.0445    16.16    25.40  1
  559  i02j05k06       368     45    7.618e+21    6.000e+21   11.34    9.133e-20  0.0445    16.16    25.40  1
  560  i02j05k06       407    678    5.058e+21    6.000e+21   11.34    9.133e-20  0.0445    16.16    25.40  1
  561  i02j05k06       802    834    7.995e+21    6.000e+21   11.34    9.133e-20  0.0445    16.16    25.40  1
  562  i02j05k06       601    227    5.009e+21    6.000e+21   11.34    9.133e-20  0.0445    16.16    25.40  1
  563  i02j05k06        45    497    7.594e+21    6.000e+21   11.34    9.133e-20  0.0445    16.16    25.40  1
  564  i02j05k06       865    874    5.176e+21    6.000e+21   11.34    9.133e-20  0.0445    16.16    25.40  1
  565  i02j05k06       375    604    7.566e+21    6.000e+21   11.34    9.133e-20  0.0445    16.16    25.40  1
  566  i02j05k06       587    617    5.588e+21    6.000e+21   11.34    9.133e-20  0.0445    16.16    25.40  1
  567  i02j05k06       412    652    4.857e+21    6.000e+21   11.34    9.133e-20  0.0445    16.16    25.40  1
  568  i01j05k06       725     69    3.331e+21    3.000e+21   12.83    9.354e-20  0.0444    15.98    25.18  1
  569  i01j05k06       892    261    3.018e+21    3.000e+21   12.83    9.354e-20  0.0444    15.98    25.18  1
  570  i01j05k06       712    117    3.957e+21    3.000e+21   12.83    9.354e-20  0.0444    15.98    25.18  1
  571  i01j05k06       919    264    3.019e+21    3.000e+21   12.83    9.354e-20  0.0444    15.98    25.18  1
  572  i01j05k06       863    107    3.002e+21    3.000e+21   12.83    9.354e-20  0.0444    15.98    25.18  1
  573  i01j05k06       834    275    3.672e+21    3.000e+21   12.83    9.354e-20  0.0444    15.98    25.18  1
  574  i01j03k06       121    924    4.265e+21    3.000e+21   13.37    3.904e-20  0.0188    15.87    25.15  1
  575  i01j03k06       941    340    3.659e+21    3.000e+21   13.37    3.904e-20  0.0188    15.87    25.15  1
  576  i01j03k06       316    864    4.230e+21    3.000e+21   13.37    3.904e-20  0.0188    15.87    25.15  1
  577  i01j03k06       803    361    4.178e+21    3.000e+21   13.37    3.904e-20  0.0188    15.87    25.15  1
  578  i01j03k06       383    756    4.210e+21    3.000e+21   13.37    3.904e-20  0.0188    15.87    25.15  1
  579  i01j03k06       356    788    4.235e+21    3.000e+21   13.37    3.904e-20  0.0188    15.87    25.15  1
  580  i02j04k06       745    572    7.919e+21    6.000e+21   11.49    6.197e-20  0.0289    15.80    24.99  1
  581  i02j04k06       423    634    4.746e+21    6.000e+21   11.49    6.197e-20  0.0289    15.80    24.99  1
  582  i04j10k03       219    511    2.130e+22    2.400e+22    7.23    1.854e-17  0.3794    22.50    18.83  1
  583  i04j10k03       474    465    1.924e+22    2.400e+22    7.23    1.854e-17  0.3794    22.50    18.83  1
  584  i03j10k05       207    149    2.005e+22    1.200e+22    8.47    2.256e-18  0.3793    18.27    22.60  1
  585  i03j09k01       298    416    1.052e+22    1.200e+22    6.75    1.266e-16  0.2471    18.10    17.25  1
  586  i04j08k05       410    431    2.067e+22    2.400e+22    8.18    1.319e-18  0.1608    12.33    19.38  1
  587  i04j08k05       370    380    3.103e+22    2.400e+22    8.18    1.319e-18  0.1608    12.33    19.38  1
  588  i04j08k05       386    375    3.104e+22    2.400e+22    8.18    1.319e-18  0.1608    12.33    19.38  1
  589  i03j08k05       470    294    1.186e+22    1.200e+22    8.90    1.329e-18  0.1609    12.07    19.28  1
  590  i02j07k05        69    578    9.696e+21    6.000e+21    9.94    9.124e-19  0.1048    10.89    18.48  1
  591  i03j06k05       162    214    1.642e+22    1.200e+22    9.41    6.091e-19  0.0683    10.43    18.25  1
  592  i03j06k05       155    263    1.646e+22    1.200e+22    9.41    6.091e-19  0.0683    10.43    18.25  1
  593  i03j06k05       303    284    1.790e+22    1.200e+22    9.41    6.091e-19  0.0683    10.43    18.25  1
  594  i03j09k04       110    291    1.533e+22    1.200e+22    8.01    5.863e-18  0.2472    12.21    17.80  1
  595  i03j08k01       433    191    1.156e+22    1.200e+22    6.74    1.331e-16  0.1610    10.88    15.58  1
  596  i05j08k01       271    292    4.781e+22    4.800e+22    6.65    1.170e-16  0.1609    10.89    15.59  1
  597  i05j08k03       273    325    4.830e+22    4.800e+22    7.05    1.486e-17  0.1610     8.75    15.67  1
  598  i02j07k04       704    679    8.780e+21    6.000e+21    8.82    3.753e-18  0.1048     7.52    15.75  1
  599  i02j08k03       597    624    1.003e+22    6.000e+21    7.67    1.609e-17  0.1609     8.11    15.46  1
  600  i03j08k02        49    332    1.688e+22    1.200e+22    7.08    4.488e-17  0.1610     8.93    15.30  1
