    NEWID     G_0   ID   i   j   k    SD_emb    T_BE       M_BE      FWHM_pc   xi_max contr_rho   peak_exc  contrast detect hole       rho_c    rho_edge     rho_emb      r0_AU   R_out_AU  R_cloud_AU      N_tot    a_BE  stab
     2374  222.20    1   1   8   1  3.75e+20  11.608   0.00158489      0.003   0.5508     1.051  2.085e+20     1.556      1    0  5.5916e-18  5.3199e-18  5.6166e-21     628.24     346.03    10380.97 6.4970e+21   79.36   sub
     2375  222.20    8   1  11   1  3.75e+20   9.169   0.00517947      0.003   1.1389     1.225  6.797e+20     2.813      1    0  1.6761e-17  1.3679e-17  5.2916e-21     322.49     367.29    11018.56 1.8887e+22   10.63   sub
     2376  222.20   11   1  11   4  3.75e+20  12.469   0.00517947 0.00626986   0.6605     1.074  6.564e+20     2.750      1    0  1.8823e-18  1.7530e-18  2.6219e-21    1122.24     741.26    22237.93 4.7586e+21   47.09   sub
     2377  222.20   28   1  14   1  3.75e+20   7.540    0.0169267      0.003   2.5606     2.310  2.215e+21     6.907      1    0  5.1412e-17  2.2258e-17  4.5453e-21     166.99     427.59    12827.73 5.4004e+22    1.90   sub
     2378  222.20   31   1  14   4  3.75e+20   9.778    0.0169267 0.00626986   1.4041     1.350  2.135e+21     6.694      1    0  5.9425e-18  4.4035e-18  2.4748e-21     559.33     785.33    23560.04 1.3967e+22    6.31   sub
     2379  222.20   34   1  14   7  3.75e+20  13.252    0.0169267  0.0131037   0.8076     1.111  1.842e+21     5.911      1    0  6.7816e-19  6.1039e-19  1.2486e-21    1927.49    1556.60    46697.90 3.6541e+21   26.76   sub
     2380  222.20   37   1  14  10  3.75e+20  13.796    0.0169267  0.0273861   0.5460     1.050  1.095e+21     3.921      1    0  7.8168e-20  7.4433e-20  6.1450e-22    5792.64    3162.80    94883.92 1.1575e+21   81.39   sub
     2381  222.20   63   1  17   1  3.75e+20   6.923    0.0553168      0.003   7.1012    17.780  7.076e+21    19.870      1    0  1.0315e-16  5.8011e-18  2.4229e-21     112.96     802.15    24064.64 1.0265e+23    1.00 super
     2382  222.20   66   1  17   4  3.75e+20   8.044    0.0553168 0.00626986   3.3339     3.441  6.830e+21    19.215      1    0  1.7079e-17  4.9638e-18  1.9481e-21     299.25     997.68    29930.34 3.6843e+22    1.36   sub
     2383  222.20   69   1  17   7  3.75e+20  10.424    0.0553168  0.0131037   1.7570     1.565  5.884e+21    16.690      1    0  2.1580e-18  1.3789e-18  1.1543e-21     958.31    1683.78    50513.51 1.0451e+22    3.80   sub
     2384  222.20   72   1  17  10  3.75e+20  13.796    0.0553168  0.0273861   0.9975     1.171  3.426e+21    10.136      1    0  2.3867e-19  2.0377e-19  5.8774e-22    3315.09    3306.77    99203.19 2.7839e+21   15.05   sub
     2385  222.20   75   1  17  13  3.75e+20  13.796    0.0553168  0.0572357   0.6822     1.079  1.072e+21     3.860      1    0  2.6985e-20  2.5014e-20  2.8896e-22    9858.98    6726.07   201781.99 9.4434e+20   42.96   sub
     2386  222.20  112   1  20   1  3.75e+20   6.788     0.180777      0.003  32.7582   642.746  1.718e+22    46.811      1    0  1.3255e-16  2.0623e-19  6.0126e-22      98.68    3232.42    96972.55 1.2547e+23    1.58  deep
     2387  222.20  115   1  20   4  3.75e+20   7.465     0.180777 0.00626986  10.5945    48.488  1.846e+22    50.223      1    0  2.7492e-17  5.6700e-19  8.0738e-22     227.21    2407.20    72216.15 5.7618e+22    1.10 super
     2388  222.20  118   1  20   7  3.75e+20   8.725     0.180777  0.0131037   4.4194     5.905  1.659e+22    45.234      1    0  5.4012e-18  9.1470e-19  7.9355e-22     554.18    2449.17    73474.97 2.4072e+22    1.09   sub
     2389  222.20  121   1  20  10  3.75e+20  11.199     0.180777  0.0273861   2.2054     1.933  1.021e+22    28.225      1    0  7.5404e-19  3.9011e-19  5.2444e-22    1680.38    3705.91   111177.31 7.6035e+21    2.43   sub
     2390  222.20  124   1  20  13  3.75e+20  13.796     0.180777  0.0572357   1.2666     1.281  3.303e+21     9.808      1    0  8.3984e-20  6.5545e-20  2.7458e-22    5588.47    7078.26   212347.66 2.1363e+21    8.12   sub
     2391  222.20  127   1  20  16  3.75e+20  13.796     0.180777    0.11962   0.8564     1.125  8.209e+20     3.189      1    0  9.3951e-21  8.3498e-21  1.3582e-22   16708.57   14309.23   429276.97 7.9085e+20   22.75   sub
     2392  222.20  130   1  20  19  3.75e+20  13.796     0.180777       0.25   0.5906     1.059  1.986e+20     1.530      1    0  1.0877e-21  1.0272e-21  6.7008e-23   49107.15   29004.47   870133.96 4.7457e+20   64.87   sub
     2393  222.20  168   1  23   4  3.75e+20   7.260     0.590784 0.00626986  55.7003  1822.704  2.409e+22    65.247      1    0  3.7566e-17  2.0610e-20  1.8203e-22     191.69   10677.12   320313.74 6.9734e+22    1.69  deep
     2394  222.20  171   1  23   7  3.75e+20   8.189     0.590784  0.0131037  17.3865   161.180  2.639e+22    71.386      1    0  7.9179e-18  4.9125e-20  2.5209e-22     443.44    7709.78   231293.50 3.3421e+22    1.31  deep
     2395  222.20  174   1  23  10  3.75e+20   9.632     0.590784  0.0273861   5.9731    11.664  2.051e+22    55.687      1    0  1.6021e-18  1.3736e-19  3.0434e-22    1069.12    6385.98   191579.55 1.4977e+22    1.00   sub
     2396  222.20  177   1  23  13  3.75e+20  12.114     0.590784  0.0572357   2.7961     2.607  9.220e+21    25.586      1    0  2.5449e-19  9.7637e-20  2.3105e-22    3008.35    8411.73   252351.91 5.3941e+21    1.68   sub
     2397  222.20  180   1  23  16  3.75e+20  13.796     0.590784    0.11962   1.6329     1.482  2.555e+21     7.814      1    0  3.0217e-20  2.0385e-20  1.2775e-22    9316.78   15213.82   456414.73 1.6729e+21    4.46   sub
     2398  222.20  183   1  23  19  3.75e+20  13.796     0.590784       0.25   1.0871     1.205  6.179e+20     2.648      1    0  3.3883e-21  2.8128e-21  6.4259e-23   27822.88   30245.46   907363.77 6.8491e+20   12.00   sub
     2399  222.20  214   1  26  10  3.75e+20   9.267       1.9307  0.0273861  25.1869   369.960  2.452e+22    66.386      1    0  1.9379e-18  5.2382e-21  8.0929e-23     953.48   24015.24   720457.16 1.7955e+22    1.48  deep
     2400  222.20  217   1  26  13  3.75e+20  10.754       1.9307  0.0572357   8.4361    27.350  1.564e+22    42.709      1    0  4.6176e-19  1.6883e-20  1.0948e-22    2104.27   17751.88   532556.34 9.0934e+21    1.03 super
     2401  222.20  220   1  26  16  3.75e+20  13.183       1.9307    0.11962   3.6123     3.967  6.577e+21    18.538      1    0  8.2877e-20  2.0893e-20  9.7837e-23    5499.30   19864.95   595948.62 3.7376e+21    1.26   sub
     2402  222.20  223   1  26  19  3.75e+20  13.796       1.9307       0.25   2.1359     1.868  1.859e+21     5.958      1    0  1.0639e-20  5.6944e-21  5.7953e-23   15701.46   33536.22  1006086.50 1.3083e+21    2.58   sub
     2403  222.20  245   1  29  13  3.75e+20  10.341      6.30957  0.0572357  42.9154  1103.517  1.833e+22    49.876      1    0  6.0307e-19  5.4650e-22  2.5082e-23    1805.57   77486.75  2324602.37 1.0832e+22    1.65  deep
     2404  222.20  248   1  29  16  3.75e+20  12.102      6.30957    0.11962  12.4671    72.626  9.800e+21    27.133      1    0  1.2873e-19  1.7725e-21  3.6874e-23    4227.78   52707.94  1581238.35 5.4176e+21    1.16  deep
     2405  222.20  251   1  29  19  3.75e+20  13.796      6.30957       0.25   4.9801     7.653  4.180e+21    12.146      1    0  2.5142e-20  3.2851e-21  3.8209e-23   10213.80   50865.51  1525965.43 2.4771e+21    1.04   sub
     2406  222.20  266   1  33  19  3.75e+20  13.453      30.5995       0.25  34.7237   723.779  6.030e+21    17.081      1    0  3.9616e-20  5.4735e-23  6.9658e-24    8035.23  279012.53  8370375.80 3.4225e+21    1.60  deep
     2407  222.20  267   2   8   1  7.50e+20  11.456   0.00158489      0.003   0.5547     1.052  2.085e+20     1.278      1    0  5.6063e-18  5.3301e-18  1.1242e-20     623.31     345.78    10373.37 6.8821e+21   77.73   sub
     2408  222.20  274   2  11   1  7.50e+20   9.134   0.00517947      0.003   1.1409     1.226  6.796e+20     1.906      1    0  1.6731e-17  1.3645e-17  1.0575e-20     322.17     367.56    11026.70 1.9238e+22   10.58   sub
     2409  222.20  277   2  11   4  7.50e+20  12.239   0.00517947 0.00626986   0.6679     1.075  6.565e+20     1.875      1    0  1.8991e-18  1.7659e-18  5.2577e-21    1106.94     739.31    22179.27 5.1586e+21   45.63   sub
     2410  222.20  294   2  14   1  7.50e+20   7.533    0.0169267      0.003   2.5621     2.312  2.216e+21     3.955      1    0  5.1385e-17  2.2229e-17  9.0876e-21     166.95     427.73    12832.02 5.4355e+22    1.90   sub
     2411  222.20  297   2  14   4  7.50e+20   9.720    0.0169267 0.00626986   1.4093     1.352  2.136e+21     3.847      1    0  5.9539e-18  4.4029e-18  4.9507e-21     557.13     785.16    23554.76 1.4355e+22    6.26   sub
     2412  222.20  300   2  14   7  7.50e+20  12.954    0.0169267  0.0131037   0.8175     1.114  1.842e+21     3.456      1    0  6.7972e-19  6.1024e-19  2.4978e-21    1903.49    1556.20    46685.94 4.0330e+21   25.86   sub
     2413  222.20  303   2  14  10  7.50e+20  13.796    0.0169267  0.0273861   0.5460     1.050  1.095e+21     2.460      1    0  7.8168e-20  7.4433e-20  1.2290e-21    5792.64    3162.80    94883.92 1.5325e+21   81.39   sub
     2414  222.20  329   2  17   1  7.50e+20   6.920    0.0553168      0.003   7.1030    17.792  7.076e+21    10.435      1    0  1.0310e-16  5.7947e-18  4.8443e-21     112.97     802.41    24072.16 1.0298e+23    1.00 super
     2415  222.20  332   2  17   4  7.50e+20   8.031    0.0553168 0.00626986   3.3373     3.447  6.829e+21    10.106      1    0  1.7060e-17  4.9495e-18  3.8932e-21     299.17     998.43    29952.96 3.7183e+22    1.36   sub
     2416  222.20  335   2  17   7  7.50e+20  10.344    0.0553168  0.0131037   1.7647     1.570  5.881e+21     8.842      1    0  2.1557e-18  1.3727e-18  2.3061e-21     955.17    1685.55    50566.56 1.0815e+22    3.77   sub
     2417  222.20  338   2  17  10  7.50e+20  13.708    0.0553168  0.0273861   1.0005     1.172  3.423e+21     5.564      1    0  2.3817e-19  2.0316e-19  1.1745e-21    3307.93    3309.66    99289.89 3.1553e+21   14.93   sub
     2418  222.20  341   2  17  13  7.50e+20  13.796    0.0553168  0.0572357   0.6822     1.079  1.072e+21     2.430      1    0  2.6985e-20  2.5014e-20  5.7791e-22    9858.98    6726.07   201781.99 1.3193e+21   42.96   sub
     2419  222.20  378   2  20   1  7.50e+20   6.786     0.180777      0.003  32.7799   643.620  1.718e+22    23.901      1    0  1.3259e-16  2.0601e-19  1.2021e-21      98.65    3233.67    97010.15 1.2585e+23    1.58  deep
     2420  222.20  381   2  20   4  7.50e+20   7.457     0.180777 0.00626986  10.6200    48.779  1.845e+22    25.603      1    0  2.7529e-17  5.6435e-19  1.6128e-21     226.94    2410.14    72304.17 5.8012e+22    1.10 super
     2421  222.20  384   2  20   7  7.50e+20   8.699     0.180777  0.0131037   4.4314     5.939  1.658e+22    23.104      1    0  5.3995e-18  9.0923e-19  1.5849e-21     553.45    2452.57    73577.14 2.4428e+22    1.09   sub
     2422  222.20  387   2  20  10  7.50e+20  11.081     0.180777  0.0273861   2.2197     1.947  1.019e+22    14.588      1    0  7.5284e-19  3.8676e-19  1.0468e-21    1672.88    3713.32   111399.69 7.9647e+21    2.41   sub
     2423  222.20  390   2  20  13  7.50e+20  13.796     0.180777  0.0572357   1.2666     1.281  3.303e+21     5.404      1    0  8.3984e-20  6.5545e-20  5.4916e-22    5588.47    7078.26   212347.66 2.5113e+21    8.12   sub
     2424  222.20  393   2  20  16  7.50e+20  13.796     0.180777    0.11962   0.8564     1.125  8.209e+20     2.095      1    0  9.3951e-21  8.3498e-21  2.7165e-22   16708.57   14309.23   429276.97 1.1658e+21   22.75   sub
     2425  222.20  396   2  20  19  7.50e+20  13.796     0.180777       0.25   0.5906     1.059  1.986e+20     1.265      1    0  1.0877e-21  1.0272e-21  1.3402e-22   49107.15   29004.47   870133.96 8.4957e+20   64.87   sub
     2426  222.20  434   2  23   4  7.50e+20   7.254     0.590784 0.00626986  55.8098  1829.500  2.407e+22    33.097      1    0  3.7611e-17  2.0558e-20  3.6370e-22     191.50   10687.54   320626.12 7.0126e+22    1.69  deep
     2427  222.20  437   2  23   7  7.50e+20   8.174     0.590784  0.0131037  17.4335   162.196  2.635e+22    36.139      1    0  7.9092e-18  4.8763e-20  5.0299e-22     443.28    7727.88   231836.36 3.3751e+22    1.31  deep
     2428  222.20  440   2  23  10  7.50e+20   9.587     0.590784  0.0273861   5.9971    11.776  2.044e+22    28.255      1    0  1.5962e-18  1.3555e-19  6.0655e-22    1068.61    6408.48   192254.39 1.5302e+22    1.00   sub
     2429  222.20  443   2  23  13  7.50e+20  11.944     0.590784  0.0572357   2.8199     2.639  9.161e+21    13.215      1    0  2.5262e-19  9.5737e-20  4.5976e-22    2998.17    8454.50   253634.98 5.7373e+21    1.66   sub
     2430  222.20  446   2  23  16  7.50e+20  13.796     0.590784    0.11962   1.6329     1.482  2.555e+21     4.407      1    0  3.0217e-20  2.0385e-20  2.5550e-22    9316.78   15213.82   456414.73 2.0479e+21    4.46   sub
     2431  222.20  449   2  23  19  7.50e+20  13.796     0.590784       0.25   1.0871     1.205  6.179e+20     1.824      1    0  3.3883e-21  2.8128e-21  1.2852e-22   27822.88   30245.46   907363.77 1.0599e+21   12.00   sub
     2432  222.20  480   2  26  10  7.50e+20   9.238       1.9307  0.0273861  25.1910   370.088  2.441e+22    33.543      1    0  1.9204e-18  5.1890e-21  1.6135e-22     956.33   24090.96   722728.88 1.8224e+22    1.48  deep
     2433  222.20  483   2  26  13  7.50e+20  10.678       1.9307  0.0572357   8.4718    27.642  1.550e+22    21.670      1    0  4.5593e-19  1.6494e-20  2.1744e-22    2110.13   17876.50   536295.05 9.3864e+21    1.03 super
     2434  222.20  486   2  26  16  7.50e+20  12.901       1.9307    0.11962   3.6807     4.107  6.559e+21     9.746      1    0  8.3057e-20  2.0225e-20  1.9433e-22    5434.32   20002.33   600069.80 4.1047e+21    1.24   sub
     2435  222.20  489   2  26  19  7.50e+20  13.796       1.9307       0.25   2.1359     1.868  1.859e+21     3.479      1    0  1.0639e-20  5.6944e-21  1.1591e-22   15701.46   33536.22  1006086.50 1.6833e+21    2.58   sub
     2436  222.20  511   2  29  13  7.50e+20  10.275      6.30957  0.0572357  43.2618  1121.013  1.822e+22    25.295      1    0  5.9983e-19  5.3508e-22  4.9787e-23    1804.69   78073.87  2342215.98 1.1147e+22    1.66  deep
     2437  222.20  514   2  29  16  7.50e+20  11.944      6.30957    0.11962  12.6719    75.593  9.691e+21    13.921      1    0  1.2730e-19  1.6840e-21  7.2628e-23    4223.56   53520.49  1605614.71 5.7365e+21    1.17  deep
     2438  222.20  517   2  29  19  7.50e+20  13.796      6.30957       0.25   4.9801     7.653  4.180e+21     6.573      1    0  2.5142e-20  3.2851e-21  7.6419e-23   10213.80   50865.51  1525965.43 2.8521e+21    1.04   sub
     2439  222.20  532   2  33  19  7.50e+20  13.300      30.5995       0.25  32.9026   648.563  5.639e+21     8.518      1    0  3.5044e-20  5.4033e-23  1.3908e-23    8494.48  279490.70  8384721.10 3.5973e+21    1.58  deep
     2440  222.20  533   3   8   1  1.50e+21  11.186   0.00158489      0.003   0.5618     1.053  2.085e+20     1.139      1    0  5.6208e-18  5.3371e-18  2.2497e-20     615.12     345.57    10367.00 7.6416e+21   74.95   sub
     2441  222.20  540   3  11   1  1.50e+21   9.066   0.00517947      0.003   1.1447     1.228  6.800e+20     1.453      1    0  1.6670e-17  1.3578e-17  2.1120e-20     321.56     368.10    11043.06 1.9940e+22   10.49   sub
     2442  222.20  543   3  11   4  1.50e+21  11.849   0.00517947 0.00626986   0.6804     1.078  6.569e+20     1.438      1    0  1.9199e-18  1.7804e-18  1.0548e-20    1083.25     737.03    22110.85 5.9392e+21   43.29   sub
     2443  222.20  560   3  14   1  1.50e+21   7.518    0.0169267      0.003   2.5650     2.315  2.217e+21     2.478      1    0  5.1331e-17  2.2173e-17  1.8163e-20     166.87     428.02    12840.55 5.5059e+22    1.90   sub
     2444  222.20  563   3  14   4  1.50e+21   9.610    0.0169267 0.00626986   1.4195     1.358  2.136e+21     2.424      1    0  5.9784e-18  4.4034e-18  9.9068e-21     552.82     784.72    23541.74 1.5136e+22    6.15   sub
     2445  222.20  566   3  14   7  1.50e+21  12.458    0.0169267  0.0131037   0.8341     1.119  1.841e+21     2.227      1    0  6.7851e-19  6.0656e-19  4.9883e-21    1868.35    1558.46    46753.87 4.7773e+21   24.46   sub
     2446  222.20  569   3  14  10  1.50e+21  13.796    0.0169267  0.0273861   0.5460     1.050  1.095e+21     1.730      1    0  7.8168e-20  7.4433e-20  2.4580e-21    5792.64    3162.80    94883.92 2.2825e+21   81.39   sub
     2447  222.20  595   3  17   1  1.50e+21   6.915    0.0553168      0.003   7.1067    17.815  7.076e+21     5.717      1    0  1.0301e-16  5.7821e-18  9.6826e-21     112.98     802.90    24087.08 1.0366e+23    1.00 super
     2448  222.20  598   3  17   4  1.50e+21   8.004    0.0553168 0.00626986   3.3447     3.460  6.829e+21     5.553      1    0  1.7032e-17  4.9227e-18  7.7757e-21     298.92     999.80    29994.05 3.7878e+22    1.35   sub
     2449  222.20  601   3  17   7  1.50e+21  10.197    0.0553168  0.0131037   1.7789     1.580  5.877e+21     4.918      1    0  2.1498e-18  1.3602e-18  4.6020e-21     949.63    1689.31    50679.37 1.1539e+22    3.70   sub
     2450  222.20  604   3  17  10  1.50e+21  13.061    0.0553168  0.0273861   1.0253     1.181  3.409e+21     3.272      1    0  2.3642e-19  2.0015e-19  2.3396e-21    3240.88    3322.90    99686.92 3.8912e+21   13.99   sub
     2451  222.20  607   3  17  13  1.50e+21  13.796    0.0553168  0.0572357   0.6822     1.079  1.072e+21     1.715      1    0  2.6985e-20  2.5014e-20  1.1558e-21    9858.98    6726.07   201781.99 2.0693e+21   42.96   sub
     2452  222.20  644   3  20   1  1.50e+21   6.783     0.180777      0.003  32.8230   645.351  1.717e+22    12.446      1    0  1.3266e-16  2.0557e-19  2.4023e-21      98.59    3236.15    97084.63 1.2660e+23    1.58  deep
     2453  222.20  647   3  20   4  1.50e+21   7.442     0.180777 0.00626986  10.6699    49.355  1.844e+22    13.293      1    0  2.7599e-17  5.5919e-19  3.2179e-21     226.42    2415.92    72477.74 5.8797e+22    1.10 super
     2454  222.20  650   3  20   7  1.50e+21   8.650     0.180777  0.0131037   4.4546     6.004  1.656e+22    12.038      1    0  5.3954e-18  8.9858e-19  3.1611e-21     552.08    2459.32    73779.66 2.5139e+22    1.09   sub
     2455  222.20  653   3  20  10  1.50e+21  10.867     0.180777  0.0273861   2.2459     1.972  1.015e+22     7.767      1    0  7.4948e-19  3.8010e-19  2.0849e-21    1660.34    3728.87   111866.19 8.6820e+21    2.36   sub
     2456  222.20  656   3  20  13  1.50e+21  13.611     0.180777  0.0572357   1.2747     1.285  3.289e+21     3.193      1    0  8.3501e-20  6.4976e-20  1.0955e-21    5566.99    7096.13   212883.85 3.2538e+21    7.99   sub
     2457  222.20  659   3  20  16  1.50e+21  13.796     0.180777    0.11962   0.8564     1.125  8.209e+20     1.547      1    0  9.3951e-21  8.3498e-21  5.4330e-22   16708.57   14309.23   429276.97 1.9158e+21   22.75   sub
     2458  222.20  662   3  20  19  1.50e+21  13.796     0.180777       0.25   0.5906     1.059  1.986e+20     1.132      1    0  1.0877e-21  1.0272e-21  2.6803e-22   49107.15   29004.47   870133.96 1.5996e+21   64.87   sub
     2459  222.20  700   3  23   4  1.50e+21   7.243     0.590784 0.00626986  56.0253  1842.910  2.403e+22    17.023      1    0  3.7699e-17  2.0456e-20  7.2601e-22     191.13   10708.05   321241.51 7.0907e+22    1.69  deep
     2460  222.20  703   3  23   7  1.50e+21   8.145     0.590784  0.0131037  17.5257   164.197  2.627e+22    18.516      1    0  7.8916e-18  4.8062e-20  1.0014e-21     442.98    7763.52   232905.73 3.4412e+22    1.32  deep
     2461  222.20  706   3  23  10  1.50e+21   9.502     0.590784  0.0273861   6.0430    11.993  2.031e+22    14.541      1    0  1.5844e-18  1.3212e-19  1.2048e-21    1067.78    6452.61   193578.15 1.5955e+22    1.00   sub
     2462  222.20  709   3  23  13  1.50e+21  11.615     0.590784  0.0572357   2.8803     2.722  9.139e+21     7.093      1    0  2.5349e-19  9.3120e-20  9.1450e-22    2951.48    8501.03   255030.79 6.4809e+21    1.61   sub
     2463  222.20  712   3  23  16  1.50e+21  13.796     0.590784    0.11962   1.6329     1.482  2.555e+21     2.704      1    0  3.0217e-20  2.0385e-20  5.1099e-22    9316.78   15213.82   456414.73 2.7979e+21    4.46   sub
     2464  222.20  715   3  23  19  1.50e+21  13.796     0.590784       0.25   1.0871     1.205  6.179e+20     1.412      1    0  3.3883e-21  2.8128e-21  2.5704e-22   27822.88   30245.46   907363.77 1.8099e+21   12.00   sub
     2465  222.20  746   3  26  10  1.50e+21   9.146       1.9307  0.0273861  26.0662   398.281  2.440e+22    17.265      1    0  1.9678e-18  4.9408e-21  3.1727e-22     940.03   24503.03   735090.90 1.9114e+22    1.49  deep
     2466  222.20  749   3  26  13  1.50e+21  10.505       1.9307  0.0572357   8.6799    29.382  1.540e+22    11.269      1    0  4.5636e-19  1.5532e-20  4.2812e-22    2092.04   18158.60   544757.88 1.0093e+22    1.04 super
     2467  222.20  752   3  26  16  1.50e+21  12.441       1.9307    0.11962   3.7807     4.319  6.459e+21     5.306      1    0  8.1857e-20  1.8953e-20  3.8251e-22    5375.63   20323.89   609716.60 4.8041e+21    1.21   sub
     2468  222.20  755   3  26  19  1.50e+21  13.796       1.9307       0.25   2.1359     1.868  1.859e+21     2.239      1    0  1.0639e-20  5.6944e-21  2.3181e-22   15701.46   33536.22  1006086.50 2.4333e+21    2.58   sub
     2469  222.20  777   3  29  13  1.50e+21  10.216      6.30957  0.0572357  41.6222  1039.204  1.757e+22    12.712      1    0  5.5204e-19  5.3122e-22  9.9575e-23    1875.76   78073.31  2342199.19 1.1440e+22    1.65  deep
     2470  222.20  780   3  29  16  1.50e+21  11.657      6.30957    0.11962  13.0436    81.140  9.479e+21     7.320      1    0  1.2440e-19  1.5331e-21  1.4120e-22    4220.99   55056.94  1651708.13 6.3778e+21    1.18  deep
     2471  222.20  783   3  29  19  1.50e+21  13.324      6.30957       0.25   5.1410     8.222  4.113e+21     3.742      1    0  2.4815e-20  3.0183e-21  1.4966e-22   10103.79   51943.71  1558311.45 3.5687e+21    1.03   sub
     2472  222.20  798   3  33  19  1.50e+21  12.721      30.5995       0.25  36.8295   815.025  5.664e+21     4.776      1    0  3.6910e-20  4.5287e-23  2.6077e-23    8094.78  298126.49  8943794.70 4.3630e+21    1.62  deep
     2473  222.20  799   4   8   1  3.00e+21  10.744   0.00158489      0.003   0.5733     1.055  2.085e+20     1.069      1    0  5.6116e-18  5.3172e-18  4.4951e-20     603.32     345.90    10376.89 9.1331e+21   70.68   sub
     2474  222.20  807   4  11   1  3.00e+21   8.927   0.00517947      0.003   1.1553     1.232  6.794e+20     1.226      1    0  1.6748e-17  1.3592e-17  4.2274e-20     318.35     367.80    11033.99 2.1488e+22   10.25   sub
     2475  222.20  810   4  11   4  3.00e+21  11.249   0.00517947 0.00626986   0.6996     1.083  6.568e+20     1.219      1    0  1.9319e-18  1.7840e-18  2.1122e-20    1052.16     736.12    22083.53 7.4553e+21   40.00   sub
     2476  222.20  829   4  14   1  3.00e+21   7.487    0.0169267      0.003   2.5723     2.324  2.217e+21     1.739      1    0  5.1327e-17  2.2090e-17  3.6297e-20     166.53     428.36    12850.85 5.6533e+22    1.89   sub
     2477  222.20  832   4  14   4  3.00e+21   9.413    0.0169267 0.00626986   1.4377     1.367  2.136e+21     1.712      1    0  6.0114e-18  4.3960e-18  1.9821e-20     545.63     784.43    23533.02 1.6673e+22    5.97   sub
     2478  222.20  835   4  14   7  3.00e+21  11.716    0.0169267  0.0131037   0.8589     1.126  1.837e+21     1.612      1    0  6.6758e-19  5.9291e-19  9.9098e-21    1826.66    1568.98    47069.40 6.2392e+21   22.57   sub
     2479  222.20  838   4  14  10  3.00e+21  13.143    0.0169267  0.0273861   0.5605     1.053  1.099e+21     1.366      1    0  7.8891e-20  7.4926e-20  4.9286e-21    5628.01    3154.72    94641.46 3.7870e+21   75.43   sub
     2480  222.20  864   4  17   1  3.00e+21   6.906    0.0553168      0.003   7.1140    17.860  7.075e+21     3.358      1    0  1.0283e-16  5.7573e-18  1.9341e-20     113.00     803.88    24116.50 1.0502e+23    1.00 super
     2481  222.20  867   4  17   4  3.00e+21   7.949    0.0553168 0.00626986   3.3645     3.495  6.828e+21     3.276      1    0  1.7058e-17  4.8803e-18  1.5525e-20     297.66    1001.50    30044.96 3.9374e+22    1.35   sub
     2482  222.20  870   4  17   7  3.00e+21   9.932    0.0553168  0.0131037   1.8063     1.600  5.870e+21     2.957      1    0  2.1439e-18  1.3399e-18  9.1723e-21     938.48    1695.13    50854.02 1.3005e+22    3.59   sub
     2483  222.20  873   4  17  10  3.00e+21  12.101    0.0553168  0.0273861   1.0720     1.199  3.429e+21     2.143      1    0  2.4132e-19  2.0131e-19  4.6972e-21    3087.71    3310.09    99302.69 5.4195e+21   12.44   sub
     2484  222.20  876   4  17  13  3.00e+21  13.322    0.0553168  0.0572357   0.6952     1.082  1.075e+21     1.358      1    0  2.7115e-20  2.5064e-20  2.3140e-21    9665.07    6719.13   201573.77 3.5710e+21   40.73   sub
     2485  222.20  914   4  20   1  3.00e+21   6.776     0.180777      0.003  32.9073   648.752  1.716e+22     6.719      1    0  1.3281e-16  2.0472e-19  4.7973e-21      98.49    3241.02    97230.73 1.2811e+23    1.58  deep
     2486  222.20  917   4  20   4  3.00e+21   7.413     0.180777 0.00626986  10.7659    50.473  1.842e+22     7.139      1    0  2.7729e-17  5.4938e-19  6.4059e-21     225.45    2427.18    72815.38 6.0357e+22    1.10 super
     2487  222.20  920   4  20   7  3.00e+21   8.557     0.180777  0.0131037   4.4982     6.130  1.652e+22     6.506      1    0  5.3842e-18  8.7840e-19  6.2883e-21     549.68    2472.57    74177.10 2.6555e+22    1.08   sub
     2488  222.20  923   4  20  10  3.00e+21  10.503     0.180777  0.0273861   2.2903     2.016  1.006e+22     4.354      1    0  7.4029e-19  3.6727e-19  4.1335e-21    1642.36    3761.49   112844.66 1.0104e+22    2.28   sub
     2489  222.20  926   4  20  13  3.00e+21  12.462     0.180777  0.0572357   1.3430     1.318  3.312e+21     2.104      1    0  8.5012e-20  6.4491e-20  2.1929e-21    5279.38    7090.36   212710.94 4.7692e+21    7.03   sub
     2490  222.20  929   4  20  16  3.00e+21  13.462     0.180777    0.11962   0.8659     1.128  8.152e+20     1.272      1    0  9.3009e-21  8.2450e-21  1.0824e-21   16588.74   14364.77   430942.99 3.4129e+21   22.07   sub
     2491  222.20  932   4  20  19  3.00e+21  13.764     0.180777       0.25   0.5912     1.059  1.985e+20     1.066      1    0  1.0867e-21  1.0262e-21  5.3589e-22   49073.29   29013.78   870413.44 3.0995e+21   64.68   sub
     2492  222.20  970   4  23   4  3.00e+21   7.222     0.590784 0.00626986  56.4433  1869.027  2.396e+22     8.986      1    0  3.7868e-17  2.0261e-20  1.4466e-21     190.42   10747.88   322436.29 7.2464e+22    1.69  deep
     2493  222.20  973   4  23   7  3.00e+21   8.089     0.590784  0.0131037  17.7030   168.077  2.612e+22     9.707      1    0  7.8559e-18  4.6740e-20  1.9850e-21     442.45    7832.72   234981.68 3.5736e+22    1.32  deep
     2494  222.20  976   4  23  10  3.00e+21   9.343     0.590784  0.0273861   6.1306    12.415  2.007e+22     7.689      1    0  1.5622e-18  1.2583e-19  2.3784e-21    1066.35    6537.37   196120.97 1.7271e+22    1.00   sub
     2495  222.20  979   4  23  13  3.00e+21  11.088     0.590784  0.0572357   2.9785     2.864  9.055e+21     4.018      1    0  2.5275e-19  8.8252e-20  1.8075e-21    2888.06    8602.11   258063.19 7.9423e+21    1.54   sub
     2496  222.20  982   4  23  16  3.00e+21  12.767     0.590784    0.11962   1.7098     1.533  2.548e+21     1.849      1    0  3.0294e-20  1.9766e-20  1.0159e-21    8951.34   15305.27   459158.08 4.2947e+21    4.03   sub
     2497  222.20  985   4  23  19  3.00e+21  13.558     0.590784       0.25   1.0970     1.208  6.169e+20     1.206      1    0  3.3825e-21  2.7990e-21  5.1344e-22   27605.85   30282.43   908472.78 3.3094e+21   11.72   sub
     2498  222.20 1016   4  26  10  3.00e+21   8.986       1.9307  0.0273861  27.5931   449.624  2.434e+22     9.112      1    0  2.0438e-18  4.5456e-21  6.1631e-22     914.29   25227.97   756839.19 2.0815e+22    1.52  deep
     2499  222.20 1019   4  26  13  3.00e+21  10.214       1.9307  0.0572357   8.9935    32.128  1.513e+22     6.044      1    0  4.5062e-19  1.4026e-20  8.3280e-22    2075.94   18669.85   560095.50 1.1450e+22    1.05 super
     2500  222.20 1022   4  26  16  3.00e+21  11.725       1.9307    0.11962   3.9526     4.706  6.291e+21     3.097      1    0  7.9815e-20  1.6962e-20  7.4435e-22    5284.81   20888.56   626656.85 6.2190e+21    1.17   sub
     2501  222.20 1025   4  26  19  3.00e+21  13.034       1.9307       0.25   2.2124     1.940  1.844e+21     1.615      1    0  1.0579e-20  5.4542e-21  4.5916e-22   15305.62   33862.44  1015873.18 3.9256e+21    2.42   sub
     2502  222.20 1047   4  29  13  3.00e+21  10.025      6.30957  0.0572357  41.0592  1011.706  1.683e+22     6.609      1    0  5.0979e-19  5.0389e-22  1.9584e-22    1933.64   79393.49  2381804.65 1.2461e+22    1.64  deep
     2503  222.20 1050   4  29  16  3.00e+21  11.175      6.30957    0.11962  13.6644    90.872  9.088e+21     4.029      1    0  1.1862e-19  1.3053e-21  2.6886e-22    4232.20   57830.32  1734909.45 7.6752e+21    1.20  deep
     2504  222.20 1053   4  29  19  3.00e+21  12.336      6.30957       0.25   5.5145     9.660  3.948e+21     2.316      1    0  2.3911e-20  2.4754e-21  2.8470e-22    9903.71   54613.77  1638412.96 4.9858e+21    1.01   sub
     2505  222.20 1068   4  33  19  3.00e+21  11.993      30.5995       0.25  38.3630   884.292  5.211e+21     2.737      1    1  3.3107e-20  3.7439e-23  4.8836e-23    8299.09  318377.83  9551334.96 5.6345e+21    1.63  deep
     2506  222.20 1069   5   8   1  6.00e+21  10.097   0.00158489      0.003   0.5902     1.059  2.081e+20     1.035      0    0  5.5221e-18  5.2158e-18  8.9366e-20     589.60     347.97    10439.06 1.2065e+22   65.02   sub
     2507  222.20 1078   5  11   1  6.00e+21   8.688   0.00517947      0.003   1.1746     1.240  6.798e+20     1.113      1    0  1.6906e-17  1.3631e-17  8.4701e-20     312.57     367.13    11013.96 2.4589e+22    9.82   sub
     2508  222.20 1081   5  11   4  6.00e+21  10.432   0.00517947 0.00626986   0.7258     1.089  6.564e+20     1.109      1    0  1.9072e-18  1.7508e-18  4.2013e-20    1019.78     740.17    22205.18 1.0414e+22   36.06   sub
     2509  222.20 1101   5  14   1  6.00e+21   7.428    0.0169267      0.003   2.5878     2.342  2.217e+21     1.370      1    0  5.1442e-17  2.1964e-17  7.2527e-20     165.69     428.76    12862.75 5.9563e+22    1.87   sub
     2510  222.20 1104   5  14   4  6.00e+21   9.090    0.0169267 0.00626986   1.4675     1.384  2.136e+21     1.356      1    0  6.0350e-18  4.3610e-18  3.9598e-20     535.13     785.31    23559.44 1.9688e+22    5.69   sub
     2511  222.20 1107   5  14   7  6.00e+21  10.735    0.0169267  0.0131037   0.8943     1.137  1.828e+21     1.305      1    0  6.4649e-19  5.6870e-19  1.9571e-20    1776.78    1588.93    47667.77 9.1667e+21   20.21   sub
     2512  222.20 1110   5  14  10  6.00e+21  11.499    0.0169267  0.0273861   0.5972     1.060  1.085e+21     1.181      1    0  7.6625e-20  7.2279e-20  9.7490e-21    5341.46    3189.72    95691.67 6.7711e+21   62.85   sub
     2513  222.20 1138   5  17   1  6.00e+21   6.888    0.0553168      0.003   7.1281    17.948  7.074e+21     2.179      1    0  1.0247e-16  5.7096e-18  3.8592e-20     113.04     805.79    24173.60 1.0774e+23    1.00 super
     2514  222.20 1141   5  17   4  6.00e+21   7.849    0.0553168 0.00626986   3.4008     3.561  6.826e+21     2.138      1    0  1.7091e-17  4.7996e-18  3.0945e-20     295.50    1004.91    30147.31 4.2345e+22    1.33   sub
     2515  222.20 1144   5  17   7  6.00e+21   9.502    0.0553168  0.0131037   1.8536     1.635  5.859e+21     1.977      1    0  2.1353e-18  1.3061e-18  1.8239e-20     919.81    1704.96    51148.72 1.5952e+22    3.40   sub
     2516  222.20 1147   5  17  10  6.00e+21  10.952    0.0553168  0.0273861   1.1279     1.221  3.397e+21     1.566      1    0  2.3739e-19  1.9445e-19  9.3088e-21    2961.68    3340.58   100217.30 8.3875e+21   10.90   sub
     2517  222.20 1150   5  17  13  6.00e+21  11.584    0.0553168  0.0572357   0.7428     1.094  1.050e+21     1.175      1    0  2.6182e-20  2.3940e-20  4.5643e-21    9171.57    6812.99   204389.72 6.5570e+21   33.79   sub
     2518  222.20 1153   5  17  16  6.00e+21  11.765    0.0553168    0.11962   0.5030     1.043  2.497e+20     1.042      0    0  2.8019e-21  2.6876e-21  2.1879e-21   28254.76   14213.01   426390.44 6.1263e+21  103.22   sub
     2519  222.20 1190   5  20   1  6.00e+21   6.762     0.180777      0.003  33.0695   655.311  1.713e+22     3.855      1    0  1.3308e-16  2.0309e-19  9.5670e-21      98.29    3250.40    97511.98 1.3113e+23    1.58  deep
     2520  222.20 1193   5  20   4  6.00e+21   7.358     0.180777 0.00626986  10.9447    52.591  1.837e+22     4.062      1    0  2.7953e-17  5.3151e-19  1.2700e-20     223.72    2448.52    73455.56 6.3446e+22    1.11 super
     2521  222.20 1196   5  20   7  6.00e+21   8.388     0.180777  0.0131037   4.5819     6.376  1.645e+22     3.741      1    0  5.3701e-18  8.4227e-19  1.2454e-20     544.97    2496.98    74909.42 2.9418e+22    1.07   sub
     2522  222.20 1199   5  20  10  6.00e+21   9.920     0.180777  0.0273861   2.3791     2.107  9.997e+21     2.666      1    0  7.4136e-19  3.5184e-19  8.1947e-21    1595.03    3794.71   113841.28 1.3074e+22    2.14   sub
     2523  222.20 1202   5  20  13  6.00e+21  11.150     0.180777  0.0572357   1.4268     1.362  3.274e+21     1.546      1    0  8.4142e-20  6.1796e-20  4.3420e-21    5019.48    7161.78   214853.30 7.7498e+21    6.08   sub
     2524  222.20 1205   5  20  16  6.00e+21  11.642     0.180777    0.11962   0.9366     1.150  8.189e+20     1.136      1    0  9.4043e-21  8.1747e-21  2.1642e-21   15341.42   14368.58   431057.55 6.4149e+21   17.83   sub
     2525  222.20 1208   5  20  19  6.00e+21  11.780     0.180777       0.25   0.6290     1.067  1.850e+20     1.031      0    1  9.7931e-22  9.1798e-22  1.0338e-21   47822.68   30080.99   902429.59 6.0927e+21   54.15   sub
     2526  222.20 1246   5  23   4  6.00e+21   7.182     0.590784 0.00626986  57.2305  1918.632  2.382e+22     4.970      1    0  3.8178e-17  1.9898e-20  2.8732e-21     189.11   10823.09   324692.68 7.5561e+22    1.69  deep
     2527  222.20 1249   5  23   7  6.00e+21   7.985     0.590784  0.0131037  18.0313   175.381  2.583e+22     5.305      1    0  7.7836e-18  4.4381e-20  3.9050e-21     441.64    7963.37   238901.10 3.8396e+22    1.33  deep
     2528  222.20 1252   5  23  10  6.00e+21   9.067     0.590784  0.0273861   6.2865    13.190  1.962e+22     4.270      1    0  1.5201e-18  1.1525e-19  4.6450e-21    1064.92    6694.59   200837.72 1.9931e+22    1.00   sub
     2529  222.20 1255   5  23  13  6.00e+21  10.343     0.590784  0.0572357   3.1205     3.082  8.829e+21     2.472      1    0  2.4677e-19  8.0064e-20  3.5302e-21    2822.88    8808.75   264262.55 1.0823e+22    1.46   sub
     2530  222.20 1258   5  23  16  6.00e+21  11.310     0.590784    0.11962   1.8354     1.621  2.516e+21     1.419      1    0  3.0061e-20  1.8541e-20  2.0033e-21    8457.77   15523.05   465691.59 7.2791e+21    3.47   sub
     2531  222.20 1261   5  23  19  6.00e+21  11.688     0.590784       0.25   1.1865     1.245  6.100e+20     1.102      1    0  3.3451e-21  2.6860e-21  1.0169e-21   25773.57   30580.53   917416.04 6.3060e+21    9.57   sub
     2532  222.20 1292   5  26  10  6.00e+21   8.788       1.9307  0.0273861  27.9492   461.983  2.367e+22     4.946      1    0  1.9514e-18  4.2240e-21  1.2024e-21     925.33   25862.06   775861.85 2.3219e+22    1.52  deep
     2533  222.20 1295   5  26  13  6.00e+21   9.772       1.9307  0.0572357   9.2888    34.850  1.439e+22     3.398      1    0  4.2067e-19  1.2071e-20  1.5930e-21    2101.52   19520.51   585615.39 1.4011e+22    1.06 super
     2534  222.20 1298   5  26  16  6.00e+21  10.754       1.9307    0.11962   4.2246     5.377  6.042e+21     2.007      1    0  7.6790e-20  1.4281e-20  1.4265e-21    5160.10   21799.24   653977.08 9.0929e+21    1.12   sub
     2535  222.20 1301   5  26  19  6.00e+21  11.447       1.9307       0.25   2.4013     2.131  1.803e+21     1.301      1    0  1.0412e-20  4.8865e-21  8.9569e-22   14458.13   34717.97  1041539.21 6.9055e+21    2.10   sub
     2536  222.20 1322   5  29  13  6.00e+21   9.533      6.30957  0.0572357  47.4861  1343.465  1.700e+22     3.833      1    0  5.6249e-19  4.1868e-22  3.6480e-22    1795.10   85242.47  2557273.99 1.5709e+22    1.67  deep
     2537  222.20 1325   5  29  16  6.00e+21  10.431      6.30957    0.11962  14.9689   113.207  8.582e+21     2.430      1    0  1.1239e-19  9.9274e-22  4.9452e-22    4200.85   62882.26  1886467.80 1.0416e+22    1.24  deep
     2538  222.20 1328   5  29  19  6.00e+21  11.117      6.30957       0.25   6.0427    11.991  3.683e+21     1.614      1    0  2.2245e-20  1.8551e-21  5.2794e-22    9747.53   58901.58  1767047.52 7.8526e+21    1.00   sub
     2539  222.20 1343   5  33  19  6.00e+21  10.939      30.5995       0.25  43.3216  1124.049  4.806e+21     1.801      1    1  3.0844e-20  2.7440e-23  8.7415e-23    8211.51  355736.13 10672083.86 8.4325e+21    1.66  deep
     2540  222.20 1344   6   8   1  1.20e+22   9.275   0.00158489      0.003   0.6116     1.063  2.084e+20     1.017      0    0  5.2756e-18  4.9624e-18  1.7589e-19     578.14     353.59    10607.66 1.7880e+22   58.68   sub
     2541  222.20 1354   6  11   1  1.20e+22   8.323   0.00517947      0.003   1.2038     1.253  6.799e+20     1.057      1    0  1.7020e-17  1.3584e-17  1.6943e-19     304.92     367.07    11012.11 3.0648e+22    9.23   sub
     2542  222.20 1357   6  11   4  1.20e+22   9.463   0.00517947 0.00626986   0.7569     1.097  6.555e+20     1.055      1    0  1.8144e-18  1.6535e-18  8.2518e-20     995.77     753.69    22610.66 1.6265e+22   32.06   sub
     2543  222.20 1360   6  11   7  1.20e+22   9.933   0.00517947  0.0131037   0.5073     1.043  5.636e+20     1.047      0    0  2.0218e-19  1.9380e-19  4.0112e-20    3056.32    1550.49    46514.79 1.2994e+22  100.71   sub
     2544  222.20 1379   6  14   1  1.20e+22   7.323    0.0169267      0.003   2.6151     2.375  2.217e+21     1.185      1    0  5.1592e-17  2.1723e-17  1.4477e-19     164.28     429.61    12888.20 6.5579e+22    1.84   sub
     2545  222.20 1382   6  14   4  1.20e+22   8.618    0.0169267 0.00626986   1.5111     1.409  2.135e+21     1.178      1    0  5.9991e-18  4.2592e-18  7.8754e-20     522.62     789.72    23691.49 2.5604e+22    5.31   sub
     2546  222.20 1385   6  14   7  1.20e+22   9.595    0.0169267  0.0131037   0.9558     1.157  1.836e+21     1.153      1    0  6.7378e-19  5.8244e-19  3.9545e-20    1645.41    1572.70    47181.11 1.5248e+22   16.87   sub
     2547  222.20 1388   6  14  10  1.20e+22   9.979    0.0169267  0.0273861   0.6327     1.068  1.047e+21     1.087      1    0  7.0252e-20  6.5803e-20  1.8916e-20    5196.75    3287.90    98637.13 1.2727e+22   53.25   sub
     2548  222.20 1418   6  17   1  1.20e+22   6.854    0.0553168      0.003   7.1543    18.112  7.071e+21     1.589      1    0  1.0181e-16  5.6212e-18  7.6841e-20     113.13     809.38    24281.26 1.1321e+23    1.00 super
     2549  222.20 1421   6  17   4  1.20e+22   7.679    0.0553168 0.00626986   3.4623     3.675  6.822e+21     1.568      1    0  1.7101e-17  4.6535e-18  6.1478e-20     292.19    1011.63    30348.93 4.8232e+22    1.31   sub
     2550  222.20 1424   6  17   7  1.20e+22   8.904    0.0553168  0.0131037   1.9195     1.685  5.829e+21     1.486      1    0  2.0867e-18  1.2381e-18  3.5973e-20     900.71    1728.91    51867.16 2.1763e+22    3.17   sub
     2551  222.20 1427   6  17  10  1.20e+22   9.715    0.0553168  0.0273861   1.2053     1.254  3.392e+21     1.283      1    0  2.3896e-19  1.9062e-19  1.8559e-20    2780.23    3351.14   100534.27 1.4390e+22    9.20   sub
     2552  222.20 1430   6  17  13  1.20e+22  10.008    0.0553168  0.0572357   0.8034     1.110  1.057e+21     1.088      1    0  2.6550e-20  2.3922e-20  9.1441e-21    8465.49    6801.45   204043.51 1.2561e+22   27.14   sub
     2553  222.20 1433   6  17  16  1.20e+22  10.084    0.0553168    0.11962   0.5531     1.052  2.656e+20     1.022      0    1  3.0835e-21  2.9325e-21  4.5096e-21   24935.14   13791.15   413734.38 1.2135e+22   78.41   sub
     2554  222.20 1471   6  20   1  1.20e+22   6.738     0.180777      0.003  33.3696   667.518  1.709e+22     2.424      1    0  1.3358e-16  2.0011e-19  1.9032e-20      97.93    3267.79    98033.67 1.3715e+23    1.59  deep
     2555  222.20 1474   6  20   4  1.20e+22   7.269     0.180777 0.00626986  11.1569    55.170  1.828e+22     2.524      1    0  2.7904e-17  5.0578e-19  2.5048e-20     222.55    2482.96    74488.76 6.9125e+22    1.12 super
     2556  222.20 1477   6  20   7  1.20e+22   8.123     0.180777  0.0131037   4.6904     6.706  1.627e+22     2.356      1    0  5.2373e-18  7.8097e-19  2.4417e-20     543.05    2547.10    76412.90 3.4911e+22    1.06   sub
     2557  222.20 1480   6  20  10  1.20e+22   9.160     0.180777  0.0273861   2.5043     2.245  9.849e+21     1.821      1    0  7.3333e-19  3.2670e-19  1.6115e-20    1541.09    3859.41   115782.27 1.8970e+22    1.97   sub
     2558  222.20 1483   6  20  13  1.20e+22   9.814     0.180777  0.0572357   1.5323     1.421  3.237e+21     1.270      1    0  8.3547e-20  5.8801e-20  8.5886e-21    4725.93    7241.35   217240.54 1.3732e+22    5.14   sub
     2559  222.20 1486   6  20  16  1.20e+22  10.034     0.180777    0.11962   1.0108     1.176  8.083e+20     1.067      1    0  9.2631e-21  7.8769e-21  4.2876e-21   14351.18   14505.46   435163.74 1.2410e+22   14.53   sub
     2560  222.20 1489   6  20  19  1.20e+22  10.091     0.180777       0.25   0.6907     1.081  1.949e+20     1.016      0    1  1.0623e-21  9.8290e-22  2.1188e-21   42497.48   29352.48   880574.32 1.2098e+22   41.48   sub
     2561  222.20 1527   6  23   4  1.20e+22   7.109     0.590784 0.00626986  58.6362  2008.571  2.357e+22     2.964      1    0  3.8701e-17  1.9268e-20  5.6755e-21     186.88   10958.14   328744.10 8.1701e+22    1.70  deep
     2562  222.20 1530   6  23   7  1.20e+22   7.805     0.590784  0.0131037  18.5877   188.096  2.532e+22     3.110      1    0  7.6325e-18  4.0577e-20  7.5881e-21     440.94    8196.11   245883.16 4.3750e+22    1.34  deep
     2563  222.20 1533   6  23  10  1.20e+22   8.616     0.590784  0.0273861   6.6608    15.185  1.910e+22     2.592      1    0  1.5015e-18  9.8879e-20  8.9391e-21    1044.53    6957.43   208722.76 2.5631e+22    1.00 super
     2564  222.20 1536   6  23  13  1.20e+22   9.413     0.590784  0.0572357   3.3336     3.440  8.541e+21     1.712      1    0  2.3980e-19  6.9707e-20  6.8293e-21    2731.84    9106.86   273205.90 1.6674e+22    1.36   sub
     2565  222.20 1539   6  23  16  1.20e+22   9.891     0.590784    0.11962   1.9857     1.739  2.466e+21     1.205      1    0  2.9567e-20  1.7007e-20  3.9274e-21    7974.88   15835.53   475065.95 1.3254e+22    2.96   sub
     2566  222.20 1542   6  23  19  1.20e+22  10.054     0.590784       0.25   1.2848     1.290  6.005e+20     1.050      1    0  3.2895e-21  2.5502e-21  2.0081e-21   24105.73   30971.70   929150.88 1.2301e+22    7.84   sub
     2567  222.20 1573   6  26  10  1.20e+22   8.408       1.9307  0.0273861  30.7689   564.901  2.307e+22     2.923      1    0  1.9948e-18  3.5312e-21  2.2579e-21     895.20   27544.39   826331.60 2.9060e+22    1.56  deep
     2568  222.20 1576   6  26  13  1.20e+22   9.089       1.9307  0.0572357  10.2722    44.877  1.378e+22     2.148      1    0  4.1064e-19  9.1503e-21  2.9515e-21    2051.35   21071.78   632153.41 1.9701e+22    1.09 super
     2569  222.20 1579   6  26  16  1.20e+22   9.632       1.9307    0.11962   4.6521     6.588  5.799e+21     1.483      1    0  7.4671e-20  1.1334e-20  2.6995e-21    4952.35   23038.69   691160.84 1.4972e+22    1.07   sub
     2570  222.20 1582   6  26  19  1.20e+22   9.953       1.9307       0.25   2.6287     2.392  1.752e+21     1.146      1    0  1.0179e-20  4.2560e-21  1.7352e-21   13634.73   35841.72  1075251.55 1.2880e+22    1.83   sub
     2571  222.20 1602   6  29  13  1.20e+22   9.004      6.30957  0.0572357  47.2188  1328.894  1.529e+22     2.274      1    1  4.6920e-19  3.5308e-22  6.8957e-22    1910.08   90191.46  2705743.92 2.0617e+22    1.67  deep
     2572  222.20 1605   6  29  16  1.20e+22   9.471      6.30957    0.11962  17.6824   167.626  8.141e+21     1.678      1    1  1.1035e-19  6.5832e-22  8.7070e-22    4039.55   71429.06  2142871.84 1.6198e+22    1.32  deep
     2573  222.20 1608   6  29  19  1.20e+22   9.819      6.30957       0.25   6.7997    15.975  3.387e+21     1.282      1    0  2.0456e-20  1.2805e-21  9.5743e-22    9553.07   64958.45  1948753.61 1.3704e+22    1.00 super
     2574  222.20 1622   6  33  19  1.20e+22   9.739      30.5995       0.25  51.0822  1545.794  4.396e+21     1.366      1    1  2.8974e-20  1.8744e-23  1.5230e-22    7994.21  408361.51 12250845.33 1.4229e+22    1.68  deep
     2575  222.20 1623   7   8   1  2.40e+22   8.371   0.00158489      0.003   0.6406     1.069  2.082e+20     1.009      0    0  5.0880e-18  4.7581e-18  3.4716e-19     559.30     358.29    10748.77 2.9735e+22   51.39   sub
     2576  222.20 1633   7  11   1  2.40e+22   7.843   0.00517947      0.003   1.2424     1.270  6.805e+20     1.028      0    0  1.6921e-17  1.3322e-17  3.3727e-19     296.86     368.80    11064.15 4.2543e+22    8.52   sub
     2577  222.20 1636   7  11   4  2.40e+22   8.446   0.00517947 0.00626986   0.8091     1.111  6.562e+20     1.027      0    0  1.8953e-18  1.7052e-18  1.6702e-19     920.49     744.73    22341.97 2.8384e+22   26.62   sub
     2578  222.20 1639   7  11   7  2.40e+22   8.656   0.00517947  0.0131037   0.5518     1.051  5.692e+20     1.024      0    0  2.1945e-19  2.0875e-19  8.2315e-20    2738.46    1511.11    45333.33 2.5049e+22   78.93   sub
     2579  222.20 1658   7  14   1  2.40e+22   7.158    0.0169267      0.003   2.6586     2.428  2.216e+21     1.092      1    0  5.1693e-17  2.1286e-17  2.8836e-19     162.25     431.35    12940.58 7.7508e+22    1.80   sub
     2580  222.20 1661   7  14   4  2.40e+22   8.016    0.0169267 0.00626986   1.5764     1.447  2.135e+21     1.089      1    0  6.0178e-18  4.1583e-18  1.5680e-19     503.23     793.27    23798.23 3.7585e+22    4.82   sub
     2581  222.20 1664   7  14   7  2.40e+22   8.517    0.0169267  0.0131037   1.0140     1.177  1.829e+21     1.076      1    0  6.5779e-19  5.5881e-19  7.8185e-20    1569.01    1590.93    47727.76 2.7189e+22   14.41   sub
     2582  222.20 1667   7  14  10  2.40e+22   8.676    0.0169267  0.0273861   0.6885     1.080  1.076e+21     1.045      0    0  7.5609e-20  6.9992e-20  3.8679e-20    4670.71    3215.89    96476.57 2.4762e+22   41.86   sub
     2583  222.20 1697   7  17   1  2.40e+22   6.794    0.0553168      0.003   7.2001    18.401  7.068e+21     1.295      1    0  1.0063e-16  5.4688e-18  1.5248e-19     113.30     815.75    24472.56 1.2428e+23    1.00 super
     2584  222.20 1700   7  17   4  2.40e+22   7.426    0.0553168 0.00626986   3.5413     3.826  6.809e+21     1.284      1    0  1.6799e-17  4.3906e-18  1.2116e-19     289.91    1026.66    30799.71 5.9645e+22    1.28   sub
     2585  222.20 1703   7  17   7  2.40e+22   8.174    0.0553168  0.0131037   2.0272     1.773  5.818e+21     1.242      1    0  2.1034e-18  1.1862e-18  7.1383e-20     859.56    1742.52    52275.67 3.3754e+22    2.85   sub
     2586  222.20 1706   7  17  10  2.40e+22   8.570    0.0553168  0.0273861   1.2871     1.291  3.351e+21     1.140      1    0  2.3455e-19  1.8169e-19  3.6669e-20    2635.58    3392.15   101764.50 2.6351e+22    7.80   sub
     2587  222.20 1709   7  17  13  2.40e+22   8.690    0.0553168  0.0572357   0.8623     1.127  1.042e+21     1.043      0    0  2.6088e-20  2.3149e-20  1.8126e-20    7958.19    6862.45   205873.37 2.4553e+22   22.33   sub
     2588  222.20 1712   7  17  16  2.40e+22   8.720    0.0553168    0.11962   0.5937     1.059  2.619e+20     1.011      0    1  3.0237e-21  2.8540e-21  8.9475e-21   23416.41   13901.83   417054.91 2.4133e+22   63.92   sub
     2589  222.20 1750   7  20   1  2.40e+22   6.695     0.180777      0.003  33.8852   688.719  1.701e+22     1.709      1    0  1.3439e-16  1.9513e-19  3.7718e-20      97.32    3297.81    98934.35 1.4916e+23    1.59  deep
     2590  222.20 1753   7  20   4  2.40e+22   7.127     0.180777 0.00626986  11.3983    58.188  1.813e+22     1.755      1    0  2.7341e-17  4.6988e-19  4.9018e-20     222.63    2537.58    76127.40 8.0076e+22    1.13 super
     2591  222.20 1756   7  20   7  2.40e+22   7.735     0.180777  0.0131037   4.8650     7.266  1.600e+22     1.667      1    0  5.0422e-18  6.9397e-19  4.7342e-20     540.06    2627.39    78821.80 4.6155e+22    1.05   sub
     2592  222.20 1759   7  20  10  2.40e+22   8.313     0.180777  0.0273861   2.6722     2.446  9.670e+21     1.403      1    0  7.2567e-19  2.9673e-19  3.1541e-20    1475.78    3943.65   118309.47 3.0852e+22    1.79   sub
     2593  222.20 1762   7  20  13  2.40e+22   8.610     0.180777  0.0572357   1.6546     1.496  3.219e+21     1.134      1    0  8.3941e-20  5.6102e-20  1.7023e-20    4416.10    7306.85   219205.54 2.5726e+22    4.33   sub
     2594  222.20 1765   7  20  16  2.40e+22   8.700     0.180777    0.11962   1.0950     1.208  8.161e+20     1.034      0    1  9.4526e-21  7.8270e-21  8.5869e-21   13228.43   14485.53   434565.93 2.4414e+22   11.77   sub
     2595  222.20 1768   7  20  19  2.40e+22   8.723     0.180777       0.25   0.7408     1.093  1.907e+20     1.008      0    1  1.0302e-21  9.4242e-22  4.1849e-21   40123.43   29722.53   891676.03 2.4096e+22   34.05   sub
     2596  222.20 1806   7  23   4  2.40e+22   7.040     0.590784 0.00626986  54.9849  1778.571  2.350e+22     1.979      1    0  3.3468e-17  1.8818e-20  1.1312e-20     199.98   10996.08   329882.29 8.8460e+22    1.69  deep
     2597  222.20 1809   7  23   7  2.40e+22   7.527     0.590784  0.0131037  19.4332   208.232  2.451e+22     2.021      1    0  7.3476e-18  3.5286e-20  1.4504e-20     441.31    8576.15   257284.46 5.4636e+22    1.36  deep
     2598  222.20 1812   7  23  10  2.40e+22   8.038     0.590784  0.0273861   7.1413    18.030  1.821e+22     1.759      1    0  1.4340e-18  7.9530e-20  1.6872e-20    1032.34    7372.27   221168.24 3.7005e+22    1.00 super
     2599  222.20 1815   7  23  13  2.40e+22   8.440     0.590784  0.0572357   3.6087     3.960  8.196e+21     1.341      1    0  2.3146e-19  5.8456e-20  1.3091e-20    2633.04    9501.87   285056.09 2.8495e+22    1.26   sub
     2600  222.20 1818   7  23  16  2.40e+22   8.642     0.590784    0.11962   2.1635     1.894  2.444e+21     1.102      1    0  2.9671e-20  1.5669e-20  7.7259e-21    7441.68   16099.82   482994.56 2.5244e+22    2.52   sub
     2601  222.20 1821   7  23  19  2.40e+22   8.708     0.590784       0.25   1.3922     1.343  5.977e+20     1.025      0    1  3.2928e-21  2.4513e-21  3.9845e-21   22423.61   31217.72   936531.65 2.4300e+22    6.44   sub
     2602  222.20 1852   7  26  10  2.40e+22   7.926       1.9307  0.0273861  32.9197   649.251  2.175e+22     1.906      1    1  1.8648e-18  2.8723e-21  4.2033e-21     898.94   29592.89   887786.79 4.0035e+22    1.58  deep
     2603  222.20 1855   7  26  13  2.40e+22   8.296       1.9307  0.0572357  11.5201    59.744  1.284e+22     1.535      1    0  3.8523e-19  6.4479e-21  5.3361e-21    2023.44   23310.19   699305.66 3.1186e+22    1.13 super
     2604  222.20 1858   7  26  16  2.40e+22   8.543       1.9307    0.11962   5.1290     8.178  5.400e+21     1.225      1    0  6.9397e-20  8.4856e-21  5.0128e-21    4837.93   24813.88   744416.34 2.6769e+22    1.03   sub
     2605  222.20 1861   7  26  19  2.40e+22   8.669       1.9307       0.25   2.8855     2.730  1.698e+21     1.071      1    0  9.9441e-21  3.6431e-21  3.3483e-21   12874.46   37149.22  1114476.72 2.4853e+22    1.61   sub
     2606  222.20 1881   7  29  13  2.40e+22   8.241      6.30957  0.0572357  55.2633  1795.690  1.458e+22     1.608      1    1  4.7489e-19  2.6446e-22  1.2392e-21    1816.39  100379.85  3011395.43 3.2308e+22    1.69  deep
     2607  222.20 1884   7  29  16  2.40e+22   8.482      6.30957    0.11962  20.2509   228.621  7.311e+21     1.305      1    1  9.8452e-20  4.3064e-22  1.5176e-21    4047.28   81961.22  2458836.54 2.7769e+22    1.38  deep
     2608  222.20 1887   7  29  19  2.40e+22   8.620      6.30957       0.25   7.8355    22.722  3.123e+21     1.130      1    1  1.9051e-20  8.3847e-22  1.7115e-21    9275.16   72675.30  2180259.13 2.5572e+22    1.02 super
     2609  222.20 1900   7  33  19  2.40e+22   8.602      30.5995       0.25  54.7886  1766.534  3.649e+21     1.152      1    1  2.2611e-20  1.2799e-23  2.6695e-22    8504.72  465961.70 13978850.94 2.5852e+22    1.69  deep
     2610  222.20 1901   8   8   1  4.80e+22   7.542   0.00158489      0.003   0.6822     1.079  2.081e+20     1.004      0    0  5.3689e-18  4.9770e-18  7.0564e-19     516.79     352.55    10576.43 5.3937e+22   42.97   sub
     2611  222.20 1911   8  11   1  4.80e+22   7.311   0.00517947      0.003   1.2886     1.292  6.799e+20     1.014      0    0  1.6719e-17  1.2943e-17  6.6956e-19     288.34     371.55    11146.44 6.6355e+22    7.78   sub
     2612  222.20 1914   8  11   4  4.80e+22   7.578   0.00517947 0.00626986   0.8545     1.125  6.559e+20     1.014      0    0  1.8725e-18  1.6650e-18  3.3191e-19     877.15     749.51    22485.25 5.2342e+22   22.89   sub
     2613  222.20 1917   8  11   7  4.80e+22   7.658   0.00517947  0.0131037   0.5866     1.058  5.684e+20     1.012      0    0  2.1761e-19  2.0568e-19  1.6396e-19    2586.63    1517.24    45517.08 4.9042e+22   66.17   sub
     2614  222.20 1936   8  14   1  4.80e+22   6.933    0.0169267      0.003   2.7168     2.502  2.216e+21     1.046      0    0  5.1510e-17  2.0586e-17  5.7241e-19     159.97     434.60    13038.14 1.0120e+23    1.74   sub
     2615  222.20 1939   8  14   4  4.80e+22   7.392    0.0169267 0.00626986   1.6507     1.494  2.133e+21     1.044      0    0  5.9863e-18  4.0078e-18  3.1104e-19     484.55     799.82    23994.65 6.1484e+22    4.35   sub
     2616  222.20 1942   8  14   7  4.80e+22   7.604    0.0169267  0.0131037   1.0823     1.203  1.833e+21     1.038      0    0  6.7437e-19  5.6071e-19  1.5699e-19    1464.15    1584.65    47539.41 5.1233e+22   12.13   sub
     2617  222.20 1945   8  14  10  4.80e+22   7.665    0.0169267  0.0273861   0.7318     1.091  1.067e+21     1.022      0    1  7.4302e-20  6.8115e-20  7.6758e-20    4428.77    3241.02    97230.64 4.8753e+22   35.24   sub
     2618  222.20 1975   8  17   1  4.80e+22   6.696    0.0553168      0.003   7.3940    19.658  7.064e+21     1.147      1    0  1.0229e-16  5.2037e-18  3.0158e-19     111.56     824.89    24746.61 1.4875e+23    1.01 super
     2619  222.20 1978   8  17   4  4.80e+22   7.095    0.0553168 0.00626986   3.6616     4.067  6.794e+21     1.142      1    0  1.6521e-17  4.0622e-18  2.3777e-19     285.74    1046.28    31388.48 8.3017e+22    1.24   sub
     2620  222.20 1981   8  17   7  4.80e+22   7.463    0.0553168  0.0131037   2.1499     1.881  5.802e+21     1.121      1    0  2.1157e-18  1.1247e-18  1.4130e-19     818.93    1760.58    52817.49 5.7722e+22    2.55   sub
     2621  222.20 1984   8  17  10  4.80e+22   7.625    0.0553168  0.0273861   1.3752     1.335  3.343e+21     1.070      1    0  2.3614e-19  1.7695e-19  7.3009e-20    2477.73    3407.43   102222.82 5.0352e+22    6.64   sub
     2622  222.20 1987   8  17  13  4.80e+22   7.670    0.0553168  0.0572357   0.9203     1.145  1.038e+21     1.022      0    1  2.6008e-20  2.2712e-20  3.6098e-20    7488.21    6891.63   206748.75 4.8551e+22   18.69   sub
     2623  222.20 1990   8  17  16  4.80e+22   7.682    0.0553168    0.11962   0.6246     1.066  2.478e+20     1.005      0    1  2.7831e-21  2.6111e-21  1.7387e-20   22907.64   14308.19   429245.75 4.8125e+22   55.25   sub
     2624  222.20 2028   8  20   1  4.80e+22   6.631     0.180777      0.003  34.6545   720.862  1.689e+22     1.352      1    0  1.3549e-16  1.8795e-19  7.4417e-20      96.46    3342.94   100288.10 1.7312e+23    1.60  deep
     2625  222.20 2031   8  20   4  4.80e+22   6.923     0.180777 0.00626986  11.7652    62.946  1.790e+22     1.373      1    0  2.6517e-17  4.2127e-19  9.4905e-20     222.80    2621.27    78638.05 1.0254e+23    1.14 super
     2626  222.20 2034   8  20   7  4.80e+22   7.263     0.180777  0.0131037   5.1541     8.269  1.570e+22     1.327      1    0  4.9312e-18  5.9634e-19  9.1212e-20     529.17    2727.40    81821.99 6.9544e+22    1.03   sub
     2627  222.20 2037   8  20  10  4.80e+22   7.526     0.180777  0.0273861   2.8510     2.681  9.414e+21     1.196      1    0  7.0636e-19  2.6343e-19  6.1308e-20    1423.29    4057.78   121733.51 5.4658e+22    1.63   sub
     2628  222.20 2040   8  20  13  4.80e+22   7.641     0.180777  0.0572357   1.7774     1.579  3.200e+21     1.067      1    0  8.4335e-20  5.3397e-20  3.3723e-20    4150.33    7376.91   221307.42 4.9720e+22    3.71   sub
     2629  222.20 2043   8  20  16  4.80e+22   7.674     0.180777    0.11962   1.1682     1.238  8.037e+20     1.017      0    1  9.2832e-21  7.5011e-21  1.6986e-20   12536.84   14645.40   439362.11 4.8407e+22    9.96   sub
     2630  222.20 2046   8  20  19  4.80e+22   7.682     0.180777       0.25   0.7918     1.107  1.909e+20     1.004      0    1  1.0340e-21  9.3432e-22  8.3593e-21   37584.94   29759.82   892794.73 4.8096e+22   28.27   sub
     2631  222.20 2084   8  23   4  4.80e+22   6.893     0.590784 0.00626986  52.1572  1608.553  2.317e+22     1.483      1    1  2.8593e-17  1.7776e-20  2.2279e-20     214.09   11166.31   334989.36 1.0692e+23    1.69  deep
     2632  222.20 2087   8  23   7  4.80e+22   7.164     0.590784  0.0131037  20.5001   235.009  2.341e+22     1.488      1    0  6.8972e-18  2.9349e-20  2.7308e-20     444.37    9109.72   273291.58 7.7005e+22    1.39  deep
     2633  222.20 2090   8  23  10  4.80e+22   7.413     0.590784  0.0273861   7.8042    22.495  1.724e+22     1.359      1    0  1.3699e-18  6.0899e-20  3.1427e-20    1014.29    7915.77   237473.08 6.0354e+22    1.02 super
     2634  222.20 2093   8  23  13  4.80e+22   7.578     0.590784  0.0572357   3.9158     4.620  7.844e+21     1.163      1    0  2.2299e-19  4.8262e-20  2.4993e-20    2541.96    9953.72   298611.46 5.2311e+22    1.18   sub
     2635  222.20 2096   8  23  16  4.80e+22   7.653     0.590784    0.11962   2.3286     2.054  2.378e+21     1.050      0    1  2.8930e-20  1.4081e-20  1.5064e-20    7092.16   16514.72   495441.68 4.9211e+22    2.22   sub
     2636  222.20 2099   8  23  19  4.80e+22   7.677     0.590784       0.25   1.4970     1.400  5.971e+20     1.012      0    1  3.3144e-21  2.3666e-21  7.9188e-21   20985.28   31415.53   942465.76 4.8300e+22    5.43   sub
     2637  222.20 2128   8  26  10  4.80e+22   7.365       1.9307  0.0273861  36.3800   795.172  2.034e+22     1.424      1    1  1.7632e-18  2.2174e-21  7.6733e-21     891.17   32420.61   972618.32 6.3054e+22    1.61  deep
     2638  222.20 2131   8  26  13  4.80e+22   7.528       1.9307  0.0572357  12.8959    78.911  1.176e+22     1.245      1    1  3.5084e-19  4.4460e-21  9.5510e-21    2019.78   26046.83   781405.00 5.4579e+22    1.18  deep
     2639  222.20 2134   8  26  16  4.80e+22   7.619       1.9307    0.11962   5.6886    10.389  5.064e+21     1.106      1    1  6.5391e-20  6.2942e-21  9.2915e-21    4706.65   26774.25   803227.65 5.0598e+22    1.01   sub
     2640  222.20 2137   8  26  19  4.80e+22   7.663       1.9307       0.25   3.1450     3.122  1.644e+21     1.034      0    1  9.6914e-21  3.1047e-21  6.4512e-21   12261.27   38562.27  1156868.07 4.8826e+22    1.45   sub
     2641  222.20 2156   8  29  13  4.80e+22   7.517      6.30957  0.0572357  56.6984  1885.045  1.260e+22     1.263      1    1  3.7746e-19  2.0024e-22  2.2548e-21    1945.88  110328.13  3309843.90 5.5076e+22    1.69  deep
     2642  222.20 2159   8  29  16  4.80e+22   7.601      6.30957    0.11962  22.7276   295.709  6.462e+21     1.135      1    1  8.5093e-20  2.8776e-22  2.6560e-21    4121.18   93664.63  2809938.88 5.1328e+22    1.44  deep
     2643  222.20 2162   8  29  19  4.80e+22   7.647      6.30957       0.25   8.9866    32.067  2.877e+21     1.060      1    1  1.7682e-20  5.5142e-22  3.0528e-21    9068.03   81491.05  2444731.39 4.9448e+22    1.05 super
     2644  222.20 2173   8  32  19  4.80e+22   7.641      20.6199       0.25  41.5336  1034.857  3.357e+21     1.070      1    1  2.1550e-20  2.0825e-23  7.2951e-22    8210.58  341014.86 10230445.73 4.9698e+22    1.65  deep
     2645  222.20 2174   9   8   1  9.60e+22   6.928   0.00158489      0.003   0.7130     1.086  2.080e+20     1.002      0    0  5.3783e-18  4.9517e-18  1.4102e-18     494.87     352.83    10584.87 1.0194e+23   37.92   sub
     2646  222.20 2184   9  11   1  9.60e+22   6.846   0.00517947      0.003   1.3393     1.316  6.800e+20     1.007      0    0  1.6915e-17  1.2850e-17  1.3392e-18     277.40     371.53    11145.88 1.1445e+23    7.08   sub
     2647  222.20 2187   9  11   4  9.60e+22   6.941   0.00517947 0.00626986   0.8879     1.135  6.550e+20     1.007      0    0  1.7915e-18  1.5787e-18  6.5293e-19     858.24     762.03    22860.75 1.0021e+23   20.61   sub
     2648  222.20 2190   9  11   7  9.60e+22   6.965   0.00517947  0.0131037   0.6107     1.063  5.649e+20     1.006      0    1  2.0742e-19  1.9514e-19  3.2244e-19    2526.80    1543.08    46292.28 9.7009e+22   58.93   sub
     2649  222.20 2209   9  14   1  9.60e+22   6.697    0.0169267      0.003   2.7770     2.581  2.216e+21     1.023      0    0  5.0899e-17  1.9721e-17  1.1328e-18     158.16     439.22    13176.53 1.4858e+23    1.69   sub
     2650  222.20 2212   9  14   4  9.60e+22   6.876    0.0169267 0.00626986   1.7253     1.543  2.133e+21     1.022      0    0  6.0351e-18  3.9109e-18  6.1960e-19     465.43     803.01    24090.37 1.0950e+23    3.95   sub
     2651  222.20 2215   9  14   7  9.60e+22   6.948    0.0169267  0.0131037   1.1322     1.223  1.826e+21     1.019      0    0  6.6101e-19  5.4067e-19  3.1086e-19    1413.70    1600.55    48016.36 9.9184e+22   10.79   sub
     2652  222.20 2218   9  14  10  9.60e+22   6.968    0.0169267  0.0273861   0.7638     1.099  1.049e+21     1.011      0    1  7.1462e-20  6.5019e-20  1.5130e-19    4305.53    3288.40    98652.12 9.6733e+22   31.26   sub
     2653  222.20 2248   9  17   1  9.60e+22   6.592    0.0553168      0.003   7.4769    20.211  7.058e+21     1.074      1    0  1.0002e-16  4.9486e-18  5.9448e-19     111.94     836.94    25108.27 1.9499e+23    1.01 super
     2654  222.20 2251   9  17   4  9.60e+22   6.766    0.0553168 0.00626986   3.7933     4.346  6.777e+21     1.071      1    0  1.6224e-17  3.7329e-18  4.6581e-19     281.58    1068.13    32043.92 1.3035e+23    1.21   sub
     2655  222.20 2254   9  17   7  9.60e+22   6.902    0.0553168  0.0131037   2.2549     1.981  5.772e+21     1.060      1    0  2.0893e-18  1.0549e-18  2.7841e-19     792.52    1787.07    53612.12 1.0558e+23    2.34   sub
     2656  222.20 2257   9  17  10  9.60e+22   6.955    0.0553168  0.0273861   1.4485     1.373  3.329e+21     1.035      0    0  2.3625e-19  1.7202e-19  1.4519e-19    2365.78    3426.87   102806.10 9.8344e+22    5.86   sub
     2657  222.20 2260   9  17  13  9.60e+22   6.969    0.0553168  0.0572357   0.9709     1.162  1.045e+21     1.011      0    1  2.6421e-20  2.2738e-20  7.2362e-20    7081.66    6875.79   206273.74 9.6556e+22   16.18   sub
     2658  222.20 2263   9  17  16  9.60e+22   6.973    0.0553168    0.11962   0.6609     1.074  2.541e+20     1.003      0    1  2.8965e-21  2.6973e-21  3.5187e-20   21393.39   14139.89   424196.77 9.6129e+22   47.01   sub
     2659  222.20 2301   9  20   1  9.60e+22   6.567     0.180777      0.003  33.1301   657.769  1.687e+22     1.176      1    0  1.2224e-16  1.8585e-19  1.4860e-19     101.06    3348.23   100446.85 2.1418e+23    1.58  deep
     2660  222.20 2304   9  20   4  9.60e+22   6.696     0.180777 0.00626986  12.2208    69.144  1.763e+22     1.184      1    0  2.5651e-17  3.7098e-19  1.8275e-19     222.78    2722.51    81675.29 1.4888e+23    1.15  deep
     2661  222.20 2307   9  20   7  9.60e+22   6.833     0.180777  0.0131037   5.4493     9.397  1.538e+22     1.160      1    0  4.7927e-18  5.1005e-19  1.7538e-19     520.62    2837.03    85110.84 1.1687e+23    1.01   sub
     2662  222.20 2310   9  20  10  9.60e+22   6.923     0.180777  0.0273861   3.0249     2.934  9.236e+21     1.096      1    0  6.9905e-19  2.3829e-19  1.1987e-19    1372.22    4150.86   124525.88 1.0254e+23    1.51   sub
     2663  222.20 2313   9  20  13  9.60e+22   6.960     0.180777  0.0572357   1.8756     1.652  3.153e+21     1.033      0    1  8.3289e-20  5.0432e-20  6.6552e-20    3985.93    7476.07   224282.13 9.7696e+22    3.32   sub
     2664  222.20 2316   9  20  16  9.60e+22   6.970     0.180777    0.11962   1.2327     1.266  8.046e+20     1.008      0    1  9.3445e-21  7.3823e-21  3.3892e-20   11908.80   14680.23   440406.86 9.6408e+22    8.69   sub
     2665  222.20 2319   9  20  19  9.60e+22   6.973     0.180777       0.25   0.8342     1.119  1.918e+20     1.002      0    1  1.0435e-21  9.3281e-22  1.6734e-20   35643.70   29733.47   892003.96 9.6096e+22   24.46   sub
     2666  222.20 2356   9  23   4  9.60e+22   6.682     0.590784 0.00626986  54.2055  1730.996  2.250e+22     1.234      1    1  2.7895e-17  1.6115e-20  4.3011e-20     213.41   11567.92   347037.62 1.5332e+23    1.69  deep
     2667  222.20 2359   9  23   7  9.60e+22   6.796     0.590784  0.0131037  22.1130   278.325  2.235e+22     1.233      1    1  6.6422e-18  2.3865e-20  5.1013e-20     441.07    9753.35   292600.43 1.2378e+23    1.42  deep
     2668  222.20 2362   9  23  10  9.60e+22   6.888     0.590784  0.0273861   8.4284    27.287  1.630e+22     1.170      1    1  1.2934e-18  4.7398e-20  5.8665e-20    1006.25    8481.07   254432.22 1.0768e+23    1.03 super
     2669  222.20 2365   9  23  13  9.60e+22   6.941     0.590784  0.0572357   4.2006     5.315  7.560e+21     1.079      1    1  2.1645e-19  4.0724e-20  4.7970e-20    2469.15   10371.96   311158.87 1.0016e+23    1.13   sub
     2670  222.20 2368   9  23  16  9.60e+22   6.964     0.590784    0.11962   2.4799     2.217  2.353e+21     1.025      0    1  2.8891e-20  1.3032e-20  2.9637e-20    6769.61   16787.84   503635.20 9.7199e+22    2.00   sub
     2671  222.20 2371   9  23  19  9.60e+22   6.971     0.590784       0.25   1.5825     1.451  5.945e+20     1.006      0    1  3.3159e-21  2.2854e-21  1.5726e-20   19992.63   31638.47   949154.09 9.6298e+22    4.78   sub
     2672  222.20 2400   9  26  10  9.60e+22   6.874       1.9307  0.0273861  38.8890   908.588  1.889e+22     1.197      1    1  1.6018e-18  1.7629e-21  1.4164e-20     903.28   35127.64  1053829.20 1.0988e+23    1.63  deep
     2673  222.20 2403   9  26  13  9.60e+22   6.927       1.9307  0.0572357  14.1025    98.090  1.081e+22     1.113      1    1  3.1822e-19  3.2442e-21  1.7342e-20    2034.36   28689.54   860686.28 1.0204e+23    1.22  deep
     2674  222.20 2406   9  26  16  9.60e+22   6.954       1.9307    0.11962   6.1574    12.545  4.745e+21     1.049      0    1  6.0981e-20  4.8609e-21  1.7354e-20    4656.33   28670.73   860121.84 9.8435e+22    1.00   sub
     2675  222.20 2409   9  26  19  9.60e+22   6.967       1.9307       0.25   3.3610     3.489  1.589e+21     1.017      0    1  9.3892e-21  2.6912e-21  1.2463e-20   11877.74   39920.51  1197615.41 9.6799e+22    1.35   sub
     2676  222.20 2430   9  29  16  9.60e+22   6.949      6.30957    0.11962  25.4776   379.222  5.929e+21     1.062      1    1  7.7942e-20  2.0553e-22  4.7431e-21    4117.26  104897.96  3146938.69 9.9054e+22    1.49  deep
     2677  222.20 2433   9  29  19  9.60e+22   6.963      6.30957       0.25   9.9584    41.517  2.661e+21     1.028      0    1  1.6304e-20  3.9271e-22  5.5447e-21    9010.81   89733.66  2692009.74 9.7340e+22    1.08 super
     2678  222.20 2443   9  32  19  9.60e+22   6.960      20.6199       0.25  49.5735  1459.478  3.245e+21     1.034      0    1  2.2096e-20  1.5140e-23  1.2969e-21    7738.92  383645.52 11509365.67 9.7645e+22    1.68  deep
     2679  222.20    0  10   8   1  1.92e+23   6.587   0.00158489      0.003   0.7300     1.090  2.084e+20     1.001      0    0  5.3036e-18  4.8639e-18  2.8050e-18     485.95     354.76    10642.73 1.9788e+23   35.48   sub
     2680  222.20    0  10  11   1  1.92e+23   6.571   0.00517947      0.003   1.3693     1.331  6.792e+20     1.004      0    0  1.6849e-17  1.2655e-17  2.6687e-18     272.30     372.88    11186.35 2.1038e+23    6.71   sub
     2681  222.20    0  10  11   4  1.92e+23   6.590   0.00517947 0.00626986   0.9175     1.144  6.553e+20     1.003      0    0  1.8484e-18  1.6155e-18  1.3174e-18     823.28     755.37    22661.15 1.9630e+23   18.85   sub
     2682  222.20    0  10  11   7  1.92e+23   6.595   0.00517947  0.0131037   0.6236     1.066  5.618e+20     1.003      0    1  1.9898e-19  1.8672e-19  6.3569e-19    2510.23    1565.38    46961.27 1.9298e+23   55.50   sub
     2683  222.20    0  10  14   1  1.92e+23   6.543    0.0169267      0.003   2.8162     2.634  2.215e+21     1.012      0    0  5.0324e-17  1.9109e-17  2.2474e-18     157.23     442.78    13283.35 2.4407e+23    1.66   sub
     2684  222.20    0  10  14   4  1.92e+23   6.577    0.0169267 0.00626986   1.7704     1.574  2.132e+21     1.011      0    0  6.0157e-18  3.8208e-18  1.2328e-18     455.93     807.20    24215.87 2.0544e+23    3.74   sub
     2685  222.20    0  10  14   7  1.92e+23   6.591    0.0169267  0.0131037   1.1648     1.236  1.825e+21     1.010      0    1  6.6016e-19  5.3405e-19  6.2007e-19    1377.78    1604.81    48144.31 1.9518e+23   10.03   sub
     2686  222.20    0  10  14  10  1.92e+23   6.595    0.0169267  0.0273861   0.7898     1.106  1.061e+21     1.006      0    1  7.3536e-20  6.6482e-20  3.0512e-19    4129.31    3261.36    97840.79 1.9275e+23   28.46   sub
     2687  222.20    0  10  17   1  1.92e+23   6.540    0.0553168      0.003   7.5181    20.490  7.054e+21     1.037      0    0  9.8894e-17  4.8264e-18  1.1804e-18     112.13     843.02    25290.58 2.9012e+23    1.01 super
     2688  222.20    0  10  17   4  1.92e+23   6.556    0.0553168 0.00626986   3.8737     4.525  6.763e+21     1.035      0    0  1.5870e-17  3.5076e-18  9.1661e-19     280.25    1085.62    32568.60 2.2570e+23    1.19   sub
     2689  222.20    0  10  17   7  1.92e+23   6.582    0.0553168  0.0131037   2.3182     2.044  5.747e+21     1.030      0    0  2.0571e-18  1.0064e-18  5.5032e-19     779.99    1808.19    54245.65 2.0145e+23    2.23   sub
     2690  222.20    0  10  17  10  1.92e+23   6.593    0.0553168  0.0273861   1.4932     1.398  3.320e+21     1.017      0    1  2.3624e-19  1.6895e-19  2.8931e-19    2303.40    3439.54   103186.16 1.9434e+23    5.46   sub
     2691  222.20    0  10  17  13  1.92e+23   6.595    0.0553168  0.0572357   0.9979     1.171  1.037e+21     1.005      0    1  2.6138e-20  2.2313e-20  1.4397e-19    6926.35    6911.78   207353.51 1.9255e+23   15.04   sub
     2692  222.20    0  10  17  16  1.92e+23   6.596    0.0553168    0.11962   0.6825     1.079  2.574e+20     1.001      0    1  2.9565e-21  2.7405e-21  7.0792e-20   20595.32   14056.55   421696.43 1.9213e+23   42.91   sub
     2693  222.20    0  10  20   1  1.92e+23   6.540     0.180777      0.003  33.0064   652.754  1.684e+22     1.088      1    1  1.2001e-16  1.8386e-19  2.9618e-19     101.79    3359.70   100790.96 3.0885e+23    1.58  deep
     2694  222.20    0  10  20   4  1.92e+23   6.543     0.180777 0.00626986  12.6378    75.094  1.743e+22     1.091      1    1  2.5378e-17  3.3795e-19  3.5563e-19     221.41    2798.09    83942.64 2.4410e+23    1.17  deep
     2695  222.20    0  10  20   7  1.92e+23   6.569     0.180777  0.0131037   5.6450    10.203  1.515e+22     1.079      1    0  4.6837e-18  4.5907e-19  3.4137e-19     516.39    2914.99    87449.55 2.1238e+23    1.01   sub
     2696  222.20    0  10  20  10  1.92e+23   6.587     0.180777  0.0273861   3.1311     3.099  9.099e+21     1.047      0    1  6.8980e-19  2.2258e-19  2.3587e-19    1347.37    4218.80   126563.96 1.9845e+23    1.45   sub
     2697  222.20    0  10  20  13  1.92e+23   6.594     0.180777  0.0572357   1.9324     1.696  3.110e+21     1.016      0    1  8.1985e-20  4.8351e-20  1.3169e-19    3910.32    7556.47   226694.18 1.9367e+23    3.12   sub
     2698  222.20    0  10  20  16  1.92e+23   6.596     0.180777    0.11962   1.2671     1.282  7.949e+20     1.004      0    1  9.1970e-21  7.1764e-21  6.7257e-20   11676.78   14795.38   443861.50 1.9240e+23    8.11   sub
     2699  222.20    0  10  20  19  1.92e+23   6.596     0.180777       0.25   0.8567     1.125  1.898e+20     1.001      0    1  1.0289e-21  9.1436e-22  3.3271e-20   34911.88   29908.80   897264.06 1.9210e+23   22.73   sub
     2700  222.20    0  10  23   4  1.92e+23   6.541     0.590784 0.00626986  55.5743  1814.897  2.205e+22     1.115      1    1  2.7362e-17  1.5076e-20  8.3988e-20     213.19   11848.08   355442.28 2.4819e+23    1.69  deep
     2701  222.20    0  10  23   7  1.92e+23   6.563     0.590784  0.0131037  22.3064   283.745  2.154e+22     1.112      1    1  6.0645e-18  2.1373e-20  9.8345e-20     453.61   10118.34   303550.11 2.1809e+23    1.43  deep
     2702  222.20    0  10  23  10  1.92e+23   6.580     0.590784  0.0273861   8.9222    31.491  1.580e+22     1.082      1    1  1.2662e-18  4.0208e-20  1.1221e-19     993.98    8868.47   266054.03 2.0336e+23    1.05 super
     2703  222.20    0  10  23  13  1.92e+23   6.590     0.590784  0.0572357   4.3805     5.796  7.379e+21     1.038      0    1  2.1192e-19  3.6563e-20  9.3427e-20    2431.48   10651.02   319530.63 1.9607e+23    1.10   sub
     2704  222.20    0  10  23  16  1.92e+23   6.594     0.590784    0.11962   2.5619     2.311  2.309e+21     1.012      0    1  2.8292e-20  1.2240e-20  5.8347e-20    6656.89   17054.59   511637.67 1.9318e+23    1.90   sub
     2705  222.20    0  10  23  19  1.92e+23   6.596     0.590784       0.25   1.6337     1.483  5.921e+20     1.003      0    1  3.3096e-21  2.2320e-21  3.1293e-20   19465.24   31799.60   953987.99 1.9230e+23    4.45   sub
     2706  222.20    0  10  26  10  1.92e+23   6.577       1.9307  0.0273861  43.4810  1132.145  1.854e+22     1.097      1    1  1.6942e-18  1.4964e-21  2.6640e-20     859.09   37353.94  1120618.11 2.0598e+23    1.66  deep
     2707  222.20    0  10  26  13  1.92e+23   6.587       1.9307  0.0572357  15.3547   120.294  1.050e+22     1.055      1    1  3.1522e-19  2.6204e-21  3.2513e-20    1993.28   30606.14   918184.14 1.9788e+23    1.25  deep
     2708  222.20    0  10  26  16  1.92e+23   6.592       1.9307    0.11962   6.5424    14.534  4.640e+21     1.024      0    1  6.0316e-20  4.1501e-21  3.3365e-20    4558.55   29824.00   894720.06 1.9438e+23    1.00 super
     2709  222.20    0  10  26  19  1.92e+23   6.595       1.9307       0.25   3.5081     3.762  1.569e+21     1.008      0    1  9.3328e-21  2.4809e-21  2.4472e-20   11590.98   40662.32  1219869.74 1.9279e+23    1.29   sub
     2710  222.20    0  10  29  16  1.92e+23   6.592      6.30957    0.11962  28.3039   474.441  5.804e+21     1.030      0    1  7.8672e-20  1.6582e-22  8.8087e-21    3991.20  112966.46  3388993.90 1.9500e+23    1.53  deep
     2711  222.20    0  10  29  19  1.92e+23   6.594      6.30957       0.25  10.6783    49.453  2.562e+21     1.013      0    1  1.5783e-20  3.1916e-22  1.0456e-20    8912.54   95171.10  2855133.02 1.9329e+23    1.10 super
     2712  222.20    0  10  32  19  1.92e+23   6.594      20.6199       0.25  50.3905  1505.966  2.955e+21     1.015      0    1  1.9333e-20  1.2838e-23  2.4523e-21    8052.64  405776.94 12173308.10 1.9350e+23    1.68  deep
