! harvest_calib3.py -- the correction factor against the three quantities the reconstruction reports
!
! 1815 nodes measured, 0 not measured, 21524935 pixels
! x = log10 of the surface density of the finest image, cm^-2
! y = the temperature fitted at that resolution, K
! z = log10 of the ratio of the finest to the coarsest surface density
! f = the factor that restores the true surface density; f16 and f84 bracket its spread in the cell
!
!        x         y         z     pixels       f16         f       f84
    20.625     20.50    0.0750        140    0.9963    0.9963    0.9963
    20.625     20.70    0.0750        204    0.9963    0.9963    0.9963
    20.675     20.30    0.0100        284    0.9829    0.9963    0.9963
    20.675     20.30    0.0350        304    0.9697    0.9829    0.9829
    20.675     20.30    0.0750        188    0.9697    0.9829    0.9963
    20.675     20.50    0.0100         72    0.9963    0.9963    0.9963
    20.675     20.50    0.0350        496    0.9829    0.9963    0.9963
    20.675     20.50    0.0750        436    0.9829    0.9963    0.9963
    20.725     19.90   -0.1500        176    0.9437    0.9437    0.9566
    20.725     19.90   -0.0750        128    0.9437    0.9437    0.9437
    20.725     19.90   -0.0350        160    0.9310    0.9310    0.9437
    20.725     19.90   -0.0100        204    0.9185    0.9310    0.9310
    20.725     19.90    0.0100        132    0.9185    0.9310    0.9566
    20.725     19.90    0.0350         92    0.9310    0.9697    1.0099
    20.725     19.90    0.0750         40    1.1409    1.1409    1.1882
    20.725     20.10   -0.1500       5564    0.9566    0.9697    0.9829
    20.725     20.10   -0.0750      16780    0.9697    0.9829    0.9829
    20.725     20.10   -0.0350      18928    0.9697    0.9829    0.9829
    20.725     20.10   -0.0100      13556    0.9829    0.9963    0.9963
    20.725     20.10    0.0100        780    0.9437    0.9566    0.9697
    20.725     20.10    0.0350        412    0.9566    0.9829    1.0099
    20.725     20.10    0.0750        184    1.0237    1.0518    1.0954
    20.725     20.30   -0.0750       9236    0.9963    0.9963    0.9963
    20.725     20.30   -0.0350      28224    0.9963    0.9963    0.9963
    20.725     20.30   -0.0100     162344    0.9963    1.0099    1.0099
    20.725     20.30    0.0100      67348    1.0099    1.0099    1.0099
    20.725     20.30    0.0350        292    0.9697    0.9697    0.9829
    20.725     20.30    0.0750        128    0.9829    0.9963    1.0237
    20.775     19.50    0.0100        104    0.9061    0.9437    0.9697
    20.775     19.50    0.0350        100    1.0518    1.0954    1.2889
    20.775     19.50    0.0750         36    1.3607    1.6009    1.8582
    20.775     19.70   -0.1500       2200    0.9061    0.9185    0.9185
    20.775     19.70   -0.0750       2004    0.9185    0.9310    0.9437
    20.775     19.70   -0.0350        220    0.9061    0.9185    0.9310
    20.775     19.70   -0.0100        224    0.9061    0.9061    0.9185
    20.775     19.70    0.0100        344    0.9061    0.9310    0.9437
    20.775     19.70    0.0350        292    0.9829    1.0237    1.1255
    20.775     19.70    0.0750        148    1.2044    1.3243    1.5794
    20.775     19.90   -0.1500       4704    0.9185    0.9310    0.9437
    20.775     19.90   -0.0750       9344    0.9310    0.9437    0.9566
    20.775     19.90   -0.0350       7008    0.9437    0.9697    0.9829
    20.775     19.90   -0.0100       1332    0.9185    0.9963    0.9963
    20.775     19.90    0.0100        380    0.9185    0.9437    0.9697
    20.775     19.90    0.0350        248    0.9963    1.0376    1.0661
    20.775     19.90    0.0750        136    1.1564    1.2375    1.2889
    20.775     20.10   -0.1500         56    0.9566    0.9566    0.9566
    20.775     20.10   -0.0750       1144    0.9566    0.9566    0.9697
    20.775     20.10   -0.0350       5980    0.9697    0.9697    0.9829
    20.775     20.10   -0.0100      89972    1.0099    1.0099    1.0099
    20.775     20.10    0.0100     266320    1.0099    1.0099    1.0099
    20.775     20.30   -0.0100        608    1.0099    1.0099    1.0099
    20.775     20.30    0.0100      52692    1.0099    1.0099    1.0099
    20.825     19.10    0.0100         48    0.9185    0.9310    0.9829
    20.825     19.10    0.0350         84    1.0099    1.0954    1.3980
    20.825     19.10    0.0750         40    1.4960    1.8332    2.0993
    20.825     19.30   -0.1500         40    0.9061    0.9061    0.9061
    20.825     19.30    0.0100        112    0.9061    0.9185    0.9437
    20.825     19.30    0.0350        212    0.9963    1.1104    1.2544
    20.825     19.30    0.0750        112    1.2544    1.5581    1.9353
    20.825     19.30    0.1500         21    1.7131    2.2464    2.7903
    20.825     19.50   -0.1500        804    0.9061    0.9061    0.9185
    20.825     19.50   -0.0750       1288    0.9185    0.9310    0.9437
    20.825     19.50   -0.0350        112    0.9185    0.9185    0.9310
    20.825     19.50   -0.0100         48    0.9061    0.9185    0.9437
    20.825     19.50    0.0100        140    0.9185    0.9310    0.9437
    20.825     19.50    0.0350        180    0.9829    1.0237    1.1255
    20.825     19.50    0.0750        144    1.1564    1.2889    1.5794
    20.825     19.70   -0.1500        396    0.9061    0.9185    0.9185
    20.825     19.70   -0.0750       3236    0.9310    0.9437    0.9566
    20.825     19.70   -0.0350       2996    0.9566    0.9697    0.9829
    20.825     19.70   -0.0100        160    0.9437    0.9697    0.9829
    20.825     19.70    0.0100         24    0.9310    0.9310    0.9829
    20.825     19.90   -0.0750         24    0.9566    0.9566    0.9566
    20.825     19.90   -0.0350       2392    0.9697    0.9829    0.9963
    20.825     19.90   -0.0100      51812    1.0099    1.0099    1.0099
    20.825     19.90    0.0100      81580    1.0099    1.0099    1.0099
    20.825     20.10   -0.0100      69852    1.0099    1.0099    1.0099
    20.825     20.10    0.0100     111512    1.0099    1.0099    1.0099
    20.875     18.70    0.0100         20    0.9185    0.9437    0.9963
    20.875     18.70    0.0350         56    0.9697    1.1564    1.1722
    20.875     18.70    0.0750         52    1.4364    1.6228    2.0710
    20.875     18.90    0.0100         48    0.9061    0.9185    0.9566
    20.875     18.90    0.0350        156    0.9829    1.0807    1.2375
    20.875     18.90    0.0750        104    1.3243    1.6449    2.1864
    20.875     18.90    0.1500         48    1.9617    2.5378    3.4659
    20.875     19.10   -0.1500         48    0.9061    0.9061    0.9061
    20.875     19.10   -0.0750         40    0.9061    0.9061    0.9185
    20.875     19.10    0.0100         32    0.9185    0.9185    0.9310
    20.875     19.10    0.0350        112    0.9437    0.9829    1.2889
    20.875     19.10    0.0750        104    1.0807    1.2044    1.7365
    20.875     19.10    0.1500         56    1.2715    1.4960    2.9859
    20.875     19.30   -0.1500        444    0.9061    0.9185    0.9310
    20.875     19.30   -0.0750        960    0.9061    0.9310    0.9566
    20.875     19.30   -0.0350        148    0.9061    0.9310    0.9566
    20.875     19.30    0.0350         60    0.9697    0.9963    0.9963
    20.875     19.30    0.0750         68    1.0376    1.0954    1.3423
    20.875     19.30    0.1500         22    1.2889    1.4171    2.0710
    20.875     19.50   -0.1500         84    0.9185    0.9185    0.9310
    20.875     19.50   -0.0750       1424    0.9437    0.9566    0.9697
    20.875     19.50   -0.0350       1904    0.9566    0.9829    1.0099
    20.875     19.50   -0.0100        172    0.9437    0.9697    0.9963
    20.875     19.50    0.0100         52    0.9566    0.9697    0.9697
    20.875     19.70   -0.0750         76    0.9829    0.9829    0.9829
    20.875     19.70   -0.0350       1656    0.9829    0.9963    1.0099
    20.875     19.70   -0.0100      28596    1.0099    1.0099    1.0099
    20.875     19.70    0.0100      34996    1.0099    1.0099    1.0099
    20.875     19.70    0.0350        392    1.0099    1.0099    1.0099
    20.875     19.90   -0.0100      65160    1.0099    1.0099    1.0099
    20.875     19.90    0.0100      91454    1.0099    1.0099    1.0099
    20.875     19.90    0.0350        636    1.0099    1.0099    1.0099
    20.925     18.30    0.0350         44    1.0237    1.0376    1.1104
    20.925     18.30    0.0750         48    1.2209    1.6673    1.9093
    20.925     18.50    0.0100         64    0.9061    0.9310    0.9697
    20.925     18.50    0.0350         88    0.9829    1.0954    1.4960
    20.925     18.50    0.0750        100    1.2209    1.6901    1.9617
    20.925     18.50    0.1500         34    2.0431    3.1523    3.3732
    20.925     18.70    0.0350         68    0.9829    0.9963    1.0237
    20.925     18.70    0.0750         52    1.2544    1.4960    2.2162
    20.925     18.70    0.1500         70    1.7131    2.3396    3.2389
    20.925     18.90   -0.1500        136    0.9061    0.9185    0.9310
    20.925     18.90   -0.0750         72    0.9061    0.9061    0.9310
    20.925     18.90   -0.0350         36    0.9061    0.9061    0.9310
    20.925     18.90    0.0750         44    1.0237    1.0807    1.1104
    20.925     18.90    0.1500         38    1.2544    1.3792    1.5164
    20.925     19.10   -0.1500        104    0.9061    0.9185    0.9437
    20.925     19.10   -0.0750        832    0.9185    0.9437    0.9566
    20.925     19.10   -0.0350        144    0.9185    0.9566    0.9697
    20.925     19.10   -0.0100         56    0.9310    0.9437    0.9829
    20.925     19.10    0.0100         40    0.9437    0.9697    0.9697
    20.925     19.10    0.0350         20    0.9566    0.9829    1.0099
    20.925     19.10    0.0750        248    1.0099    1.0099    1.0099
    20.925     19.10    0.1500         32    1.0661    1.1255    1.1722
    20.925     19.30   -0.1500         20    0.9310    0.9310    0.9437
    20.925     19.30   -0.0750        840    0.9566    0.9697    0.9829
    20.925     19.30   -0.0350       1104    0.9829    0.9963    1.0099
    20.925     19.30   -0.0100        168    0.9697    0.9963    1.0099
    20.925     19.30    0.0100         24    1.0099    1.0099    1.0099
    20.925     19.30    0.0350         72    1.0099    1.0099    1.0237
    20.925     19.30    0.0750        212    1.0099    1.0099    1.0099
    20.925     19.50   -0.0350       1124    0.9963    1.0099    1.0099
    20.925     19.50   -0.0100      22980    1.0099    1.0099    1.0099
    20.925     19.50    0.0100      22640    1.0099    1.0099    1.0099
    20.925     19.50    0.0350        596    1.0099    1.0237    1.0237
    20.925     19.70   -0.0100      48340    1.0099    1.0099    1.0099
    20.925     19.70    0.0100      58319    1.0099    1.0099    1.0099
    20.925     19.70    0.0350       1288    1.0099    1.0099    1.0099
    20.975     17.90    0.0350         28    1.0237    1.1564    1.2044
    20.975     18.10    0.0350        124    1.0237    1.1722    1.2209
    20.975     18.10    0.0750         72    1.3980    1.6901    2.3396
    20.975     18.10    0.1500         49    2.2771    2.7903    4.2471
    20.975     18.30    0.0100         20    0.9061    0.9185    0.9310
    20.975     18.30    0.0350         48    0.9963    1.0237    1.0954
    20.975     18.30    0.0750         28    1.3243    1.3792    1.4171
    20.975     18.30    0.1500         74    1.7602    2.4039    3.9155
    20.975     18.50    0.0750         36    1.0807    1.1255    1.2044
    20.975     18.50    0.1500         45    1.3980    1.6673    2.1279
    20.975     18.70   -0.1500        144    0.9061    0.9185    0.9310
    20.975     18.70   -0.0750        168    0.9061    0.9185    0.9310
    20.975     18.70   -0.0350         32    0.9185    0.9185    0.9566
    20.975     18.70   -0.0100         44    0.9185    0.9437    0.9697
    20.975     18.70    0.0100        480    0.9963    0.9963    1.0099
    20.975     18.70    0.0350        268    0.9963    0.9963    1.0099
    20.975     18.70    0.0750        104    1.0099    1.0237    1.0237
    20.975     18.70    0.1500         53    1.1409    1.2044    1.3064
    20.975     18.90   -0.1500        136    0.9061    0.9185    0.9310
    20.975     18.90   -0.0750        488    0.9437    0.9697    0.9829
    20.975     18.90   -0.0350        136    0.9566    0.9697    0.9829
    20.975     18.90   -0.0100         36    0.9697    0.9963    0.9963
    20.975     18.90    0.0100        284    0.9963    1.0099    1.0099
    20.975     18.90    0.0350        864    0.9963    1.0099    1.0099
    20.975     18.90    0.0750        404    1.0099    1.0099    1.0099
    20.975     18.90    0.1500         36    1.0807    1.1255    1.2209
    20.975     19.10   -0.0750        372    0.9566    0.9697    0.9963
    20.975     19.10   -0.0350        908    0.9963    1.0099    1.0237
    20.975     19.10   -0.0100        224    0.9963    1.0237    1.0237
    20.975     19.10    0.0100         84    1.0099    1.0237    1.0237
    20.975     19.10    0.0350         88    1.0099    1.0099    1.0099
    20.975     19.10    0.0750        296    1.0099    1.0099    1.0099
    20.975     19.30   -0.0750         44    0.9963    0.9963    1.0099
    20.975     19.30   -0.0350        584    1.0099    1.0237    1.0237
    20.975     19.30   -0.0100      24168    1.0099    1.0099    1.0237
    20.975     19.30    0.0100      18273    1.0237    1.0237    1.0237
    20.975     19.30    0.0350       1132    1.0237    1.0237    1.0237
    20.975     19.30    0.0750         88    1.0237    1.0237    1.0376
    20.975     19.50   -0.0100      36224    1.0099    1.0099    1.0099
    20.975     19.50    0.0100      32765    1.0099    1.0099    1.0237
    20.975     19.50    0.0350       1426    1.0099    1.0237    1.0237
    20.975     19.50    0.0750         96    1.0237    1.0237    1.0237
    21.025     17.70    0.0100         92    0.9061    0.9185    0.9697
    21.025     17.70    0.0350         28    1.0376    1.1409    1.1882
    21.025     17.70    0.0750         68    1.5581    1.7842    1.9353
    21.025     17.70    0.1500         41    2.0431    3.0267    3.6589
    21.025     17.90    0.0350         28    1.0237    1.0661    1.0954
    21.025     17.90    0.0750         40    1.3607    1.5794    1.6009
    21.025     17.90    0.1500         76    2.0993    2.7528    3.4193
    21.025     18.10    0.0750         20    1.1564    1.2715    1.3064
    21.025     18.10    0.1500         32    1.3243    1.6009    2.5378
    21.025     18.30   -0.0750       4032    0.9566    0.9697    0.9697
    21.025     18.30   -0.0350       4080    0.9566    0.9697    0.9829
    21.025     18.30   -0.0100        916    0.9437    0.9566    0.9697
    21.025     18.30    0.0100        372    0.9566    0.9697    0.9829
    21.025     18.30    0.0350        172    1.0237    1.0661    1.1409
    21.025     18.30    0.0750         56    1.0518    1.1722    1.3607
    21.025     18.30    0.1500         61    1.2044    1.3243    1.7842
    21.025     18.50   -0.1500        100    0.9061    0.9185    0.9310
    21.025     18.50   -0.0750       8660    0.9829    0.9829    0.9963
    21.025     18.50   -0.0350      43532    0.9829    0.9963    1.0099
    21.025     18.50   -0.0100     307032    1.0099    1.0099    1.0099
    21.025     18.50    0.0100     369544    1.0099    1.0099    1.0099
    21.025     18.50    0.0350        516    0.9963    1.0237    1.0661
    21.025     18.50    0.0750        201    1.0807    1.1255    1.2044
    21.025     18.70   -0.1500         44    0.9310    0.9437    0.9566
    21.025     18.70   -0.0750        268    0.9437    0.9566    1.0099
    21.025     18.70   -0.0350        208    0.9829    0.9963    1.0237
    21.025     18.70   -0.0100        932    0.9963    0.9963    1.0099
    21.025     18.70    0.0100       1596    0.9829    0.9963    1.0099
    21.025     18.70    0.0350        372    0.9829    0.9963    1.0099
    21.025     18.70    0.0750        164    1.0237    1.0376    1.0661
    21.025     18.90   -0.0750        396    0.9829    0.9963    1.0099
    21.025     18.90   -0.0350        388    0.9963    1.0237    1.0376
    21.025     18.90   -0.0100        504    1.0237    1.0376    1.0376
    21.025     18.90    0.0100        200    1.0237    1.0237    1.0376
    21.025     18.90    0.0350         88    1.0237    1.0376    1.0376
    21.025     18.90    0.1500         24    1.0518    1.0661    1.0807
    21.025     19.10   -0.0350        312    1.0237    1.0237    1.0237
    21.025     19.10   -0.0100      28860    1.0237    1.0237    1.0237
    21.025     19.10    0.0100      15064    1.0237    1.0237    1.0237
    21.025     19.10    0.0350       1306    1.0237    1.0237    1.0237
    21.025     19.10    0.0750        272    1.0237    1.0237    1.0376
    21.025     19.10    0.1500         32    1.0376    1.0376    1.0376
    21.025     19.30   -0.0100      25672    1.0099    1.0237    1.0237
    21.025     19.30    0.0100      14765    1.0237    1.0237    1.0237
    21.025     19.30    0.0350        912    1.0237    1.0237    1.0237
    21.025     19.30    0.0750        124    1.0237    1.0237    1.0237
    21.075     17.30    0.0350         96    1.2044    1.2544    1.3064
    21.075     17.30    0.1500         40    2.4039    2.4700    2.9859
    21.075     17.50    0.0350         56    1.0518    1.0661    1.1882
    21.075     17.50    0.0750         44    1.1722    1.5164    2.0156
    21.075     17.50    0.1500         48    1.8836    2.6075    4.3050
    21.075     17.70    0.0350         20    0.9829    1.0099    1.0376
    21.075     17.70    0.1500         36    1.4960    1.8836    3.2389
    21.075     17.90   -0.1500         48    0.9061    0.9061    0.9185
    21.075     17.90   -0.0750        108    0.9061    0.9185    0.9185
    21.075     17.90   -0.0350         44    0.9061    0.9061    0.9437
    21.075     17.90   -0.0100         56    0.9061    0.9061    0.9061
    21.075     17.90    0.0100        140    0.9185    0.9437    1.0099
    21.075     17.90    0.0350         80    1.0376    1.2209    1.3792
    21.075     17.90    0.0750         32    1.0954    1.1255    1.8332
    21.075     17.90    0.1500         44    1.2544    1.4560    2.2771
    21.075     18.10   -0.1500        760    0.9061    0.9185    0.9310
    21.075     18.10   -0.0750       4000    0.9185    0.9310    0.9566
    21.075     18.10   -0.0350       2436    0.9185    0.9697    0.9829
    21.075     18.10   -0.0100        744    0.9061    0.9310    0.9697
    21.075     18.10    0.0100        604    0.9310    0.9566    0.9963
    21.075     18.10    0.0350        440    1.0376    1.0807    1.2544
    21.075     18.10    0.0750        196    1.2044    1.4364    1.7365
    21.075     18.10    0.1500         20    1.1722    1.2209    1.2375
    21.075     18.30   -0.1500        312    0.9310    0.9437    0.9437
    21.075     18.30   -0.0750       4924    0.9310    0.9566    0.9697
    21.075     18.30   -0.0350      10912    0.9697    0.9829    0.9963
    21.075     18.30   -0.0100      95240    1.0237    1.0237    1.0237
    21.075     18.30    0.0100     127794    1.0237    1.0237    1.0237
    21.075     18.30    0.0350        340    1.0237    1.0807    1.1882
    21.075     18.30    0.0750        150    1.1255    1.2889    1.5164
    21.075     18.50   -0.0750        264    0.9566    0.9829    0.9963
    21.075     18.50   -0.0350        112    0.9963    1.0237    1.0376
    21.075     18.50   -0.0100     137812    1.0099    1.0099    1.0237
    21.075     18.50    0.0100     218536    1.0099    1.0237    1.0237
    21.075     18.50    0.0350         52    1.0376    1.0376    1.0518
    21.075     18.50    0.1500         40    1.0661    1.0954    1.1255
    21.075     18.70   -0.0750        112    1.0099    1.0099    1.0237
    21.075     18.70   -0.0350        664    1.0237    1.0376    1.0376
    21.075     18.70   -0.0100       1768    1.0237    1.0237    1.0376
    21.075     18.70    0.0100        948    1.0237    1.0376    1.0376
    21.075     18.70    0.0350        196    1.0376    1.0376    1.0376
    21.075     18.70    0.0750        100    1.0376    1.0518    1.0518
    21.075     18.70    0.1500         44    1.0807    1.0807    1.1104
    21.075     18.90   -0.0350         96    1.0376    1.0376    1.0376
    21.075     18.90   -0.0100      34528    1.0237    1.0237    1.0237
    21.075     18.90    0.0100       9882    1.0237    1.0237    1.0237
    21.075     18.90    0.0350       2052    1.0237    1.0237    1.0376
    21.075     18.90    0.0750        241    1.0376    1.0376    1.0376
    21.075     18.90    0.1500         65    1.0376    1.0518    1.0518
    21.075     19.10   -0.0100      12940    1.0237    1.0237    1.0237
    21.075     19.10    0.0100       5993    1.0237    1.0237    1.0237
    21.075     19.10    0.0350        448    1.0237    1.0237    1.0237
    21.075     19.10    0.0750         44    1.0237    1.0237    1.0376
    21.125     16.90    0.0100         28    1.0099    1.0099    1.0376
    21.125     17.10   -0.0100         44    0.9185    0.9185    0.9437
    21.125     17.10    0.0100         20    0.9185    0.9437    0.9697
    21.125     17.10    0.0350         48    1.0661    1.1722    1.2715
    21.125     17.10    0.0750         28    1.3243    1.6901    1.7131
    21.125     17.10    0.1500         44    2.1864    2.9859    3.0267
    21.125     17.30    0.0100         28    0.9963    1.0099    1.0237
    21.125     17.30    0.0750         48    1.2044    1.2715    1.7602
    21.125     17.30    0.1500         52    1.4364    2.4039    3.9689
    21.125     17.30    0.6000         21    2.7528    3.7089    4.2471
    21.125     17.50   -0.0350         44    0.9061    0.9437    0.9566
    21.125     17.50    0.0100         52    0.9061    0.9566    1.0099
    21.125     17.50    0.0350         44    1.1104    1.2715    1.5581
    21.125     17.50    0.1500         24    1.2544    1.3607    2.0431
    21.125     17.50    0.6000         32    1.9353    2.0156    2.7528
    21.125     17.70   -0.1500         28    0.9061    0.9061    0.9061
    21.125     17.70   -0.0750        332    0.9061    0.9310    0.9437
    21.125     17.70   -0.0350         44    0.9061    0.9310    0.9697
    21.125     17.70   -0.0100         48    0.9061    0.9061    1.0099
    21.125     17.70    0.0100        272    0.9061    0.9310    0.9829
    21.125     17.70    0.0350        260    1.0099    1.0954    1.3792
    21.125     17.70    0.0750        152    1.3243    1.8086    2.3082
    21.125     17.90   -0.1500        200    0.9061    0.9061    0.9310
    21.125     17.90   -0.0750       1828    0.9185    0.9310    0.9697
    21.125     17.90   -0.0350       1412    0.9437    0.9697    0.9963
    21.125     17.90   -0.0100        268    0.9310    0.9697    1.0099
    21.125     17.90    0.0100        284    0.9310    0.9697    0.9963
    21.125     17.90    0.0350        276    1.0376    1.0807    1.2044
    21.125     17.90    0.0750        266    1.1255    1.3064    1.8086
    21.125     17.90    0.1500         32    1.2044    1.2044    1.3064
    21.125     17.90    0.6000         22    1.2715    1.4364    1.4759
    21.125     18.10   -0.0750        864    0.9437    0.9697    0.9829
    21.125     18.10   -0.0350       3428    0.9829    0.9963    1.0099
    21.125     18.10   -0.0100      57272    1.0237    1.0237    1.0237
    21.125     18.10    0.0100      48362    1.0237    1.0237    1.0237
    21.125     18.10    0.0350        504    1.0237    1.0237    1.0376
    21.125     18.10    0.0750         49    1.0661    1.1409    1.2044
    21.125     18.10    0.1500         32    1.0954    1.1255    1.1564
    21.125     18.30   -0.0750        184    0.9963    1.0099    1.0237
    21.125     18.30   -0.0350        244    1.0099    1.0237    1.0376
    21.125     18.30   -0.0100      77416    1.0237    1.0237    1.0237
    21.125     18.30    0.0100      90910    1.0237    1.0237    1.0237
    21.125     18.30    0.0350        160    1.0237    1.0237    1.0518
    21.125     18.30    0.0750         44    1.0661    1.0661    1.0807
    21.125     18.30    0.1500         20    1.0807    1.1104    1.1104
    21.125     18.50   -0.0350        304    1.0237    1.0376    1.0518
    21.125     18.50   -0.0100       8132    1.0376    1.0376    1.0376
    21.125     18.50    0.0100       2505    1.0376    1.0376    1.0376
    21.125     18.50    0.0350        796    1.0376    1.0376    1.0518
    21.125     18.50    0.0750        217    1.0376    1.0518    1.0661
    21.125     18.50    0.1500         68    1.0518    1.0518    1.0807
    21.125     18.50    0.6000         21    1.0954    1.1104    1.1255
    21.125     18.70   -0.0100      29496    1.0237    1.0376    1.0376
    21.125     18.70    0.0100       8460    1.0376    1.0376    1.0376
    21.125     18.70    0.0350       1745    1.0376    1.0376    1.0376
    21.125     18.70    0.0750        232    1.0376    1.0376    1.0518
    21.125     18.70    0.1500         60    1.0518    1.0518    1.0518
    21.125     18.90   -0.0100       3368    1.0237    1.0237    1.0237
    21.125     18.90    0.0100       1264    1.0237    1.0237    1.0376
    21.175     16.70    0.1500         32    2.0156    2.0156    2.6792
    21.175     16.90    0.0100         32    1.0099    1.0237    1.0661
    21.175     16.90    0.0350         20    1.0237    1.0807    1.0807
    21.175     16.90    0.0750         76    1.3064    1.3607    1.7131
    21.175     16.90    0.1500         80    1.9353    2.1279    3.2389
    21.175     16.90    0.6000         26    3.1523    4.7980    5.4942
    21.175     17.10    0.0100         32    0.9437    0.9437    0.9697
    21.175     17.10    0.6000         25    2.3082    3.5611    4.1899
    21.175     17.30   -0.0750         40    0.9061    0.9310    0.9566
    21.175     17.30   -0.0350         28    0.9061    0.9061    0.9061
    21.175     17.30   -0.0100         36    0.9061    0.9829    1.0099
    21.175     17.30    0.0100         84    0.9061    0.9310    0.9566
    21.175     17.30    0.0350        136    1.0376    1.0954    1.3792
    21.175     17.30    0.0750        108    1.2375    1.7131    2.2464
    21.175     17.30    0.1500         52    1.4759    2.6431    2.9859
    21.175     17.50   -0.0750        428    0.9061    0.9185    0.9437
    21.175     17.50   -0.0350        180    0.9061    0.9566    0.9829
    21.175     17.50   -0.0100         84    0.9061    0.9185    0.9566
    21.175     17.50    0.0100        116    0.9310    0.9566    0.9963
    21.175     17.50    0.0350        192    1.0376    1.0954    1.2375
    21.175     17.50    0.0750        196    1.1564    1.5371    2.1864
    21.175     17.50    0.1500         57    1.2889    1.6009    2.8670
    21.175     17.70   -0.1500         24    0.9061    0.9061    0.9061
    21.175     17.70   -0.0750        980    0.9185    0.9566    0.9829
    21.175     17.70   -0.0350       1160    0.9697    1.0099    1.0237
    21.175     17.70   -0.0100        184    0.9697    1.0099    1.0376
    21.175     17.70    0.0100        132    0.9697    1.0099    1.0376
    21.175     17.70    0.0350         92    1.0237    1.0376    1.0661
    21.175     17.70    0.0750        108    1.0954    1.1255    1.3792
    21.175     17.70    0.1500         57    1.1722    1.2715    1.3980
    21.175     17.90   -0.0750        184    0.9697    0.9963    0.9963
    21.175     17.90   -0.0350       1476    0.9963    1.0099    1.0237
    21.175     17.90   -0.0100      46996    1.0237    1.0237    1.0237
    21.175     17.90    0.0100      28430    1.0237    1.0237    1.0376
    21.175     17.90    0.0350       1012    1.0237    1.0376    1.0376
    21.175     17.90    0.0750        200    1.0376    1.0518    1.0807
    21.175     18.10   -0.0750         72    1.0099    1.0237    1.0376
    21.175     18.10   -0.0350        212    1.0237    1.0376    1.0518
    21.175     18.10   -0.0100      42928    1.0237    1.0237    1.0237
    21.175     18.10    0.0100      37094    1.0237    1.0237    1.0237
    21.175     18.10    0.0350        721    1.0237    1.0237    1.0376
    21.175     18.10    0.0750         36    1.0376    1.0807    1.0954
    21.175     18.10    0.1500         40    1.0807    1.1104    1.1409
    21.175     18.30   -0.0350        108    1.0376    1.0518    1.0518
    21.175     18.30   -0.0100      16700    1.0376    1.0376    1.0376
    21.175     18.30    0.0100       2945    1.0376    1.0376    1.0376
    21.175     18.30    0.0350       1712    1.0376    1.0518    1.0518
    21.175     18.30    0.0750        216    1.0518    1.0518    1.0661
    21.175     18.30    0.1500         98    1.0661    1.0661    1.0807
    21.175     18.50   -0.0100      19216    1.0376    1.0376    1.0376
    21.175     18.50    0.0100       3984    1.0376    1.0376    1.0376
    21.175     18.50    0.0350        936    1.0376    1.0376    1.0376
    21.175     18.50    0.0750        132    1.0376    1.0518    1.0518
    21.175     18.50    0.1500         52    1.0518    1.0518    1.0661
    21.175     18.70   -0.0100        104    1.0376    1.0376    1.0376
    21.225     16.50    0.0750         36    1.3607    1.4171    1.4560
    21.225     16.50    0.6000         20    3.0267    4.0779    4.1335
    21.225     16.70   -0.0750         24    0.9061    0.9061    0.9437
    21.225     16.70   -0.0350         40    0.9061    0.9185    0.9566
    21.225     16.70   -0.0100         32    0.9185    0.9310    1.0237
    21.225     16.70    0.0350         44    1.1104    1.2044    1.2375
    21.225     16.70    0.0750         36    1.2044    1.3607    1.6449
    21.225     16.70    0.1500         48    1.9093    1.9885    2.4700
    21.225     16.90   -0.0350         36    0.9061    0.9697    0.9829
    21.225     16.90    0.0100         56    0.9437    0.9566    1.0099
    21.225     16.90    0.0350        112    1.0518    1.1255    1.2044
    21.225     16.90    0.0750         48    1.3423    1.5581    2.0156
    21.225     16.90    0.1500         48    1.3792    1.9885    3.4659
    21.225     17.10   -0.0750        120    0.9185    0.9310    0.9697
    21.225     17.10   -0.0350         72    0.9185    0.9310    0.9963
    21.225     17.10   -0.0100         52    0.9061    0.9310    0.9829
    21.225     17.10    0.0100        108    0.9310    0.9566    0.9829
    21.225     17.10    0.0350        136    1.0237    1.0954    1.2044
    21.225     17.10    0.0750        160    1.2889    1.6009    1.9093
    21.225     17.10    0.1500         63    1.5581    2.4700    3.2830
    21.225     17.30   -0.0750        432    0.9185    0.9437    0.9697
    21.225     17.30   -0.0350        244    0.9310    0.9697    0.9829
    21.225     17.30   -0.0100         56    0.9310    0.9437    0.9697
    21.225     17.30    0.0100         92    0.9697    1.0237    1.0518
    21.225     17.30    0.0350         52    1.0376    1.0661    1.0661
    21.225     17.30    0.0750        424    1.0376    1.0518    1.1564
    21.225     17.30    0.1500         87    1.2375    1.3980    1.8836
    21.225     17.50   -0.0750        556    0.9566    0.9963    1.0099
    21.225     17.50   -0.0350        708    0.9963    1.0237    1.0376
    21.225     17.50   -0.0100        588    1.0237    1.0376    1.0518
    21.225     17.50    0.0100        340    1.0376    1.0518    1.0518
    21.225     17.50    0.0350        144    1.0518    1.0518    1.0661
    21.225     17.50    0.0750        352    1.0376    1.0518    1.0518
    21.225     17.50    0.1500         86    1.1104    1.1564    1.2375
    21.225     17.50    0.6000         29    1.1882    1.3243    1.4171
    21.225     17.70   -0.0750         52    0.9963    1.0237    1.0237
    21.225     17.70   -0.0350        644    1.0237    1.0237    1.0376
    21.225     17.70   -0.0100      48336    1.0376    1.0376    1.0376
    21.225     17.70    0.0100      15234    1.0376    1.0376    1.0376
    21.225     17.70    0.0350       1392    1.0376    1.0376    1.0518
    21.225     17.70    0.0750        286    1.0376    1.0518    1.0807
    21.225     17.70    0.1500         60    1.0807    1.1104    1.1564
    21.225     17.90   -0.0350        180    1.0237    1.0518    1.0661
    21.225     17.90   -0.0100      28092    1.0237    1.0376    1.0376
    21.225     17.90    0.0100      11793    1.0376    1.0376    1.0376
    21.225     17.90    0.0350        661    1.0376    1.0518    1.0661
    21.225     17.90    0.0750        288    1.0376    1.0661    1.0807
    21.225     17.90    0.1500         84    1.0807    1.0954    1.1104
    21.225     17.90    0.6000         21    1.1104    1.1564    1.1882
    21.225     18.10   -0.0350         24    1.0518    1.0518    1.0518
    21.225     18.10   -0.0100      19492    1.0518    1.0518    1.0518
    21.225     18.10    0.0100       4205    1.0518    1.0518    1.0518
    21.225     18.10    0.0350       1145    1.0518    1.0518    1.0518
    21.225     18.10    0.0750        296    1.0518    1.0661    1.0661
    21.225     18.10    0.1500         60    1.0661    1.0807    1.0954
    21.225     18.30   -0.0100       8220    1.0376    1.0376    1.0518
    21.225     18.30    0.0100        836    1.0376    1.0518    1.0518
    21.225     18.30    0.0350        224    1.0518    1.0518    1.0518
    21.275     16.30    0.0750         28    1.4364    1.4560    1.4960
    21.275     16.30    0.1500         20    1.9353    2.3396    2.4700
    21.275     16.50    0.0100         84    1.0099    1.0376    1.0807
    21.275     16.50    0.0750         80    1.3243    1.3792    1.4364
    21.275     16.50    0.1500         60    1.7131    2.3082    2.4700
    21.275     16.50    0.6000         57    2.5724    3.8628    4.3050
    21.275     16.70   -0.0350         60    0.9437    0.9437    0.9566
    21.275     16.70   -0.0100        200    0.9310    1.0376    1.0376
    21.275     16.70    0.0100       1096    1.0237    1.0376    1.0376
    21.275     16.70    0.0350        200    1.0376    1.0518    1.1722
    21.275     16.70    0.0750        120    1.0807    1.3243    1.5164
    21.275     16.70    0.1500         93    1.8582    2.4367    3.1523
    21.275     16.70    0.6000         20    1.7365    2.6792    2.7157
    21.275     16.90   -0.0750        152    0.9061    0.9185    0.9566
    21.275     16.90   -0.0350        128    0.9185    0.9697    1.0099
    21.275     16.90   -0.0100         80    0.9185    0.9310    1.0518
    21.275     16.90    0.0100       1740    1.0237    1.0376    1.0376
    21.275     16.90    0.0350        804    1.0376    1.0376    1.0376
    21.275     16.90    0.0750        352    1.0518    1.0661    1.2544
    21.275     16.90    0.1500         95    1.5164    2.0993    3.1098
    21.275     16.90    0.6000         25    1.6228    1.6901    1.8836
    21.275     17.10   -0.0750        312    0.9185    0.9697    0.9829
    21.275     17.10   -0.0350        272    0.9697    0.9963    1.0518
    21.275     17.10   -0.0100         72    1.0099    1.0376    1.0661
    21.275     17.10    0.0100        108    0.9829    1.0376    1.0661
    21.275     17.10    0.0350        812    1.0376    1.0376    1.0376
    21.275     17.10    0.0750        372    1.0376    1.0518    1.0518
    21.275     17.10    0.1500         81    1.2209    1.3064    1.6673
    21.275     17.30   -0.0750         56    0.9697    0.9829    0.9963
    21.275     17.30   -0.0350        800    1.0099    1.0376    1.0518
    21.275     17.30   -0.0100       4356    1.0518    1.0518    1.0518
    21.275     17.30    0.0100       1725    1.0518    1.0518    1.0518
    21.275     17.30    0.0350        448    1.0518    1.0518    1.0661
    21.275     17.30    0.0750        184    1.0376    1.0954    1.1255
    21.275     17.30    0.1500         96    1.0954    1.1409    1.2044
    21.275     17.50   -0.0350        236    1.0237    1.0376    1.0518
    21.275     17.50   -0.0100      43440    1.0376    1.0376    1.0518
    21.275     17.50    0.0100       9941    1.0376    1.0518    1.0518
    21.275     17.50    0.0350       1650    1.0376    1.0518    1.0518
    21.275     17.50    0.0750        293    1.0518    1.0661    1.0954
    21.275     17.50    0.1500        117    1.0807    1.1104    1.1722
    21.275     17.70   -0.0350         28    1.0518    1.0518    1.0661
    21.275     17.70   -0.0100      16892    1.0376    1.0518    1.0661
    21.275     17.70    0.0100       5601    1.0376    1.0518    1.0661
    21.275     17.70    0.0350       1372    1.0661    1.0661    1.0661
    21.275     17.70    0.0750        288    1.0661    1.0807    1.0954
    21.275     17.70    0.1500        102    1.0807    1.0954    1.1255
    21.275     17.70    0.6000         30    1.1104    1.1255    1.1564
    21.275     17.90   -0.0100      15168    1.0518    1.0518    1.0661
    21.275     17.90    0.0100       2517    1.0518    1.0518    1.0518
    21.275     17.90    0.0350        872    1.0518    1.0661    1.0661
    21.275     17.90    0.0750        145    1.0661    1.0661    1.0807
    21.275     17.90    0.1500         24    1.0807    1.0807    1.0954
    21.275     18.10   -0.0100       1104    1.0518    1.0518    1.0518
    21.325     16.10    0.1500         24    1.8086    1.8086    2.1569
    21.325     16.10    0.6000         44    2.8284    3.0267    4.7334
    21.325     16.30   -0.0750        292    0.9697    0.9697    0.9829
    21.325     16.30   -0.0350        544    0.9566    0.9566    0.9829
    21.325     16.30   -0.0100        324    0.9566    0.9566    0.9829
    21.325     16.30    0.0100         84    0.9697    0.9963    1.0518
    21.325     16.30    0.0350         84    1.1564    1.1882    1.2044
    21.325     16.30    0.0750         56    1.3792    1.5164    1.7131
    21.325     16.30    0.1500         40    1.6901    1.7602    2.1279
    21.325     16.30    0.6000         57    2.3082    2.9061    3.4659
    21.325     16.50   -0.0750       1512    0.9829    0.9963    1.0099
    21.325     16.50   -0.0350      19588    0.9963    1.0099    1.0237
    21.325     16.50   -0.0100     199248    1.0518    1.0518    1.0518
    21.325     16.50    0.0100     212490    1.0518    1.0518    1.0518
    21.325     16.50    0.0350        832    1.0807    1.1409    1.2375
    21.325     16.50    0.0750        210    1.2889    1.4759    1.7365
    21.325     16.50    0.1500        111    1.5371    2.2771    2.7903
    21.325     16.50    0.6000         26    1.5794    2.2771    2.9457
    21.325     16.70   -0.0750         76    0.9310    0.9437    0.9566
    21.325     16.70   -0.0350      11684    1.0237    1.0376    1.0376
    21.325     16.70   -0.0100     517004    1.0518    1.0518    1.0518
    21.325     16.70    0.0100     588692    1.0518    1.0518    1.0518
    21.325     16.70    0.0350        552    1.0518    1.0661    1.1104
    21.325     16.70    0.0750        210    1.1104    1.1722    1.2375
    21.325     16.70    0.1500         88    1.3064    1.4364    2.6431
    21.325     16.70    0.6000         25    1.4960    1.7602    2.0710
    21.325     16.90   -0.0750         64    0.9566    0.9697    0.9963
    21.325     16.90   -0.0350        284    0.9697    1.0237    1.0376
    21.325     16.90   -0.0100        188    0.9829    1.0376    1.0807
    21.325     16.90    0.0100         72    0.9829    1.0661    1.1104
    21.325     16.90    0.0350         80    1.0099    1.0954    1.1409
    21.325     16.90    0.0750         36    1.0237    1.1409    1.2544
    21.325     16.90    0.1500        100    1.1722    1.2375    1.3792
    21.325     16.90    0.6000         35    1.2889    1.3980    1.4759
    21.325     17.10   -0.0350        364    1.0237    1.0518    1.0661
    21.325     17.10   -0.0100      11652    1.0518    1.0518    1.0661
    21.325     17.10    0.0100       3664    1.0518    1.0661    1.0661
    21.325     17.10    0.0350       1141    1.0661    1.0661    1.0807
    21.325     17.10    0.0750        248    1.0661    1.0807    1.1409
    21.325     17.10    0.1500         84    1.1104    1.1564    1.2375
    21.325     17.30   -0.0350         32    1.0518    1.0518    1.0661
    21.325     17.30   -0.0100      31868    1.0518    1.0518    1.0518
    21.325     17.30    0.0100       7697    1.0518    1.0518    1.0807
    21.325     17.30    0.0350       1641    1.0518    1.0661    1.0807
    21.325     17.30    0.0750        372    1.0661    1.0954    1.1104
    21.325     17.30    0.1500        134    1.0954    1.1409    1.1409
    21.325     17.30    0.6000         33    1.1722    1.2209    1.2375
    21.325     17.50   -0.0100      12560    1.0661    1.0661    1.0807
    21.325     17.50    0.0100       3840    1.0661    1.0661    1.0661
    21.325     17.50    0.0350       1269    1.0661    1.0807    1.0807
    21.325     17.50    0.0750        244    1.0954    1.0954    1.0954
    21.325     17.50    0.1500         52    1.1104    1.1104    1.1409
    21.325     17.70   -0.0100       6500    1.0661    1.0661    1.0661
    21.325     17.70    0.0100        596    1.0661    1.0661    1.0661
    21.325     17.70    0.0350        280    1.0661    1.0661    1.0807
    21.325     17.70    0.0750         24    1.0807    1.0807    1.0807
    21.375     15.90    0.1500         44    1.7602    2.0431    2.1279
    21.375     15.90    0.6000         35    2.6431    3.1523    4.6697
    21.375     16.10   -0.0750        504    0.9185    0.9310    0.9697
    21.375     16.10   -0.0350       1268    0.9061    0.9437    0.9963
    21.375     16.10   -0.0100        452    0.9185    0.9310    0.9829
    21.375     16.10    0.0100        428    0.9829    1.0237    1.0807
    21.375     16.10    0.0350        268    1.0954    1.1882    1.4560
    21.375     16.10    0.0750        141    1.2715    1.3792    2.0993
    21.375     16.10    0.1500         96    1.5794    1.9093    2.0710
    21.375     16.10    0.6000         49    2.4700    3.0267    4.9298
    21.375     16.30   -0.0750       1500    0.9437    0.9697    0.9829
    21.375     16.30   -0.0350       6176    0.9437    0.9963    1.0237
    21.375     16.30   -0.0100      78832    1.0518    1.0518    1.0518
    21.375     16.30    0.0100      44667    1.0518    1.0518    1.0518
    21.375     16.30    0.0350       1052    1.0661    1.1104    1.3064
    21.375     16.30    0.0750        317    1.1882    1.3243    1.7842
    21.375     16.30    0.1500        140    1.6228    2.1569    3.3732
    21.375     16.30    0.6000         38    1.8582    2.6792    3.1523
    21.375     16.50   -0.0350        812    1.0099    1.0237    1.0376
    21.375     16.50   -0.0100     118452    1.0518    1.0518    1.0518
    21.375     16.50    0.0100     120562    1.0518    1.0518    1.0518
    21.375     16.50    0.0350        133    1.0099    1.0807    1.1255
    21.375     16.50    0.0750         77    1.1255    1.1882    1.2544
    21.375     16.50    0.1500         60    1.2889    1.3980    1.5581
    21.375     16.50    0.6000         42    1.3980    1.6901    1.8086
    21.375     16.70   -0.0350        176    0.9963    1.0518    1.0661
    21.375     16.70   -0.0100        280    1.0376    1.0518    1.0807
    21.375     16.70    0.0100        224    1.0099    1.0954    1.1104
    21.375     16.70    0.0350        116    1.0954    1.1104    1.1255
    21.375     16.70    0.0750        124    1.0661    1.1409    1.1882
    21.375     16.70    0.1500         44    1.2044    1.2889    1.3423
    21.375     16.70    0.6000         20    1.2544    1.4171    1.4960
    21.375     16.90   -0.0350         56    1.0518    1.0661    1.0661
    21.375     16.90   -0.0100      16100    1.0661    1.0661    1.0661
    21.375     16.90    0.0100       5802    1.0661    1.0661    1.0807
    21.375     16.90    0.0350       1608    1.0661    1.0807    1.0954
    21.375     16.90    0.0750        389    1.0954    1.1104    1.1255
    21.375     16.90    0.1500        188    1.1255    1.1564    1.1882
    21.375     16.90    0.6000         27    1.1882    1.2544    1.2889
    21.375     17.10   -0.0100      20960    1.0518    1.0661    1.0807
    21.375     17.10    0.0100       6694    1.0661    1.0807    1.0954
    21.375     17.10    0.0350       1457    1.0661    1.0807    1.0954
    21.375     17.10    0.0750        393    1.0954    1.1104    1.1255
    21.375     17.10    0.1500        128    1.1104    1.1255    1.1564
    21.375     17.10    0.6000         20    1.1882    1.1882    1.2375
    21.375     17.30   -0.0100       9700    1.0807    1.0807    1.0807
    21.375     17.30    0.0100       2128    1.0807    1.0807    1.0807
    21.375     17.30    0.0350        684    1.0807    1.0807    1.0954
    21.375     17.30    0.0750        164    1.0954    1.0954    1.1104
    21.375     17.50   -0.0100       1132    1.0807    1.0807    1.0807
    21.425     15.70   -0.0100         44    0.9310    0.9310    0.9437
    21.425     15.70    0.0100         44    0.9310    0.9310    1.0518
    21.425     15.70    0.0350         80    1.1104    1.1255    1.1409
    21.425     15.70    0.0750         36    1.4759    1.6673    1.6673
    21.425     15.70    0.1500         32    1.5164    1.5581    1.9093
    21.425     15.70    0.6000         48    2.5724    3.5611    3.6589
    21.425     15.90   -0.0750        148    0.9310    0.9437    0.9566
    21.425     15.90   -0.0350       1008    0.9185    0.9697    1.0099
    21.425     15.90   -0.0100        440    0.9061    0.9437    1.0237
    21.425     15.90    0.0100        336    0.9697    0.9963    1.0376
    21.425     15.90    0.0350        372    1.0954    1.1882    1.3607
    21.425     15.90    0.0750        357    1.2375    1.5794    1.9885
    21.425     15.90    0.1500         97    1.7842    2.0156    2.6792
    21.425     15.90    0.6000         65    2.4039    2.7157    4.3050
    21.425     16.10   -0.0750        288    0.9061    0.9437    0.9829
    21.425     16.10   -0.0350       1868    0.9697    1.0237    1.0518
    21.425     16.10   -0.0100      54524    1.0661    1.0661    1.0661
    21.425     16.10    0.0100      16555    1.0661    1.0661    1.0661
    21.425     16.10    0.0350       1073    1.0661    1.0807    1.1255
    21.425     16.10    0.0750        442    1.1104    1.2044    1.5371
    21.425     16.10    0.1500        132    1.4560    1.7365    2.5378
    21.425     16.10    0.6000         46    1.6673    2.1279    4.0779
    21.425     16.30   -0.0350        140    1.0376    1.0518    1.0518
    21.425     16.30   -0.0100      59020    1.0518    1.0661    1.0661
    21.425     16.30    0.0100      21319    1.0518    1.0661    1.0661
    21.425     16.30    0.0350        489    1.0661    1.0661    1.0807
    21.425     16.30    0.0750        169    1.0661    1.1882    1.2375
    21.425     16.30    0.1500         80    1.1409    1.2715    1.4759
    21.425     16.30    0.6000         37    1.4171    1.6449    1.9093
    21.425     16.50   -0.0100       1940    1.0807    1.0807    1.0954
    21.425     16.50    0.0100       2441    1.0954    1.0954    1.0954
    21.425     16.50    0.0350        628    1.0954    1.0954    1.1255
    21.425     16.50    0.0750        289    1.1104    1.1255    1.1722
    21.425     16.50    0.1500        144    1.1409    1.2209    1.3064
    21.425     16.50    0.6000         38    1.2375    1.3423    1.5581
    21.425     16.70   -0.0100      16840    1.0807    1.0807    1.0807
    21.425     16.70    0.0100       9129    1.0807    1.0807    1.1104
    21.425     16.70    0.0350       1858    1.0807    1.0954    1.1104
    21.425     16.70    0.0750        580    1.0954    1.1255    1.1409
    21.425     16.70    0.1500        156    1.1722    1.1722    1.2044
    21.425     16.70    0.6000         33    1.2544    1.2889    1.3423
    21.425     16.90   -0.0100      11228    1.0661    1.0807    1.1104
    21.425     16.90    0.0100       5716    1.0954    1.0954    1.1104
    21.425     16.90    0.0350        828    1.0954    1.1104    1.1104
    21.425     16.90    0.0750        248    1.1104    1.1255    1.1409
    21.425     16.90    0.1500         20    1.1564    1.1564    1.1722
    21.425     17.10   -0.0100       3908    1.0954    1.0954    1.0954
    21.425     17.10    0.0100        592    1.0954    1.0954    1.0954
    21.425     17.10    0.0350        132    1.0954    1.0954    1.0954
    21.425     17.10    0.0750         20    1.1104    1.1104    1.1104
    21.425     17.30   -0.0100         32    1.0807    1.0807    1.0807
    21.475     15.50   -0.0350         52    0.9310    0.9437    0.9963
    21.475     15.50   -0.0100        132    0.9310    0.9437    0.9697
    21.475     15.50    0.0100         68    1.0237    1.0376    1.0518
    21.475     15.50    0.0350         64    1.0518    1.1409    1.1882
    21.475     15.50    0.0750        112    1.4364    1.4960    2.0156
    21.475     15.50    0.1500         34    1.6228    2.1279    3.0680
    21.475     15.50    0.6000         24    2.2771    3.1953    3.8108
    21.475     15.70   -0.0350        668    0.9310    0.9697    1.0376
    21.475     15.70   -0.0100        520    0.9437    1.0099    1.0807
    21.475     15.70    0.0100        388    0.9697    1.0099    1.0954
    21.475     15.70    0.0350        256    1.1104    1.1564    1.3243
    21.475     15.70    0.0750        532    1.1255    1.2209    1.7365
    21.475     15.70    0.1500        217    1.4960    1.7842    2.3082
    21.475     15.70    0.6000        110    2.1569    2.3716    3.5132
    21.475     15.90   -0.0350        672    0.9963    1.0376    1.0661
    21.475     15.90   -0.0100      41196    1.0661    1.0807    1.0807
    21.475     15.90    0.0100      12014    1.0807    1.0807    1.0807
    21.475     15.90    0.0350       1128    1.0807    1.0954    1.1104
    21.475     15.90    0.0750        436    1.1104    1.1255    1.2375
    21.475     15.90    0.1500        239    1.3423    1.5164    1.8332
    21.475     15.90    0.6000         45    1.5371    2.1279    2.9457
    21.475     16.10   -0.0100      27244    1.0661    1.0661    1.0661
    21.475     16.10    0.0100       5201    1.0661    1.0661    1.0807
    21.475     16.10    0.0350        449    1.0661    1.0807    1.1409
    21.475     16.10    0.0750        223    1.0954    1.1104    1.2209
    21.475     16.10    0.1500        117    1.2375    1.3064    1.3792
    21.475     16.10    0.6000         50    1.3423    1.5164    1.7602
    21.475     16.30   -0.0100       4756    1.0954    1.0954    1.1104
    21.475     16.30    0.0100       6466    1.1104    1.1104    1.1255
    21.475     16.30    0.0350       1204    1.1104    1.1255    1.1409
    21.475     16.30    0.0750        517    1.1255    1.1564    1.1882
    21.475     16.30    0.1500        191    1.1722    1.2044    1.2544
    21.475     16.30    0.6000         45    1.2889    1.3423    1.4364
    21.475     16.50   -0.0100      13024    1.0807    1.0954    1.0954
    21.475     16.50    0.0100       9430    1.0954    1.1255    1.1255
    21.475     16.50    0.0350       1553    1.0954    1.1255    1.1409
    21.475     16.50    0.0750        565    1.1255    1.1409    1.1564
    21.475     16.50    0.1500        132    1.1882    1.1882    1.2209
    21.475     16.70   -0.0100       4212    1.0807    1.1104    1.1255
    21.475     16.70    0.0100       3828    1.1104    1.1255    1.1255
    21.475     16.70    0.0350        408    1.1104    1.1255    1.1255
    21.475     16.70    0.0750        104    1.1255    1.1409    1.1564
    21.475     16.90   -0.0100        648    1.1104    1.1104    1.1104
    21.475     16.90    0.0100        260    1.1104    1.1104    1.1104
    21.525     15.10    0.0100        100    1.1104    1.1104    1.1104
    21.525     15.10    0.0350        112    1.1104    1.1104    1.1104
    21.525     15.10    0.0750         52    1.1255    1.1255    1.1255
    21.525     15.30   -0.0100        108    0.9963    1.0237    1.0661
    21.525     15.30    0.0100        160    1.0237    1.0661    1.1104
    21.525     15.30    0.0350       1064    1.1104    1.1104    1.1255
    21.525     15.30    0.0750        392    1.1255    1.1255    1.4759
    21.525     15.30    0.1500         69    1.7842    2.4367    2.8284
    21.525     15.30    0.6000         48    2.4700    2.7157    3.9155
    21.525     15.50   -0.0350        172    0.9963    1.0237    1.0376
    21.525     15.50   -0.0100       1316    1.0518    1.0954    1.0954
    21.525     15.50    0.0100       1464    1.0954    1.0954    1.1104
    21.525     15.50    0.0350        569    1.1104    1.1104    1.1409
    21.525     15.50    0.0750        620    1.1104    1.1255    1.4759
    21.525     15.50    0.1500        277    1.3792    1.7365    2.2162
    21.525     15.50    0.6000        152    2.3716    2.9457    3.3278
    21.525     15.70   -0.0350        156    1.0376    1.0661    1.0807
    21.525     15.70   -0.0100      32000    1.0807    1.0954    1.0954
    21.525     15.70    0.0100       9642    1.0954    1.0954    1.0954
    21.525     15.70    0.0350       1488    1.0954    1.1104    1.1255
    21.525     15.70    0.0750        450    1.1104    1.1255    1.2715
    21.525     15.70    0.1500        171    1.2044    1.3607    1.6673
    21.525     15.70    0.6000         57    1.5794    1.8836    2.0156
    21.525     15.90   -0.0100      10656    1.0807    1.0807    1.0807
    21.525     15.90    0.0100       2521    1.0807    1.1255    1.1409
    21.525     15.90    0.0350        690    1.0954    1.1409    1.1722
    21.525     15.90    0.0750        393    1.1255    1.1882    1.2209
    21.525     15.90    0.1500        232    1.1882    1.3064    1.3607
    21.525     15.90    0.6000         55    1.3423    1.4759    1.7602
    21.525     16.10   -0.0100       5288    1.1104    1.1255    1.1255
    21.525     16.10    0.0100      11133    1.1255    1.1255    1.1564
    21.525     16.10    0.0350       1717    1.1255    1.1409    1.1722
    21.525     16.10    0.0750        716    1.0954    1.1722    1.2044
    21.525     16.10    0.1500        205    1.1722    1.2375    1.2889
    21.525     16.10    0.6000         33    1.2715    1.3423    1.4759
    21.525     16.30   -0.0100       6136    1.1104    1.1104    1.1409
    21.525     16.30    0.0100       8060    1.1104    1.1409    1.1564
    21.525     16.30    0.0350        704    1.1255    1.1409    1.1564
    21.525     16.30    0.0750        288    1.1255    1.1564    1.1882
    21.525     16.30    0.1500         40    1.2209    1.2209    1.2209
    21.525     16.50   -0.0100        972    1.1255    1.1409    1.1409
    21.525     16.50    0.0100       1816    1.1255    1.1409    1.1409
    21.575     14.70   -0.0350       1740    1.0807    1.0807    1.0954
    21.575     14.70   -0.0100       8284    1.0807    1.1104    1.1255
    21.575     14.70    0.0100       4762    1.1255    1.1255    1.1255
    21.575     14.70    0.0350         55    1.2044    1.2375    1.3980
    21.575     14.90   -0.0350       3440    1.0807    1.0954    1.0954
    21.575     14.90   -0.0100    1037296    1.1255    1.1255    1.1255
    21.575     14.90    0.0100     888023    1.1255    1.1255    1.1255
    21.575     14.90    0.0350        812    1.1255    1.1722    1.2544
    21.575     14.90    0.0750        112    1.1564    1.1722    1.2209
    21.575     15.10    0.0100       2196    1.0954    1.1104    1.1104
    21.575     15.10    0.0350        920    1.1104    1.1104    1.1409
    21.575     15.10    0.0750        332    1.1255    1.3423    1.5794
    21.575     15.10    0.1500        152    1.9353    2.1279    2.8670
    21.575     15.10    0.6000         51    2.3396    2.6075    3.9689
    21.575     15.30   -0.0100       2964    1.1104    1.1104    1.1255
    21.575     15.30    0.0100       3808    1.1104    1.1255    1.1255
    21.575     15.30    0.0350        716    1.1104    1.1409    1.1722
    21.575     15.30    0.0750        212    1.1882    1.2375    1.3423
    21.575     15.30    0.1500        308    1.3980    1.7602    2.0993
    21.575     15.30    0.6000        139    2.1864    2.6431    3.8108
    21.575     15.50   -0.0100      20500    1.0954    1.1104    1.1104
    21.575     15.50    0.0100       9678    1.1104    1.1104    1.1104
    21.575     15.50    0.0350        993    1.1104    1.1255    1.1409
    21.575     15.50    0.0750        374    1.1255    1.1882    1.2889
    21.575     15.50    0.1500        242    1.2889    1.4171    1.6449
    21.575     15.50    0.6000         96    1.5581    1.7842    2.6075
    21.575     15.70   -0.0100       3028    1.0954    1.0954    1.1409
    21.575     15.70    0.0100       5145    1.1564    1.1564    1.1882
    21.575     15.70    0.0350       1390    1.1409    1.1722    1.2044
    21.575     15.70    0.0750        545    1.1564    1.2044    1.2375
    21.575     15.70    0.1500        404    1.2375    1.3064    1.3607
    21.575     15.70    0.6000         71    1.3980    1.4560    1.7131
    21.575     15.90   -0.0100       3928    1.1255    1.1409    1.1409
    21.575     15.90    0.0100      12082    1.1409    1.1564    1.1882
    21.575     15.90    0.0350       1388    1.1409    1.1722    1.1882
    21.575     15.90    0.0750        505    1.1104    1.1882    1.2209
    21.575     15.90    0.1500        201    1.2044    1.2544    1.2889
    21.575     16.10   -0.0100       1872    1.1255    1.1409    1.1564
    21.575     16.10    0.0100       4312    1.1409    1.1722    1.1722
    21.575     16.10    0.0350        144    1.0954    1.1722    1.1722
    21.575     16.10    0.0750         84    1.1722    1.2044    1.2209
    21.575     16.30   -0.0100         64    1.1409    1.1564    1.1564
    21.575     16.30    0.0100        400    1.1564    1.1722    1.1722
    21.625     14.50   -0.0350        828    1.0237    1.0518    1.0807
    21.625     14.50   -0.0100       2080    1.0099    1.0954    1.1409
    21.625     14.50    0.0100       3382    1.1255    1.1409    1.1409
    21.625     14.50    0.0350        530    1.1564    1.2544    1.5371
    21.625     14.70   -0.0350       4928    1.0518    1.0661    1.0807
    21.625     14.70   -0.0100     212084    1.1255    1.1255    1.1409
    21.625     14.70    0.0100      83520    1.1255    1.1255    1.1255
    21.625     14.70    0.0350       1102    1.1564    1.2209    1.3980
    21.625     14.90   -0.0350         56    1.0807    1.0954    1.0954
    21.625     14.90   -0.0100      64420    1.1255    1.1255    1.1255
    21.625     14.90    0.0100      39680    1.1255    1.1255    1.1255
    21.625     14.90    0.0350         84    1.1255    1.1722    1.2544
    21.625     14.90    0.0750        188    1.3243    1.3792    1.4960
    21.625     14.90    0.1500        185    1.6009    1.9353    2.7528
    21.625     14.90    0.6000         26    3.0680    3.0680    3.2830
    21.625     15.10   -0.0100       2904    1.1255    1.1255    1.1409
    21.625     15.10    0.0100       6661    1.1409    1.1409    1.1409
    21.625     15.10    0.0350        973    1.1255    1.1564    1.1882
    21.625     15.10    0.0750        385    1.1722    1.2209    1.2715
    21.625     15.10    0.1500        240    1.2544    1.4960    1.9093
    21.625     15.10    0.6000        181    1.9617    2.3396    3.1523
    21.625     15.30   -0.0100       9228    1.1104    1.1255    1.1255
    21.625     15.30    0.0100       9707    1.1255    1.1255    1.1409
    21.625     15.30    0.0350       1014    1.1409    1.1564    1.2209
    21.625     15.30    0.0750        454    1.1722    1.2375    1.2889
    21.625     15.30    0.1500        396    1.2889    1.4171    1.6449
    21.625     15.30    0.6000        108    1.6228    1.8582    2.3082
    21.625     15.50   -0.0100        664    1.1564    1.1722    1.1722
    21.625     15.50    0.0100       8769    1.1722    1.1882    1.2209
    21.625     15.50    0.0350       1801    1.1722    1.2044    1.2375
    21.625     15.50    0.0750        836    1.2044    1.2209    1.2715
    21.625     15.50    0.1500        426    1.2544    1.3423    1.4560
    21.625     15.50    0.6000         51    1.3980    1.4960    1.6449
    21.625     15.70   -0.0100       1236    1.1409    1.1564    1.1564
    21.625     15.70    0.0100       9693    1.1564    1.1882    1.2044
    21.625     15.70    0.0350        524    1.1409    1.1882    1.2209
    21.625     15.70    0.0750        300    1.1722    1.2044    1.2544
    21.625     15.70    0.1500         68    1.2715    1.2889    1.3064
    21.625     15.90   -0.0100        192    1.1564    1.1722    1.1882
    21.625     15.90    0.0100       1724    1.1882    1.2044    1.2044
    21.675     14.30   -0.0350         52    1.0661    1.0661    1.0807
    21.675     14.30   -0.0100       2020    1.0518    1.1564    1.1564
    21.675     14.30    0.0100       3240    1.1564    1.1564    1.1564
    21.675     14.30    0.0350        524    1.1564    1.2544    1.3980
    21.675     14.30    0.0750        204    1.2715    1.5371    1.9353
    21.675     14.50   -0.0350        728    1.0237    1.0661    1.0954
    21.675     14.50   -0.0100      81008    1.1409    1.1409    1.1409
    21.675     14.50    0.0100      22906    1.1409    1.1409    1.1564
    21.675     14.50    0.0350       1118    1.1564    1.1722    1.2889
    21.675     14.50    0.0750        207    1.2044    1.3064    1.9093
    21.675     14.70   -0.0100      15004    1.1409    1.1409    1.1409
    21.675     14.70    0.0100       1004    1.1409    1.1409    1.1409
    21.675     14.70    0.0350         60    1.1722    1.2209    1.2715
    21.675     14.70    0.0750        176    1.2544    1.3423    1.4960
    21.675     14.70    0.1500        213    1.5164    2.0431    2.2771
    21.675     14.70    0.6000         65    2.0431    3.0680    3.4659
    21.675     14.90   -0.0100       2072    1.1409    1.1564    1.1564
    21.675     14.90    0.0100       8642    1.1564    1.1722    1.1722
    21.675     14.90    0.0350       1369    1.1722    1.1882    1.2209
    21.675     14.90    0.0750        509    1.1882    1.2375    1.3064
    21.675     14.90    0.1500        320    1.3423    1.5794    1.8332
    21.675     14.90    0.6000        216    1.8582    2.4700    3.0267
    21.675     15.10   -0.0100       2684    1.1255    1.1409    1.1564
    21.675     15.10    0.0100       8788    1.1409    1.1564    1.2209
    21.675     15.10    0.0350       1450    1.1722    1.2544    1.2889
    21.675     15.10    0.0750        720    1.2375    1.2889    1.3423
    21.675     15.10    0.1500        513    1.3792    1.4759    1.6228
    21.675     15.10    0.6000        153    1.5794    1.9617    2.2162
    21.675     15.30   -0.0100         28    1.1722    1.1722    1.1882
    21.675     15.30    0.0100       9863    1.2044    1.2209    1.2544
    21.675     15.30    0.0350       1428    1.2044    1.2375    1.2715
    21.675     15.30    0.0750        664    1.2375    1.2715    1.3064
    21.675     15.30    0.1500        349    1.3064    1.3607    1.4759
    21.675     15.30    0.6000         20    1.5581    1.9093    1.9885
    21.675     15.50   -0.0100        200    1.1722    1.1722    1.1882
    21.675     15.50    0.0100       5068    1.1882    1.2375    1.2375
    21.675     15.50    0.0350        104    1.1882    1.2209    1.2375
    21.675     15.50    0.0750         68    1.2044    1.2209    1.2889
    21.675     15.70    0.0100        284    1.2209    1.2209    1.2375
    21.725     14.10   -0.0100       1356    1.1564    1.1722    1.1722
    21.725     14.10    0.0100       3801    1.1722    1.1722    1.1882
    21.725     14.10    0.0350        620    1.1722    1.2044    1.2715
    21.725     14.10    0.0750        429    1.2715    1.4560    1.9353
    21.725     14.30   -0.0100      34428    1.1564    1.1564    1.1722
    21.725     14.30    0.0100      18704    1.1564    1.1722    1.1722
    21.725     14.30    0.0350       1014    1.1722    1.1882    1.2209
    21.725     14.30    0.0750        506    1.2375    1.2715    1.6449
    21.725     14.50   -0.0100       3680    1.1564    1.1564    1.1564
    21.725     14.50    0.0100        505    1.2209    1.2209    1.2209
    21.725     14.50    0.0350        356    1.2209    1.2375    1.2544
    21.725     14.50    0.0750        264    1.2375    1.3243    1.4364
    21.725     14.50    0.1500        236    1.4960    1.7365    1.9885
    21.725     14.50    0.6000         80    2.2464    2.9859    3.5132
    21.725     14.70   -0.0100        632    1.1564    1.1722    1.1882
    21.725     14.70    0.0100       9410    1.1882    1.1882    1.2044
    21.725     14.70    0.0350       1427    1.1722    1.2209    1.3064
    21.725     14.70    0.0750        626    1.2375    1.2889    1.3792
    21.725     14.70    0.1500        311    1.3792    1.5371    1.7365
    21.725     14.70    0.6000        268    1.9093    2.3082    3.0267
    21.725     14.90   -0.0100        704    1.1564    1.1722    1.1722
    21.725     14.90    0.0100       5739    1.1722    1.1882    1.2715
    21.725     14.90    0.0350       2034    1.2715    1.3064    1.3243
    21.725     14.90    0.0750        921    1.3064    1.3423    1.3980
    21.725     14.90    0.1500        554    1.4364    1.5164    1.7131
    21.725     14.90    0.6000        117    1.6673    2.3082    2.7903
    21.725     15.10    0.0100       6563    1.2375    1.2375    1.2889
    21.725     15.10    0.0350       1160    1.2544    1.2715    1.3064
    21.725     15.10    0.0750        312    1.2715    1.3064    1.3423
    21.725     15.10    0.1500         96    1.3792    1.4364    1.5581
    21.725     15.30    0.0100       1802    1.2209    1.2715    1.2715
    21.725     15.30    0.0350         28    1.2209    1.2375    1.2544
    21.775     13.70    0.0100        204    1.2544    1.2544    1.2544
    21.775     13.70    0.0350        712    1.2544    1.2544    1.2889
    21.775     13.90   -0.0100        848    1.1882    1.2044    1.2044
    21.775     13.90    0.0100       4010    1.2044    1.2044    1.2044
    21.775     13.90    0.0350       1260    1.2209    1.2544    1.2715
    21.775     13.90    0.0750        528    1.2715    1.3243    1.5794
    21.775     13.90    0.1500        132    1.6673    2.2464    2.3716
    21.775     14.10   -0.0100      11248    1.1722    1.1882    1.1882
    21.775     14.10    0.0100      18323    1.1722    1.1882    1.1882
    21.775     14.10    0.0350       1090    1.1882    1.2209    1.2544
    21.775     14.10    0.0750        442    1.2715    1.2889    1.4759
    21.775     14.10    0.1500         44    1.4759    1.8332    2.1864
    21.775     14.10    0.6000         24    2.0431    2.9457    3.0680
    21.775     14.30   -0.0100        564    1.1722    1.1722    1.1722
    21.775     14.30    0.0100       1200    1.2209    1.2544    1.2544
    21.775     14.30    0.0350        638    1.2375    1.2715    1.2889
    21.775     14.30    0.0750        386    1.3064    1.3423    1.3792
    21.775     14.30    0.1500        322    1.4960    1.5794    1.9617
    21.775     14.30    0.6000         98    2.2771    2.5378    2.8284
    21.775     14.50    0.0100       7587    1.2044    1.2209    1.2375
    21.775     14.50    0.0350       1683    1.2375    1.3423    1.3980
    21.775     14.50    0.0750        862    1.3064    1.4171    1.4759
    21.775     14.50    0.1500        444    1.5371    1.6673    1.8582
    21.775     14.50    0.6000        273    1.9093    2.5037    2.9061
    21.775     14.70    0.0100       2549    1.2044    1.2889    1.3064
    21.775     14.70    0.0350       3113    1.3064    1.3423    1.3792
    21.775     14.70    0.0750        812    1.3607    1.4171    1.4560
    21.775     14.70    0.1500        500    1.4960    1.6009    1.8086
    21.775     14.70    0.6000        117    1.8836    2.0431    2.7903
    21.775     14.90    0.0100       2371    1.2715    1.2889    1.3243
    21.775     14.90    0.0350       1434    1.3243    1.3423    1.3423
    21.775     14.90    0.0750        108    1.3243    1.3607    1.4364
    21.775     15.10    0.0100        216    1.3064    1.3064    1.3243
    21.775     15.10    0.0350         20    1.3064    1.3064    1.3243
    21.825     13.30   -0.0100     100532    1.2715    1.2715    1.2889
    21.825     13.30    0.0100      39494    1.2715    1.2715    1.2889
    21.825     13.30    0.0350        187    1.3423    1.4560    1.6449
    21.825     13.50   -0.0100    1776960    1.2715    1.2715    1.2889
    21.825     13.50    0.0100     891912    1.2715    1.2715    1.2715
    21.825     13.50    0.0350        808    1.2544    1.2889    1.3423
    21.825     13.70   -0.0100         76    1.2209    1.2209    1.2209
    21.825     13.70    0.0100       4685    1.2375    1.2375    1.2544
    21.825     13.70    0.0350        840    1.2375    1.2715    1.3064
    21.825     13.70    0.0750        494    1.3243    1.4171    1.6009
    21.825     13.70    0.1500        197    1.6901    1.9353    2.6075
    21.825     13.90   -0.0100       2824    1.1882    1.2044    1.2209
    21.825     13.90    0.0100      13726    1.2044    1.2209    1.2209
    21.825     13.90    0.0350       1026    1.2209    1.2375    1.2889
    21.825     13.90    0.0750        260    1.2715    1.3607    1.4560
    21.825     13.90    0.1500         74    1.4364    1.8086    2.6075
    21.825     14.10    0.0100        936    1.2889    1.3064    1.3064
    21.825     14.10    0.0350       1239    1.2889    1.3243    1.3423
    21.825     14.10    0.0750        625    1.3607    1.4171    1.5371
    21.825     14.10    0.1500        380    1.6228    1.7602    2.1864
    21.825     14.10    0.6000        132    2.1279    2.7528    3.1523
    21.825     14.30    0.0100       3707    1.2544    1.2715    1.2889
    21.825     14.30    0.0350       1820    1.2715    1.3980    1.4560
    21.825     14.30    0.0750        913    1.3980    1.4960    1.5581
    21.825     14.30    0.1500        546    1.6228    1.7842    2.0710
    21.825     14.30    0.6000        250    2.0993    2.5037    3.0680
    21.825     14.50    0.0100        226    1.2209    1.2375    1.2544
    21.825     14.50    0.0350       3008    1.3607    1.3792    1.4364
    21.825     14.50    0.0750        652    1.4171    1.4759    1.5581
    21.825     14.50    0.1500        208    1.6901    1.7842    2.0993
    21.825     14.50    0.6000         41    1.8836    2.4039    2.7528
    21.825     14.70    0.0100        430    1.3064    1.3243    1.3423
    21.825     14.70    0.0350        904    1.3243    1.3980    1.3980
    21.825     14.70    0.0750         24    1.4171    1.4364    1.4759
    21.825     14.90    0.0350         61    1.3423    1.3607    1.3607
    21.875     13.10   -0.0100       6628    1.2889    1.3064    1.3064
    21.875     13.10    0.0100      15148    1.3064    1.3064    1.3064
    21.875     13.10    0.0350        873    1.3607    1.4171    1.6228
    21.875     13.30   -0.0100     142012    1.2889    1.2889    1.3064
    21.875     13.30    0.0100      29592    1.2889    1.2889    1.3064
    21.875     13.30    0.0350        512    1.3607    1.4759    1.6673
    21.875     13.50   -0.0100       7836    1.2889    1.2889    1.2889
    21.875     13.50    0.0100       2626    1.2715    1.2889    1.2889
    21.875     13.50    0.0350        841    1.2715    1.3064    1.3243
    21.875     13.50    0.0750        454    1.3607    1.4171    1.5164
    21.875     13.50    0.1500        280    1.7365    1.9093    2.3716
    21.875     13.70    0.0100       8293    1.2375    1.2544    1.2715
    21.875     13.70    0.0350        861    1.2375    1.2889    1.3243
    21.875     13.70    0.0750        280    1.3423    1.4171    1.5581
    21.875     13.70    0.1500        133    1.6228    1.8582    2.1864
    21.875     13.70    0.6000         21    1.9885    2.7157    2.8670
    21.875     13.90    0.0350       1910    1.3607    1.3792    1.3980
    21.875     13.90    0.0750        714    1.4364    1.4960    1.6449
    21.875     13.90    0.1500        449    1.6228    1.8086    2.0431
    21.875     13.90    0.6000        192    2.2162    2.5378    2.7903
    21.875     14.10    0.0100        535    1.3064    1.3064    1.3243
    21.875     14.10    0.0350       2039    1.3243    1.3423    1.4960
    21.875     14.10    0.0750       1082    1.5371    1.5794    1.6673
    21.875     14.10    0.1500        505    1.7842    1.9093    2.2464
    21.875     14.10    0.6000        179    2.1864    2.6075    3.0680
    21.875     14.30    0.0350       1549    1.4171    1.4560    1.5164
    21.875     14.30    0.0750        588    1.4960    1.5581    1.6228
    21.875     14.30    0.1500        136    1.8086    1.9353    2.2464
    21.875     14.50    0.0350        201    1.3792    1.4759    1.4759
    21.875     14.50    0.0750         20    1.5164    1.5164    1.5371
    21.925     12.90   -0.0100        452    1.3243    1.3423    1.3423
    21.925     12.90    0.0100       6023    1.3243    1.3423    1.3423
    21.925     12.90    0.0350        750    1.3792    1.3980    1.4960
    21.925     12.90    0.0750        230    1.5164    1.7131    2.0710
    21.925     13.10   -0.0100      23164    1.3064    1.3243    1.3243
    21.925     13.10    0.0100      28177    1.3064    1.3243    1.3243
    21.925     13.10    0.0350       1001    1.3423    1.3980    1.5371
    21.925     13.10    0.0750         93    1.6009    1.8582    2.3082
    21.925     13.30   -0.0100       1332    1.3064    1.3064    1.3064
    21.925     13.30    0.0100        981    1.3243    1.3423    1.3423
    21.925     13.30    0.0350       1294    1.3243    1.3607    1.3792
    21.925     13.30    0.0750        462    1.4364    1.4960    1.5794
    21.925     13.30    0.1500        291    1.7131    1.9617    2.3396
    21.925     13.50    0.0100       3433    1.2889    1.3064    1.3243
    21.925     13.50    0.0350        821    1.2889    1.3243    1.3423
    21.925     13.50    0.0750        372    1.3980    1.4960    1.6449
    21.925     13.50    0.1500        170    1.7602    2.0431    2.4700
    21.925     13.70    0.0350       1081    1.4364    1.4560    1.4960
    21.925     13.70    0.0750        845    1.5164    1.6009    1.7602
    21.925     13.70    0.1500        561    1.7842    2.0156    2.4039
    21.925     13.70    0.6000         81    2.4700    2.7903    2.9457
    21.925     13.90    0.0350        793    1.3980    1.4171    1.5581
    21.925     13.90    0.0750       1126    1.6009    1.6901    1.8086
    21.925     13.90    0.1500        454    1.9093    2.0993    2.5724
    21.925     13.90    0.6000         70    2.3396    2.9061    3.0680
    21.925     14.10    0.0350        354    1.4960    1.5164    1.5581
    21.925     14.10    0.0750        556    1.6009    1.6449    1.7131
    21.925     14.10    0.1500         56    1.9093    1.9885    2.5378
    21.975     12.70    0.0100       1519    1.3792    1.3792    1.3792
    21.975     12.70    0.0350        761    1.3980    1.4364    1.5164
    21.975     12.70    0.0750        285    1.5371    1.6673    2.1279
    21.975     12.90   -0.0100       2108    1.3243    1.3423    1.3423
    21.975     12.90    0.0100      18148    1.3423    1.3607    1.3607
    21.975     12.90    0.0350       1415    1.3607    1.4171    1.5164
    21.975     12.90    0.0750        372    1.5794    1.7365    2.0710
    21.975     13.10   -0.0100        240    1.3243    1.3423    1.3423
    21.975     13.10    0.0100        384    1.3423    1.3423    1.3423
    21.975     13.10    0.0350       1229    1.4171    1.4364    1.4560
    21.975     13.10    0.0750        578    1.4960    1.5371    1.6449
    21.975     13.10    0.1500        266    1.8582    1.9885    2.4700
    21.975     13.30    0.0100        243    1.3607    1.3607    1.3980
    21.975     13.30    0.0350       1516    1.3607    1.3792    1.3980
    21.975     13.30    0.0750        322    1.4560    1.5794    1.7602
    21.975     13.30    0.1500        215    1.8332    1.9885    2.4039
    21.975     13.50    0.0350        292    1.5371    1.5581    1.5794
    21.975     13.50    0.0750        803    1.6009    1.6673    1.7602
    21.975     13.50    0.1500        451    1.9885    2.1569    2.4700
    21.975     13.50    0.6000         34    2.3716    2.7157    2.8284
    21.975     13.70    0.0350        125    1.4960    1.5164    1.5164
    21.975     13.70    0.0750        568    1.7131    1.8332    1.9353
    21.975     13.70    0.1500        430    2.0156    2.1864    2.5378
    21.975     13.90    0.0750        311    1.6228    1.7602    1.8332
    21.975     13.90    0.1500         32    1.9885    2.0710    2.0993
    22.025     12.30   -0.0100     139800    1.5371    1.5371    1.5371
    22.025     12.30    0.0100      15748    1.5164    1.5371    1.5371
    22.025     12.30    0.0350        194    1.5164    1.5581    1.6009
    22.025     12.50   -0.0100    1763384    1.5164    1.5371    1.5371
    22.025     12.50    0.0100     705392    1.5164    1.5371    1.5371
    22.025     12.50    0.0350        730    1.4560    1.5164    1.5581
    22.025     12.50    0.0750        162    1.5794    1.6901    1.8332
    22.025     12.50    0.1500         22    1.9353    2.3082    2.4367
    22.025     12.70    0.0100       6997    1.3792    1.3980    1.4171
    22.025     12.70    0.0350       1746    1.3980    1.4364    1.5164
    22.025     12.70    0.0750        554    1.5794    1.7365    1.9353
    22.025     12.70    0.1500         47    2.2464    2.4039    2.5378
    22.025     12.90    0.0100        404    1.3792    1.3792    1.3792
    22.025     12.90    0.0350        328    1.5164    1.5371    1.5581
    22.025     12.90    0.0750        583    1.5794    1.6449    1.7365
    22.025     12.90    0.1500        269    1.8332    2.0710    2.4367
    22.025     13.10    0.0350        609    1.4560    1.4759    1.5164
    22.025     13.10    0.0750        294    1.5371    1.6228    1.7842
    22.025     13.10    0.1500        154    1.9093    2.1864    2.4039
    22.025     13.30    0.0750        380    1.7365    1.8332    1.9093
    22.025     13.30    0.1500        200    2.0156    2.1569    2.5037
    22.025     13.50    0.0750         75    1.6673    1.8836    1.9885
    22.025     13.50    0.1500        165    2.0993    2.2464    2.5037
    22.075     12.10   -0.0100        276    1.5371    1.5581    1.5581
    22.075     12.10    0.0100       8788    1.5581    1.5581    1.5794
    22.075     12.10    0.0350        339    1.6673    1.7365    1.9093
    22.075     12.30   -0.0100     152480    1.5371    1.5371    1.5581
    22.075     12.30    0.0100      62919    1.5371    1.5581    1.5581
    22.075     12.30    0.0350        303    1.5581    1.6228    1.9353
    22.075     12.30    0.0750        110    1.6449    1.6901    1.8086
    22.075     12.30    0.1500         28    1.9617    2.1279    2.4367
    22.075     12.50   -0.0100      61116    1.5371    1.5371    1.5371
    22.075     12.50    0.0100       1393    1.4560    1.5371    1.5371
    22.075     12.50    0.0350       2735    1.4560    1.4960    1.5371
    22.075     12.50    0.0750        628    1.6228    1.7131    1.9093
    22.075     12.50    0.1500        135    2.0431    2.2464    2.4700
    22.075     12.70    0.0100        176    1.4364    1.4364    1.4364
    22.075     12.70    0.0350         36    1.4171    1.4364    1.4759
    22.075     12.70    0.0750        297    1.7365    1.8086    1.9093
    22.075     12.70    0.1500        174    2.0156    2.0993    2.3716
    22.075     12.90    0.0350         20    1.5794    1.5794    1.6009
    22.075     12.90    0.0750        327    1.6228    1.6901    1.8582
    22.075     12.90    0.1500         56    2.0156    2.1569    2.4367
    22.075     13.10    0.1500         39    2.1279    2.2771    2.4039
    22.125     11.90    0.0100        221    1.6009    1.6228    1.6228
    22.125     11.90    0.0350        200    1.6449    1.6901    1.7602
    22.125     11.90    0.0750         30    1.9617    2.0431    2.0710
    22.125     12.10   -0.0100       1904    1.5581    1.5581    1.5794
    22.125     12.10    0.0100      24099    1.5794    1.5794    1.6009
    22.125     12.10    0.0350       1609    1.6449    1.7131    1.9093
    22.125     12.10    0.0750         52    1.8582    1.9617    2.2162
    22.125     12.30   -0.0100       2672    1.5371    1.5581    1.5581
    22.125     12.30    0.0100       4364    1.5581    1.5581    1.5581
    22.125     12.30    0.0350        739    1.5581    1.6009    1.6449
    22.125     12.30    0.0750        792    1.6901    1.7842    1.9353
    22.125     12.30    0.1500        106    2.0431    2.2162    2.4039
    22.125     12.50    0.0350        145    1.5164    1.5371    1.5794
    22.125     12.70    0.0750         36    1.8836    1.9093    2.0156
    22.125     12.70    0.1500         49    2.0710    2.1864    2.3082
    22.175     11.90    0.0100       3223    1.6228    1.6228    1.6449
    22.175     11.90    0.0350       2243    1.6449    1.6901    1.8086
    22.175     11.90    0.0750        395    1.9353    2.0993    2.3082
    22.175     12.10    0.0100       2212    1.5794    1.6009    1.6009
    22.175     12.10    0.0350        316    1.6009    1.7131    1.8836
    22.175     12.10    0.0750        276    1.8086    1.9617    2.1569
    22.175     12.30    0.0750         72    1.7131    1.7365    2.0431
    22.225     11.50    0.0350         28    1.8332    1.8582    1.8582
    22.225     11.70    0.0100        664    1.7842    1.8086    1.8332
    22.225     11.70    0.0350        786    1.7842    1.8332    1.8836
    22.225     11.70    0.0750        393    1.9353    2.0710    2.2464
    22.225     11.90    0.0100        132    1.8086    1.8332    1.8582
    22.225     11.90    0.0350       1120    1.6901    1.7365    1.8086
    22.225     11.90    0.0750        119    1.9617    2.1279    2.3082
    22.275     11.30    0.0100       6215    1.8332    1.8332    1.8582
    22.275     11.50   -0.0100    2587996    1.7602    1.7602    1.7842
    22.275     11.50    0.0100     679218    1.7602    1.7602    1.8086
    22.275     11.50    0.0350        285    1.8086    1.8332    1.8836
    22.275     11.70    0.0100        296    1.7842    1.7842    1.7842
    22.275     11.70    0.0350         21    1.9093    1.9353    1.9353
    22.275     11.70    0.0750        113    1.9885    2.0710    2.2162
    22.325     11.30   -0.0100        324    1.7602    1.7842    1.8086
    22.325     11.30    0.0100      20273    1.8086    1.8332    1.8582
    22.325     11.30    0.0350       1001    1.9617    2.0156    2.1569
    22.325     11.50   -0.0100       5392    1.7602    1.7842    1.7842
    22.325     11.50    0.0100       8055    1.7842    1.7842    1.8086
    22.375     11.10    0.0100         20    1.9353    1.9353    1.9353
    22.375     11.10    0.0350       1089    1.9617    2.0156    2.1569
    22.375     11.30    0.0100       1600    1.8332    1.8582    1.9093
    22.375     11.30    0.0350        765    1.9093    1.9617    2.1569
    22.475     10.70    0.0100        356    2.0431    2.0431    2.0431
    22.475     10.90    0.0100        148    2.0431    2.0710    2.0710
    22.525     10.50   -0.0100    2194220    1.9093    1.9353    1.9617
    22.525     10.50    0.0100     442889    1.9093    1.9353    1.9885
    22.525     10.70   -0.0100      64840    2.0156    2.0431    2.0710
    22.525     10.70    0.0100      17262    2.0431    2.0710    2.0993
    22.525     10.70    0.0350         68    2.0431    2.0710    2.0993
    22.575     10.30    0.0100        159    2.0431    2.0993    2.1279
    22.575     10.30    0.0350         79    2.1864    2.2162    2.2464
    22.575     10.50   -0.0100       3012    1.9093    1.9353    1.9353
    22.575     10.50    0.0100      15753    1.9353    1.9617    2.0431
    22.575     10.50    0.0350         67    2.2464    2.2771    2.2771
    22.625     10.30    0.0350         20    2.1279    2.1864    2.1864
