! harvest_calib3.py -- the correction factor against the three quantities the reconstruction reports
!
! 1815 nodes measured, 0 not measured, 21559607 pixels
! 21559607 pixels in the histogram; pixels outside the range of each axis (below, above):
!   x from   20.0000 to   24.5000: 0 below, 0 above
!   y from    3.0000 to   50.0000: 0 below, 0 above
!   z from   -1.0000 to    1.0000: 0 below, 0 above
!   f from    0.5000 to    8.0428: 0 below, 0 above
! x = log10 of the surface density of the finest image, cm^-2
! y = the temperature fitted at that resolution, K
! z = log10 of the ratio of the finest to the coarsest surface density
! f = the factor that restores the true surface density; f16 and f84 bracket its spread in the cell
!
!        x         y         z     pixels       f16         f       f84
    20.625     20.50    0.0750        140    0.9912    0.9912    1.0048
    20.625     20.70    0.0750        204    0.9912    1.0048    1.0048
    20.675     20.30    0.0100        284    0.9779    0.9912    0.9912
    20.675     20.30    0.0350        304    0.9779    0.9779    0.9912
    20.675     20.30    0.0750        188    0.9779    0.9912    0.9912
    20.675     20.50    0.0100         72    0.9912    0.9912    1.0048
    20.675     20.50    0.0350        496    0.9912    0.9912    1.0048
    20.675     20.50    0.0750        436    0.9912    0.9912    1.0048
    20.725     19.90   -0.1500        176    0.9389    0.9517    0.9517
    20.725     19.90   -0.0750        128    0.9389    0.9389    0.9517
    20.725     19.90   -0.0350        160    0.9263    0.9389    0.9389
    20.725     19.90   -0.0100        204    0.9263    0.9263    0.9389
    20.725     19.90    0.0100        132    0.9263    0.9389    0.9517
    20.725     19.90    0.0350         92    0.9389    0.9647    1.0048
    20.725     19.90    0.0750         40    1.1351    1.1506    1.1822
    20.725     20.10   -0.1500       5564    0.9517    0.9647    0.9779
    20.725     20.10   -0.0750      16780    0.9647    0.9779    0.9912
    20.725     20.10   -0.0350      18928    0.9779    0.9779    0.9912
    20.725     20.10   -0.0100      13556    0.9912    0.9912    0.9912
    20.725     20.10    0.0100        780    0.9517    0.9517    0.9779
    20.725     20.10    0.0350        412    0.9517    0.9779    1.0048
    20.725     20.10    0.0750        184    1.0185    1.0464    1.1047
    20.725     20.30   -0.0750       9236    0.9912    0.9912    1.0048
    20.725     20.30   -0.0350      28224    0.9912    1.0048    1.0048
    20.725     20.30   -0.0100     162344    1.0048    1.0048    1.0048
    20.725     20.30    0.0100      67348    1.0048    1.0048    1.0048
    20.725     20.30    0.0350        292    0.9647    0.9779    0.9912
    20.725     20.30    0.0750        128    0.9912    1.0048    1.0185
    20.775     19.50   -0.1500        760    0.8540    0.8656    0.8774
    20.775     19.50   -0.0750        312    0.8425    0.8540    0.8656
    20.775     19.50   -0.0350        276    0.8425    0.8540    0.8656
    20.775     19.50   -0.0100        160    0.8656    0.8656    0.8894
    20.775     19.50    0.0100        120    0.9138    0.9263    0.9647
    20.775     19.50    0.0350        100    1.0607    1.0899    1.2823
    20.775     19.50    0.0750         36    1.3722    1.6145    1.8488
    20.775     19.70   -0.1500       3616    0.8894    0.9015    0.9138
    20.775     19.70   -0.0750       2884    0.8894    0.9263    0.9389
    20.775     19.70   -0.0350        812    0.8774    0.8894    0.9138
    20.775     19.70   -0.0100        540    0.8774    0.9015    0.9138
    20.775     19.70    0.0100        352    0.9015    0.9263    0.9517
    20.775     19.70    0.0350        292    0.9912    1.0324    1.1198
    20.775     19.70    0.0750        148    1.1983    1.3355    1.5713
    20.775     19.90   -0.1500       4704    0.9263    0.9389    0.9517
    20.775     19.90   -0.0750       9344    0.9263    0.9517    0.9517
    20.775     19.90   -0.0350       7072    0.9389    0.9647    0.9779
    20.775     19.90   -0.0100       1344    0.9138    0.9912    0.9912
    20.775     19.90    0.0100        380    0.9138    0.9389    0.9647
    20.775     19.90    0.0350        248    0.9912    1.0324    1.0752
    20.775     19.90    0.0750        136    1.1506    1.2312    1.2823
    20.775     20.10   -0.1500         56    0.9517    0.9517    0.9517
    20.775     20.10   -0.0750       1144    0.9517    0.9647    0.9647
    20.775     20.10   -0.0350       5980    0.9647    0.9779    0.9779
    20.775     20.10   -0.0100      89972    1.0048    1.0048    1.0048
    20.775     20.10    0.0100     266320    1.0048    1.0048    1.0048
    20.775     20.30   -0.0100        608    1.0048    1.0048    1.0048
    20.775     20.30    0.0100      52692    1.0048    1.0048    1.0048
    20.825     19.10   -0.1500        564    0.7873    0.7980    0.8199
    20.825     19.10   -0.0750        316    0.7767    0.7873    0.8089
    20.825     19.10   -0.0350        204    0.7980    0.8089    0.8199
    20.825     19.10   -0.0100         92    0.8199    0.8425    0.8540
    20.825     19.10    0.0100         92    0.8774    0.9015    0.9517
    20.825     19.10    0.0350         84    1.0048    1.1047    1.3909
    20.825     19.10    0.0750         40    1.4884    1.8488    2.0886
    20.825     19.30   -0.6000         60    0.8311    0.8425    0.8425
    20.825     19.30   -0.1500       1600    0.8199    0.8425    0.8774
    20.825     19.30   -0.0750        660    0.8089    0.8311    0.8656
    20.825     19.30   -0.0350        312    0.8089    0.8311    0.8656
    20.825     19.30   -0.0100        176    0.8425    0.8540    0.8894
    20.825     19.30    0.0100        220    0.8774    0.9015    0.9389
    20.825     19.30    0.0350        212    0.9912    1.1047    1.2650
    20.825     19.30    0.0750        112    1.2650    1.5502    1.9255
    20.825     19.30    0.1500         21    1.7277    2.2350    2.8140
    20.825     19.50   -0.6000         36    0.8540    0.8656    0.8656
    20.825     19.50   -0.1500       2504    0.8656    0.8894    0.9138
    20.825     19.50   -0.0750       1808    0.8894    0.9263    0.9389
    20.825     19.50   -0.0350        388    0.8425    0.8894    0.9263
    20.825     19.50   -0.0100        196    0.8540    0.8894    0.9138
    20.825     19.50    0.0100        168    0.9015    0.9263    0.9389
    20.825     19.50    0.0350        180    0.9779    1.0324    1.1198
    20.825     19.50    0.0750        144    1.1663    1.2823    1.5713
    20.825     19.70   -0.1500        396    0.9015    0.9138    0.9263
    20.825     19.70   -0.0750       3244    0.9263    0.9389    0.9647
    20.825     19.70   -0.0350       2996    0.9517    0.9647    0.9912
    20.825     19.70   -0.0100        160    0.9517    0.9647    0.9779
    20.825     19.70    0.0100         24    0.9263    0.9263    0.9779
    20.825     19.90   -0.0750         24    0.9517    0.9647    0.9647
    20.825     19.90   -0.0350       2392    0.9779    0.9912    0.9912
    20.825     19.90   -0.0100      51812    1.0048    1.0048    1.0048
    20.825     19.90    0.0100      81572    1.0048    1.0048    1.0048
    20.825     20.10   -0.0100      69852    1.0048    1.0048    1.0048
    20.825     20.10    0.0100     111520    1.0048    1.0048    1.0048
    20.875     18.70   -0.1500        312    0.7357    0.7559    0.7767
    20.875     18.70   -0.0750        128    0.7160    0.7357    0.7457
    20.875     18.70   -0.0350        140    0.7457    0.7457    0.7980
    20.875     18.70   -0.0100        108    0.8199    0.8311    0.8540
    20.875     18.70    0.0100         52    0.8656    0.8894    0.9389
    20.875     18.70    0.0350         56    0.9647    1.1663    1.1822
    20.875     18.70    0.0750         52    1.4291    1.6145    2.0605
    20.875     18.90   -0.6000         36    0.7980    0.8089    0.8089
    20.875     18.90   -0.1500        832    0.7662    0.7980    0.8311
    20.875     18.90   -0.0750        364    0.7457    0.7662    0.7980
    20.875     18.90   -0.0350        148    0.7767    0.7980    0.8199
    20.875     18.90   -0.0100        124    0.8089    0.8199    0.8540
    20.875     18.90    0.0100         72    0.8774    0.9015    0.9517
    20.875     18.90    0.0350        156    0.9779    1.0752    1.2312
    20.875     18.90    0.0750        104    1.3355    1.6365    2.1753
    20.875     18.90    0.1500         48    1.9518    2.5594    3.4483
    20.875     19.10   -0.6000         24    0.8089    0.8199    0.8199
    20.875     19.10   -0.1500       1192    0.8089    0.8540    0.8774
    20.875     19.10   -0.0750        268    0.8199    0.8656    0.9015
    20.875     19.10   -0.0350        100    0.8199    0.8656    0.8656
    20.875     19.10   -0.0100         72    0.8311    0.8656    0.8894
    20.875     19.10    0.0100         52    0.8774    0.9138    0.9263
    20.875     19.10    0.0350        112    0.9517    0.9779    1.2823
    20.875     19.10    0.0750        104    1.0752    1.1983    1.7513
    20.875     19.10    0.1500         56    1.2650    1.5087    2.9707
    20.875     19.30   -0.1500        880    0.8774    0.9015    0.9263
    20.875     19.30   -0.0750       1088    0.9015    0.9263    0.9517
    20.875     19.30   -0.0350        160    0.9015    0.9389    0.9647
    20.875     19.30   -0.0100         24    0.9015    0.9138    0.9138
    20.875     19.30    0.0350         60    0.9647    0.9912    0.9912
    20.875     19.30    0.0750         68    1.0324    1.0899    1.3537
    20.875     19.30    0.1500         22    1.2998    1.4291    2.0886
    20.875     19.50   -0.1500         84    0.9138    0.9263    0.9389
    20.875     19.50   -0.0750       1424    0.9389    0.9517    0.9647
    20.875     19.50   -0.0350       1904    0.9647    0.9912    1.0048
    20.875     19.50   -0.0100        172    0.9517    0.9779    1.0048
    20.875     19.50    0.0100         52    0.9517    0.9647    0.9779
    20.875     19.70   -0.0750         76    0.9779    0.9779    0.9912
    20.875     19.70   -0.0350       1656    0.9779    0.9912    1.0048
    20.875     19.70   -0.0100      28596    1.0048    1.0048    1.0048
    20.875     19.70    0.0100      34996    1.0048    1.0048    1.0185
    20.875     19.70    0.0350        392    1.0048    1.0185    1.0185
    20.875     19.90   -0.0100      65160    1.0048    1.0048    1.0048
    20.875     19.90    0.0100      91454    1.0048    1.0048    1.0048
    20.875     19.90    0.0350        636    1.0048    1.0048    1.0185
    20.925     18.30   -0.1500        148    0.7064    0.7357    0.7559
    20.925     18.30   -0.0750        128    0.7064    0.7064    0.7357
    20.925     18.30   -0.0350         84    0.7457    0.7559    0.7873
    20.925     18.30   -0.0100         44    0.7980    0.8425    0.8540
    20.925     18.30    0.0100         24    0.8656    0.8894    0.9389
    20.925     18.30    0.0350         44    1.0324    1.0324    1.1198
    20.925     18.30    0.0750         48    1.2147    1.6589    1.9255
    20.925     18.50   -0.1500        452    0.7160    0.7457    0.7980
    20.925     18.50   -0.0750        224    0.7064    0.7160    0.7662
    20.925     18.50   -0.0350        180    0.7357    0.7457    0.7767
    20.925     18.50   -0.0100         64    0.8089    0.8199    0.8540
    20.925     18.50    0.0100         96    0.9015    0.9015    0.9779
    20.925     18.50    0.0350         88    0.9912    1.0899    1.4884
    20.925     18.50    0.0750        100    1.2312    1.6815    1.9784
    20.925     18.50    0.1500         34    2.0605    3.1362    3.3561
    20.925     18.70   -0.1500        540    0.7873    0.8089    0.8540
    20.925     18.70   -0.0750        120    0.7873    0.7980    0.8656
    20.925     18.70   -0.0350         56    0.8089    0.8425    0.8540
    20.925     18.70    0.0100         36    0.8774    0.8774    0.9138
    20.925     18.70    0.0350         68    0.9779    1.0048    1.0324
    20.925     18.70    0.0750         52    1.2650    1.5087    2.2049
    20.925     18.70    0.1500         70    1.7044    2.3277    3.2224
    20.925     18.90   -0.1500        672    0.8540    0.8894    0.9015
    20.925     18.90   -0.0750        196    0.8425    0.8894    0.9138
    20.925     18.90   -0.0350         68    0.8894    0.9015    0.9263
    20.925     18.90    0.0750         44    1.0185    1.0752    1.1198
    20.925     18.90    0.1500         38    1.2480    1.3722    1.5293
    20.925     19.10   -0.1500        148    0.8894    0.9138    0.9389
    20.925     19.10   -0.0750        872    0.9263    0.9389    0.9517
    20.925     19.10   -0.0350        160    0.9138    0.9517    0.9779
    20.925     19.10   -0.0100         56    0.9389    0.9389    0.9912
    20.925     19.10    0.0100         40    0.9389    0.9647    0.9647
    20.925     19.10    0.0350         20    0.9647    0.9779    1.0048
    20.925     19.10    0.0750        248    1.0048    1.0185    1.0185
    20.925     19.10    0.1500         32    1.0607    1.1351    1.1822
    20.925     19.30   -0.1500         20    0.9389    0.9389    0.9389
    20.925     19.30   -0.0750        840    0.9517    0.9647    0.9912
    20.925     19.30   -0.0350       1104    0.9779    0.9912    1.0185
    20.925     19.30   -0.0100        168    0.9779    1.0048    1.0185
    20.925     19.30    0.0100         24    1.0185    1.0185    1.0185
    20.925     19.30    0.0350         72    1.0048    1.0185    1.0185
    20.925     19.30    0.0750        212    1.0048    1.0185    1.0185
    20.925     19.50   -0.0350       1124    0.9912    1.0048    1.0185
    20.925     19.50   -0.0100      22980    1.0048    1.0185    1.0185
    20.925     19.50    0.0100      22640    1.0185    1.0185    1.0185
    20.925     19.50    0.0350        596    1.0185    1.0185    1.0185
    20.925     19.70   -0.0100      48340    1.0048    1.0048    1.0185
    20.925     19.70    0.0100      58319    1.0048    1.0185    1.0185
    20.925     19.70    0.0350       1288    1.0185    1.0185    1.0185
    20.975     17.90   -0.1500         28    0.6969    0.6969    0.7258
    20.975     17.90   -0.0750         88    0.7064    0.7160    0.7258
    20.975     17.90   -0.0350         24    0.7662    0.7767    0.7980
    20.975     17.90   -0.0100         64    0.8425    0.8425    0.8656
    20.975     17.90    0.0350         28    1.0185    1.1506    1.1983
    20.975     18.10   -0.1500        236    0.6969    0.7357    0.7662
    20.975     18.10   -0.0750        112    0.7064    0.7258    0.7767
    20.975     18.10   -0.0350         68    0.7559    0.7873    0.8540
    20.975     18.10   -0.0100         92    0.7873    0.7980    0.8311
    20.975     18.10    0.0100         24    0.8894    0.9138    0.9389
    20.975     18.10    0.0350        124    1.0324    1.1663    1.2147
    20.975     18.10    0.0750         72    1.3909    1.6815    2.3595
    20.975     18.10    0.1500         49    2.2655    2.7761    4.2255
    20.975     18.30   -0.1500        440    0.7457    0.7873    0.8425
    20.975     18.30   -0.0750        132    0.7258    0.7873    0.8425
    20.975     18.30   -0.0350         24    0.8311    0.8425    0.9015
    20.975     18.30    0.0100         36    0.8894    0.9015    0.9263
    20.975     18.30    0.0350         48    0.9912    1.0324    1.1047
    20.975     18.30    0.0750         28    1.3175    1.3722    1.4099
    20.975     18.30    0.1500         74    1.7751    2.4243    3.9487
    20.975     18.50   -0.1500        348    0.8089    0.8540    0.8774
    20.975     18.50   -0.0750         60    0.8311    0.8656    0.8656
    20.975     18.50   -0.0350         52    0.8656    0.8774    0.8894
    20.975     18.50    0.0750         36    1.0752    1.1198    1.1983
    20.975     18.50    0.1500         45    1.3909    1.6589    2.1460
    20.975     18.70   -0.1500        328    0.8656    0.9015    0.9263
    20.975     18.70   -0.0750        244    0.8894    0.9138    0.9389
    20.975     18.70   -0.0350         32    0.9138    0.9138    0.9517
    20.975     18.70   -0.0100         44    0.9263    0.9389    0.9647
    20.975     18.70    0.0100        480    0.9912    1.0048    1.0048
    20.975     18.70    0.0350        268    0.9912    1.0048    1.0048
    20.975     18.70    0.0750        104    1.0185    1.0185    1.0185
    20.975     18.70    0.1500         53    1.1506    1.1983    1.3175
    20.975     18.90   -0.1500        136    0.9138    0.9263    0.9389
    20.975     18.90   -0.0750        496    0.9389    0.9647    0.9779
    20.975     18.90   -0.0350        136    0.9517    0.9779    0.9779
    20.975     18.90   -0.0100         36    0.9647    0.9912    1.0048
    20.975     18.90    0.0100        284    1.0048    1.0048    1.0185
    20.975     18.90    0.0350        864    1.0048    1.0048    1.0185
    20.975     18.90    0.0750        404    1.0048    1.0048    1.0185
    20.975     18.90    0.1500         36    1.0752    1.1198    1.2312
    20.975     19.10   -0.0750        372    0.9647    0.9779    1.0048
    20.975     19.10   -0.0350        908    0.9912    1.0048    1.0185
    20.975     19.10   -0.0100        224    1.0048    1.0185    1.0324
    20.975     19.10    0.0100         84    1.0048    1.0185    1.0185
    20.975     19.10    0.0350         88    1.0048    1.0048    1.0185
    20.975     19.10    0.0750        296    1.0048    1.0048    1.0185
    20.975     19.30   -0.0750         44    1.0048    1.0048    1.0048
    20.975     19.30   -0.0350        584    1.0048    1.0185    1.0185
    20.975     19.30   -0.0100      24168    1.0185    1.0185    1.0185
    20.975     19.30    0.0100      18273    1.0185    1.0185    1.0185
    20.975     19.30    0.0350       1132    1.0185    1.0185    1.0185
    20.975     19.30    0.0750         88    1.0185    1.0324    1.0324
    20.975     19.50   -0.0100      36224    1.0185    1.0185    1.0185
    20.975     19.50    0.0100      32765    1.0185    1.0185    1.0185
    20.975     19.50    0.0350       1426    1.0185    1.0185    1.0185
    20.975     19.50    0.0750         96    1.0185    1.0185    1.0185
    21.025     17.50   -0.0350         24    0.7662    0.7662    0.7767
    21.025     17.70   -0.1500         80    0.7064    0.7357    0.7559
    21.025     17.70   -0.0750        172    0.7160    0.7357    0.7767
    21.025     17.70   -0.0350         52    0.7457    0.7662    0.8425
    21.025     17.70   -0.0100         36    0.8199    0.8656    0.8774
    21.025     17.70    0.0100         92    0.9015    0.9263    0.9647
    21.025     17.70    0.0350         28    1.0324    1.1506    1.1983
    21.025     17.70    0.0750         68    1.5502    1.7994    1.9255
    21.025     17.70    0.1500         41    2.0327    3.0113    3.6900
    21.025     17.90   -0.1500        176    0.7160    0.7559    0.8089
    21.025     17.90   -0.0750        100    0.7160    0.7357    0.8311
    21.025     17.90   -0.0350         48    0.7873    0.7980    0.8894
    21.025     17.90   -0.0100         28    0.8425    0.8656    0.8774
    21.025     17.90    0.0350         28    1.0324    1.0607    1.0899
    21.025     17.90    0.0750         40    1.3537    1.5928    1.5928
    21.025     17.90    0.1500         76    2.0886    2.7761    3.4483
    21.025     18.10   -0.1500        180    0.7873    0.8199    0.8540
    21.025     18.10   -0.0750         76    0.7873    0.8199    0.8311
    21.025     18.10   -0.0350         44    0.8425    0.8656    0.9015
    21.025     18.10    0.0750         20    1.1663    1.2650    1.2998
    21.025     18.10    0.1500         32    1.3355    1.6145    2.5249
    21.025     18.30   -0.1500        188    0.8425    0.8656    0.8894
    21.025     18.30   -0.0750       4080    0.9517    0.9647    0.9779
    21.025     18.30   -0.0350       4080    0.9517    0.9779    0.9779
    21.025     18.30   -0.0100        916    0.9389    0.9517    0.9647
    21.025     18.30    0.0100        372    0.9517    0.9647    0.9912
    21.025     18.30    0.0350        172    1.0324    1.0752    1.1351
    21.025     18.30    0.0750         56    1.0464    1.1663    1.3537
    21.025     18.30    0.1500         61    1.1983    1.3175    1.7994
    21.025     18.50   -0.1500        116    0.9015    0.9138    0.9389
    21.025     18.50   -0.0750       8676    0.9779    0.9912    0.9912
    21.025     18.50   -0.0350      43532    0.9912    1.0048    1.0048
    21.025     18.50   -0.0100     307032    1.0048    1.0185    1.0185
    21.025     18.50    0.0100     369544    1.0185    1.0185    1.0185
    21.025     18.50    0.0350        516    0.9912    1.0185    1.0607
    21.025     18.50    0.0750        201    1.0752    1.1198    1.2147
    21.025     18.70   -0.1500         44    0.9263    0.9389    0.9517
    21.025     18.70   -0.0750        268    0.9389    0.9647    1.0048
    21.025     18.70   -0.0350        208    0.9779    0.9912    1.0185
    21.025     18.70   -0.0100        932    0.9912    1.0048    1.0048
    21.025     18.70    0.0100       1596    0.9912    1.0048    1.0048
    21.025     18.70    0.0350        372    0.9912    1.0048    1.0048
    21.025     18.70    0.0750        164    1.0324    1.0464    1.0607
    21.025     18.90   -0.0750        396    0.9912    0.9912    1.0048
    21.025     18.90   -0.0350        388    1.0048    1.0185    1.0324
    21.025     18.90   -0.0100        504    1.0324    1.0324    1.0324
    21.025     18.90    0.0100        200    1.0324    1.0324    1.0324
    21.025     18.90    0.0350         88    1.0324    1.0324    1.0324
    21.025     18.90    0.1500         24    1.0607    1.0752    1.0899
    21.025     19.10   -0.0350        312    1.0185    1.0185    1.0324
    21.025     19.10   -0.0100      28860    1.0185    1.0185    1.0185
    21.025     19.10    0.0100      15064    1.0185    1.0185    1.0185
    21.025     19.10    0.0350       1306    1.0185    1.0185    1.0324
    21.025     19.10    0.0750        272    1.0324    1.0324    1.0324
    21.025     19.10    0.1500         32    1.0324    1.0324    1.0324
    21.025     19.30   -0.0100      25672    1.0185    1.0185    1.0185
    21.025     19.30    0.0100      14765    1.0185    1.0185    1.0185
    21.025     19.30    0.0350        912    1.0185    1.0185    1.0185
    21.025     19.30    0.0750        124    1.0185    1.0185    1.0324
    21.075     17.30   -0.0750         44    0.7357    0.7457    0.7559
    21.075     17.30   -0.0350         56    0.8199    0.8425    0.8425
    21.075     17.30   -0.0100         40    0.8311    0.8425    0.9263
    21.075     17.30    0.0350         96    1.2147    1.2480    1.2998
    21.075     17.30    0.1500         40    2.4243    2.4909    2.9707
    21.075     17.50   -0.1500         68    0.7457    0.7767    0.8199
    21.075     17.50   -0.0750        108    0.7357    0.7767    0.8311
    21.075     17.50   -0.0350         28    0.7767    0.7980    0.7980
    21.075     17.50    0.0350         56    1.0607    1.0752    1.1983
    21.075     17.50    0.0750         44    1.1663    1.5087    2.0054
    21.075     17.50    0.1500         48    1.8740    2.5943    4.2831
    21.075     17.70   -0.1500        124    0.7662    0.8311    0.8540
    21.075     17.70   -0.0750         68    0.7457    0.8199    0.8894
    21.075     17.70   -0.0350         36    0.7767    0.8656    0.8774
    21.075     17.70    0.0350         20    0.9779    1.0185    1.0324
    21.075     17.70    0.1500         36    1.4884    1.8740    3.2224
    21.075     17.90   -0.1500        296    0.8425    0.8774    0.9015
    21.075     17.90   -0.0750        756    0.8656    0.8656    0.9015
    21.075     17.90   -0.0350        292    0.8540    0.8656    0.9015
    21.075     17.90   -0.0100        184    0.8774    0.8894    0.9015
    21.075     17.90    0.0100        140    0.9263    0.9517    1.0185
    21.075     17.90    0.0350         80    1.0464    1.2147    1.3722
    21.075     17.90    0.0750         32    1.1047    1.1198    1.8488
    21.075     17.90    0.1500         44    1.2480    1.4486    2.2655
    21.075     18.10   -0.1500        944    0.9015    0.9138    0.9263
    21.075     18.10   -0.0750       4576    0.9015    0.9263    0.9517
    21.075     18.10   -0.0350       2836    0.9015    0.9647    0.9779
    21.075     18.10   -0.0100        920    0.9015    0.9138    0.9517
    21.075     18.10    0.0100        604    0.9263    0.9647    0.9912
    21.075     18.10    0.0350        440    1.0324    1.0752    1.2480
    21.075     18.10    0.0750        196    1.1983    1.4291    1.7277
    21.075     18.10    0.1500         20    1.1663    1.2312    1.2480
    21.075     18.30   -0.1500        312    0.9389    0.9389    0.9517
    21.075     18.30   -0.0750       4932    0.9389    0.9517    0.9647
    21.075     18.30   -0.0350      10912    0.9647    0.9779    0.9912
    21.075     18.30   -0.0100      95240    1.0185    1.0185    1.0185
    21.075     18.30    0.0100     127794    1.0185    1.0185    1.0185
    21.075     18.30    0.0350        340    1.0324    1.0752    1.1822
    21.075     18.30    0.0750        150    1.1198    1.2823    1.5293
    21.075     18.50   -0.0750        264    0.9647    0.9779    0.9912
    21.075     18.50   -0.0350        112    1.0048    1.0185    1.0324
    21.075     18.50   -0.0100     137812    1.0185    1.0185    1.0185
    21.075     18.50    0.0100     218536    1.0185    1.0185    1.0185
    21.075     18.50    0.0350         52    1.0324    1.0464    1.0464
    21.075     18.50    0.1500         40    1.0607    1.0899    1.1351
    21.075     18.70   -0.0750        112    1.0185    1.0185    1.0185
    21.075     18.70   -0.0350        664    1.0185    1.0324    1.0324
    21.075     18.70   -0.0100       1768    1.0324    1.0324    1.0324
    21.075     18.70    0.0100        948    1.0324    1.0324    1.0324
    21.075     18.70    0.0350        196    1.0324    1.0324    1.0464
    21.075     18.70    0.0750        100    1.0324    1.0464    1.0607
    21.075     18.70    0.1500         44    1.0752    1.0752    1.1047
    21.075     18.90   -0.0350         96    1.0324    1.0324    1.0324
    21.075     18.90   -0.0100      34528    1.0185    1.0324    1.0324
    21.075     18.90    0.0100       9882    1.0324    1.0324    1.0324
    21.075     18.90    0.0350       2052    1.0324    1.0324    1.0324
    21.075     18.90    0.0750        241    1.0324    1.0324    1.0464
    21.075     18.90    0.1500         65    1.0324    1.0464    1.0464
    21.075     19.10   -0.0100      12940    1.0185    1.0185    1.0185
    21.075     19.10    0.0100       5993    1.0185    1.0185    1.0324
    21.075     19.10    0.0350        448    1.0185    1.0185    1.0324
    21.075     19.10    0.0750         44    1.0324    1.0324    1.0324
    21.125     16.90    0.0100         28    1.0048    1.0048    1.0324
    21.125     17.10   -0.0750         76    0.7873    0.7980    0.8540
    21.125     17.10   -0.0100         52    0.9138    0.9263    0.9389
    21.125     17.10    0.0100         20    0.9263    0.9389    0.9647
    21.125     17.10    0.0350         48    1.0752    1.1663    1.2650
    21.125     17.10    0.0750         28    1.3175    1.7044    1.7044
    21.125     17.10    0.1500         44    2.1753    2.9707    3.0113
    21.125     17.30   -0.1500         40    0.7767    0.7873    0.7980
    21.125     17.30   -0.0750         48    0.7980    0.8199    0.9015
    21.125     17.30   -0.0100         32    0.8540    0.8540    0.8894
    21.125     17.30    0.0100         28    0.9912    1.0048    1.0324
    21.125     17.30    0.0750         48    1.1983    1.2650    1.7513
    21.125     17.30    0.1500         52    1.4291    2.4243    4.0026
    21.125     17.30    0.6000         21    2.7388    3.7403    4.2255
    21.125     17.50   -0.1500        116    0.8199    0.8540    0.8774
    21.125     17.50   -0.0750        232    0.7980    0.8089    0.8425
    21.125     17.50   -0.0350        192    0.8089    0.8311    0.9015
    21.125     17.50   -0.0100         84    0.8311    0.8425    0.8774
    21.125     17.50    0.0100         60    0.9015    0.9389    1.0185
    21.125     17.50    0.0350         44    1.1047    1.2650    1.5713
    21.125     17.50    0.1500         24    1.2480    1.3537    2.0605
    21.125     17.50    0.6000         32    1.9518    2.0054    2.7388
    21.125     17.70   -0.1500        400    0.8425    0.8656    0.9015
    21.125     17.70   -0.0750       1192    0.8311    0.8656    0.9263
    21.125     17.70   -0.0350        512    0.8199    0.8425    0.8774
    21.125     17.70   -0.0100        260    0.8425    0.8774    0.9015
    21.125     17.70    0.0100        272    0.9138    0.9389    0.9912
    21.125     17.70    0.0350        260    1.0185    1.0899    1.3722
    21.125     17.70    0.0750        152    1.3175    1.8239    2.3277
    21.125     17.90   -0.1500        568    0.8656    0.8894    0.9138
    21.125     17.90   -0.0750       2512    0.8774    0.9263    0.9647
    21.125     17.90   -0.0350       1620    0.9015    0.9647    1.0048
    21.125     17.90   -0.0100        412    0.8774    0.9263    1.0048
    21.125     17.90    0.0100        292    0.9263    0.9779    0.9912
    21.125     17.90    0.0350        276    1.0464    1.0752    1.1983
    21.125     17.90    0.0750        266    1.1198    1.2998    1.7994
    21.125     17.90    0.1500         32    1.1983    1.1983    1.3175
    21.125     17.90    0.6000         22    1.2823    1.4486    1.4684
    21.125     18.10   -0.0750        864    0.9517    0.9647    0.9779
    21.125     18.10   -0.0350       3428    0.9779    1.0048    1.0185
    21.125     18.10   -0.0100      57272    1.0185    1.0185    1.0185
    21.125     18.10    0.0100      48362    1.0185    1.0185    1.0185
    21.125     18.10    0.0350        504    1.0185    1.0185    1.0324
    21.125     18.10    0.0750         49    1.0752    1.1351    1.2147
    21.125     18.10    0.1500         32    1.0899    1.1198    1.1663
    21.125     18.30   -0.0750        184    0.9912    1.0048    1.0185
    21.125     18.30   -0.0350        244    1.0048    1.0324    1.0324
    21.125     18.30   -0.0100      77416    1.0185    1.0185    1.0185
    21.125     18.30    0.0100      90910    1.0185    1.0185    1.0185
    21.125     18.30    0.0350        160    1.0185    1.0185    1.0464
    21.125     18.30    0.0750         44    1.0607    1.0607    1.0752
    21.125     18.30    0.1500         20    1.0752    1.1047    1.1198
    21.125     18.50   -0.0350        304    1.0324    1.0464    1.0464
    21.125     18.50   -0.0100       8132    1.0324    1.0324    1.0324
    21.125     18.50    0.0100       2505    1.0324    1.0324    1.0324
    21.125     18.50    0.0350        796    1.0324    1.0324    1.0464
    21.125     18.50    0.0750        217    1.0464    1.0464    1.0607
    21.125     18.50    0.1500         68    1.0464    1.0607    1.0752
    21.125     18.50    0.6000         21    1.1047    1.1047    1.1198
    21.125     18.70   -0.0100      29496    1.0324    1.0324    1.0324
    21.125     18.70    0.0100       8460    1.0324    1.0324    1.0324
    21.125     18.70    0.0350       1745    1.0324    1.0324    1.0324
    21.125     18.70    0.0750        232    1.0324    1.0324    1.0464
    21.125     18.70    0.1500         60    1.0464    1.0607    1.0607
    21.125     18.90   -0.0100       3368    1.0185    1.0324    1.0324
    21.125     18.90    0.0100       1264    1.0324    1.0324    1.0324
    21.175     16.70    0.1500         32    2.0054    2.0054    2.7019
    21.175     16.90   -0.0750         36    0.8425    0.8540    0.8540
    21.175     16.90   -0.0350         72    0.8311    0.8425    0.9015
    21.175     16.90    0.0100         32    1.0048    1.0185    1.0607
    21.175     16.90    0.0350         20    1.0185    1.0752    1.0899
    21.175     16.90    0.0750         76    1.2998    1.3537    1.7044
    21.175     16.90    0.1500         80    1.9518    2.1460    3.2224
    21.175     16.90    0.6000         26    3.1790    4.7736    5.4663
    21.175     17.10   -0.0750        108    0.7980    0.8311    0.8894
    21.175     17.10   -0.0350         60    0.8089    0.8199    0.8540
    21.175     17.10   -0.0100         24    0.8774    0.8774    0.9647
    21.175     17.10    0.0100         32    0.9389    0.9389    0.9779
    21.175     17.10    0.6000         25    2.3277    3.5430    4.1686
    21.175     17.30   -0.1500         48    0.8540    0.8656    0.8894
    21.175     17.30   -0.0750        436    0.7873    0.8199    0.8656
    21.175     17.30   -0.0350        292    0.7980    0.8089    0.8656
    21.175     17.30   -0.0100        128    0.8540    0.8656    0.9015
    21.175     17.30    0.0100        144    0.8894    0.9138    0.9263
    21.175     17.30    0.0350        136    1.0464    1.0899    1.3722
    21.175     17.30    0.0750        108    1.2312    1.7277    2.2350
    21.175     17.30    0.1500         52    1.4884    2.6297    3.0113
    21.175     17.50   -0.1500        180    0.8311    0.8540    0.8656
    21.175     17.50   -0.0750       1080    0.8311    0.8894    0.9263
    21.175     17.50   -0.0350        420    0.7980    0.9015    0.9779
    21.175     17.50   -0.0100        196    0.8540    0.8894    0.9389
    21.175     17.50    0.0100        124    0.9263    0.9517    0.9912
    21.175     17.50    0.0350        192    1.0324    1.0899    1.2312
    21.175     17.50    0.0750        196    1.1663    1.5502    2.2049
    21.175     17.50    0.1500         57    1.2998    1.5928    2.8913
    21.175     17.70   -0.1500         48    0.8894    0.9015    0.9138
    21.175     17.70   -0.0750       1020    0.9138    0.9517    0.9779
    21.175     17.70   -0.0350       1168    0.9647    1.0048    1.0185
    21.175     17.70   -0.0100        184    0.9779    1.0048    1.0324
    21.175     17.70    0.0100        132    0.9779    1.0048    1.0464
    21.175     17.70    0.0350         92    1.0324    1.0324    1.0607
    21.175     17.70    0.0750        108    1.0899    1.1351    1.3909
    21.175     17.70    0.1500         57    1.1822    1.2823    1.3909
    21.175     17.90   -0.0750        184    0.9647    0.9912    1.0048
    21.175     17.90   -0.0350       1476    0.9912    1.0185    1.0324
    21.175     17.90   -0.0100      46996    1.0324    1.0324    1.0324
    21.175     17.90    0.0100      28430    1.0324    1.0324    1.0324
    21.175     17.90    0.0350       1012    1.0324    1.0324    1.0324
    21.175     17.90    0.0750        200    1.0324    1.0464    1.0899
    21.175     18.10   -0.0750         72    1.0185    1.0324    1.0324
    21.175     18.10   -0.0350        212    1.0324    1.0464    1.0464
    21.175     18.10   -0.0100      42928    1.0185    1.0185    1.0324
    21.175     18.10    0.0100      37094    1.0185    1.0324    1.0324
    21.175     18.10    0.0350        721    1.0324    1.0324    1.0324
    21.175     18.10    0.0750         36    1.0324    1.0899    1.1047
    21.175     18.10    0.1500         40    1.0899    1.1047    1.1351
    21.175     18.30   -0.0350        108    1.0324    1.0464    1.0464
    21.175     18.30   -0.0100      16700    1.0324    1.0464    1.0464
    21.175     18.30    0.0100       2945    1.0464    1.0464    1.0464
    21.175     18.30    0.0350       1712    1.0464    1.0464    1.0464
    21.175     18.30    0.0750        216    1.0607    1.0607    1.0607
    21.175     18.30    0.1500         98    1.0607    1.0607    1.0752
    21.175     18.50   -0.0100      19216    1.0324    1.0324    1.0324
    21.175     18.50    0.0100       3984    1.0324    1.0324    1.0464
    21.175     18.50    0.0350        936    1.0324    1.0464    1.0464
    21.175     18.50    0.0750        132    1.0464    1.0464    1.0464
    21.175     18.50    0.1500         52    1.0464    1.0464    1.0607
    21.175     18.70   -0.0100        104    1.0324    1.0324    1.0324
    21.225     16.50    0.0750         36    1.3722    1.4099    1.4486
    21.225     16.50    0.6000         20    3.0113    4.1125    4.1125
    21.225     16.70   -0.0750         24    0.9015    0.9015    0.9389
    21.225     16.70   -0.0350         40    0.9015    0.9138    0.9647
    21.225     16.70   -0.0100         32    0.9138    0.9263    1.0185
    21.225     16.70    0.0350         44    1.1198    1.1983    1.2480
    21.225     16.70    0.0750         36    1.1983    1.3722    1.6589
    21.225     16.70    0.1500         48    1.8996    2.0054    2.4574
    21.225     16.90   -0.0750         84    0.8089    0.8199    0.8774
    21.225     16.90   -0.0350        132    0.7980    0.8540    0.9015
    21.225     16.90   -0.0100         64    0.8540    0.8656    1.0048
    21.225     16.90    0.0100         56    0.9389    0.9517    1.0048
    21.225     16.90    0.0350        112    1.0607    1.1198    1.1983
    21.225     16.90    0.0750         48    1.3537    1.5713    2.0327
    21.225     16.90    0.1500         48    1.3722    1.9784    3.4953
    21.225     17.10   -0.0750        536    0.7980    0.8540    0.9263
    21.225     17.10   -0.0350        272    0.8199    0.8425    0.9263
    21.225     17.10   -0.0100        156    0.8311    0.8894    0.9263
    21.225     17.10    0.0100        108    0.9263    0.9517    0.9912
    21.225     17.10    0.0350        136    1.0324    1.0899    1.2147
    21.225     17.10    0.0750        160    1.2823    1.5928    1.9255
    21.225     17.10    0.1500         63    1.5502    2.4574    3.2663
    21.225     17.30   -0.0750        640    0.8774    0.9263    0.9647
    21.225     17.30   -0.0350        272    0.9263    0.9647    0.9779
    21.225     17.30   -0.0100         56    0.9263    0.9389    0.9647
    21.225     17.30    0.0100         92    0.9647    1.0324    1.0464
    21.225     17.30    0.0350         52    1.0324    1.0607    1.0752
    21.225     17.30    0.0750        424    1.0464    1.0464    1.1506
    21.225     17.30    0.1500         87    1.2312    1.4099    1.8740
    21.225     17.50   -0.0750        556    0.9517    0.9912    1.0048
    21.225     17.50   -0.0350        708    0.9912    1.0185    1.0464
    21.225     17.50   -0.0100        588    1.0324    1.0464    1.0464
    21.225     17.50    0.0100        340    1.0464    1.0464    1.0464
    21.225     17.50    0.0350        144    1.0464    1.0607    1.0607
    21.225     17.50    0.0750        352    1.0464    1.0464    1.0464
    21.225     17.50    0.1500         86    1.1047    1.1663    1.2480
    21.225     17.50    0.6000         29    1.1822    1.3175    1.4099
    21.225     17.70   -0.0750         52    0.9912    1.0185    1.0324
    21.225     17.70   -0.0350        644    1.0185    1.0324    1.0324
    21.225     17.70   -0.0100      48336    1.0324    1.0324    1.0324
    21.225     17.70    0.0100      15234    1.0324    1.0324    1.0464
    21.225     17.70    0.0350       1392    1.0324    1.0464    1.0464
    21.225     17.70    0.0750        286    1.0464    1.0464    1.0899
    21.225     17.70    0.1500         60    1.0752    1.1047    1.1506
    21.225     17.90   -0.0350        180    1.0185    1.0607    1.0607
    21.225     17.90   -0.0100      28092    1.0324    1.0324    1.0324
    21.225     17.90    0.0100      11793    1.0324    1.0324    1.0324
    21.225     17.90    0.0350        653    1.0324    1.0607    1.0607
    21.225     17.90    0.0750        288    1.0324    1.0607    1.0752
    21.225     17.90    0.1500         84    1.0752    1.0899    1.1198
    21.225     17.90    0.6000         21    1.1198    1.1506    1.1822
    21.225     18.10   -0.0350         24    1.0464    1.0464    1.0464
    21.225     18.10   -0.0100      19492    1.0464    1.0464    1.0464
    21.225     18.10    0.0100       4205    1.0464    1.0464    1.0464
    21.225     18.10    0.0350       1153    1.0464    1.0464    1.0607
    21.225     18.10    0.0750        296    1.0607    1.0607    1.0752
    21.225     18.10    0.1500         60    1.0752    1.0752    1.0899
    21.225     18.30   -0.0100       8220    1.0464    1.0464    1.0464
    21.225     18.30    0.0100        836    1.0464    1.0464    1.0464
    21.225     18.30    0.0350        224    1.0464    1.0464    1.0464
    21.275     16.30    0.0750         28    1.4486    1.4684    1.5087
    21.275     16.30    0.1500         20    1.9518    2.3277    2.4574
    21.275     16.50   -0.0350         32    0.8656    0.8656    1.0048
    21.275     16.50    0.0100         84    1.0048    1.0324    1.0752
    21.275     16.50    0.0750         80    1.3175    1.3722    1.4291
    21.275     16.50    0.1500         60    1.7277    2.2964    2.4909
    21.275     16.50    0.6000         57    2.5943    3.8431    4.2831
    21.275     16.70   -0.0750         40    0.8425    0.8656    0.8894
    21.275     16.70   -0.0350        156    0.8425    0.8894    0.9517
    21.275     16.70   -0.0100        216    0.9389    1.0324    1.0324
    21.275     16.70    0.0100       1096    1.0185    1.0324    1.0324
    21.275     16.70    0.0350        200    1.0464    1.0464    1.1822
    21.275     16.70    0.0750        120    1.0899    1.3175    1.5087
    21.275     16.70    0.1500         93    1.8488    2.4574    3.1790
    21.275     16.70    0.6000         20    1.7277    2.7019    2.7388
    21.275     16.90   -0.0750        308    0.8425    0.8894    0.9389
    21.275     16.90   -0.0350        252    0.8540    0.9138    0.9912
    21.275     16.90   -0.0100        140    0.8774    0.9263    0.9912
    21.275     16.90    0.0100       1740    1.0324    1.0324    1.0464
    21.275     16.90    0.0350        804    1.0324    1.0324    1.0464
    21.275     16.90    0.0750        352    1.0464    1.0607    1.2650
    21.275     16.90    0.1500         95    1.5087    2.1171    3.0940
    21.275     16.90    0.6000         25    1.6145    1.6815    1.8740
    21.275     17.10   -0.0750        336    0.9138    0.9647    0.9912
    21.275     17.10   -0.0350        296    0.9389    0.9912    1.0464
    21.275     17.10   -0.0100         72    1.0185    1.0324    1.0607
    21.275     17.10    0.0100        108    0.9912    1.0324    1.0607
    21.275     17.10    0.0350        812    1.0324    1.0464    1.0464
    21.275     17.10    0.0750        372    1.0464    1.0464    1.0464
    21.275     17.10    0.1500         81    1.2147    1.3175    1.6589
    21.275     17.30   -0.0750         56    0.9779    0.9912    0.9912
    21.275     17.30   -0.0350        800    1.0048    1.0324    1.0464
    21.275     17.30   -0.0100       4356    1.0464    1.0464    1.0464
    21.275     17.30    0.0100       1725    1.0464    1.0464    1.0607
    21.275     17.30    0.0350        448    1.0464    1.0607    1.0752
    21.275     17.30    0.0750        184    1.0464    1.0899    1.1198
    21.275     17.30    0.1500         96    1.0899    1.1351    1.1983
    21.275     17.50   -0.0350        236    1.0324    1.0464    1.0464
    21.275     17.50   -0.0100      43440    1.0464    1.0464    1.0464
    21.275     17.50    0.0100       9941    1.0464    1.0464    1.0464
    21.275     17.50    0.0350       1650    1.0464    1.0464    1.0607
    21.275     17.50    0.0750        293    1.0607    1.0607    1.0899
    21.275     17.50    0.1500        117    1.0752    1.1047    1.1822
    21.275     17.70   -0.0350         28    1.0464    1.0464    1.0607
    21.275     17.70   -0.0100      16892    1.0324    1.0464    1.0607
    21.275     17.70    0.0100       5601    1.0324    1.0607    1.0607
    21.275     17.70    0.0350       1372    1.0607    1.0607    1.0752
    21.275     17.70    0.0750        288    1.0752    1.0752    1.0899
    21.275     17.70    0.1500        102    1.0752    1.1047    1.1198
    21.275     17.70    0.6000         30    1.1198    1.1198    1.1663
    21.275     17.90   -0.0100      15168    1.0464    1.0607    1.0607
    21.275     17.90    0.0100       2517    1.0464    1.0607    1.0607
    21.275     17.90    0.0350        872    1.0607    1.0607    1.0607
    21.275     17.90    0.0750        145    1.0607    1.0752    1.0752
    21.275     17.90    0.1500         24    1.0752    1.0752    1.1047
    21.275     18.10   -0.0100       1104    1.0464    1.0607    1.0607
    21.325     16.10    0.1500         24    1.7994    1.8239    2.1753
    21.325     16.10    0.6000         44    2.8524    3.0524    4.7736
    21.325     16.30   -0.0750        292    0.9647    0.9779    0.9779
    21.325     16.30   -0.0350        544    0.9517    0.9647    0.9779
    21.325     16.30   -0.0100        324    0.9517    0.9647    0.9779
    21.325     16.30    0.0100         84    0.9779    0.9912    1.0464
    21.325     16.30    0.0350         84    1.1506    1.1822    1.2147
    21.325     16.30    0.0750         56    1.3722    1.5087    1.7277
    21.325     16.30    0.1500         40    1.7044    1.7751    2.1460
    21.325     16.30    0.6000         57    2.2964    2.8913    3.4953
    21.325     16.50   -0.0750       1512    0.9779    0.9912    1.0048
    21.325     16.50   -0.0350      19632    1.0048    1.0185    1.0185
    21.325     16.50   -0.0100     199272    1.0464    1.0464    1.0464
    21.325     16.50    0.0100     212490    1.0464    1.0464    1.0464
    21.325     16.50    0.0350        832    1.0752    1.1351    1.2312
    21.325     16.50    0.0750        210    1.2998    1.4684    1.7513
    21.325     16.50    0.1500        111    1.5502    2.2655    2.7761
    21.325     16.50    0.6000         26    1.5713    2.2655    2.9707
    21.325     16.70   -0.0750        104    0.8894    0.9389    0.9517
    21.325     16.70   -0.0350      11696    1.0324    1.0324    1.0324
    21.325     16.70   -0.0100     517020    1.0464    1.0464    1.0464
    21.325     16.70    0.0100     588692    1.0464    1.0464    1.0464
    21.325     16.70    0.0350        552    1.0464    1.0752    1.1198
    21.325     16.70    0.0750        210    1.1047    1.1663    1.2312
    21.325     16.70    0.1500         88    1.3175    1.4291    2.6297
    21.325     16.70    0.6000         25    1.4884    1.7513    2.0605
    21.325     16.90   -0.0750         64    0.9517    0.9647    1.0048
    21.325     16.90   -0.0350        284    0.9779    1.0324    1.0464
    21.325     16.90   -0.0100        188    0.9912    1.0324    1.0752
    21.325     16.90    0.0100         72    0.9779    1.0752    1.1047
    21.325     16.90    0.0350         80    1.0185    1.0899    1.1351
    21.325     16.90    0.0750         36    1.0185    1.1351    1.2480
    21.325     16.90    0.1500        100    1.1822    1.2480    1.3722
    21.325     16.90    0.6000         35    1.2823    1.3909    1.4684
    21.325     17.10   -0.0350        364    1.0185    1.0607    1.0752
    21.325     17.10   -0.0100      11652    1.0607    1.0607    1.0607
    21.325     17.10    0.0100       3664    1.0607    1.0607    1.0607
    21.325     17.10    0.0350       1141    1.0607    1.0607    1.0752
    21.325     17.10    0.0750        248    1.0607    1.0752    1.1351
    21.325     17.10    0.1500         84    1.1047    1.1506    1.2312
    21.325     17.30   -0.0350         32    1.0607    1.0607    1.0607
    21.325     17.30   -0.0100      31868    1.0464    1.0464    1.0607
    21.325     17.30    0.0100       7697    1.0464    1.0607    1.0752
    21.325     17.30    0.0350       1641    1.0607    1.0607    1.0899
    21.325     17.30    0.0750        372    1.0607    1.0899    1.1047
    21.325     17.30    0.1500        134    1.0899    1.1351    1.1506
    21.325     17.30    0.6000         33    1.1822    1.2312    1.2312
    21.325     17.50   -0.0100      12560    1.0607    1.0752    1.0752
    21.325     17.50    0.0100       3840    1.0607    1.0752    1.0752
    21.325     17.50    0.0350       1269    1.0752    1.0752    1.0752
    21.325     17.50    0.0750        244    1.0899    1.0899    1.1047
    21.325     17.50    0.1500         52    1.1047    1.1198    1.1351
    21.325     17.70   -0.0100       6500    1.0607    1.0607    1.0752
    21.325     17.70    0.0100        596    1.0607    1.0607    1.0607
    21.325     17.70    0.0350        280    1.0607    1.0752    1.0752
    21.325     17.70    0.0750         24    1.0899    1.0899    1.0899
    21.375     15.90    0.1500         44    1.7513    2.0327    2.1171
    21.375     15.90    0.6000         35    2.6655    3.1362    4.6459
    21.375     16.10   -0.0750        504    0.9138    0.9389    0.9779
    21.375     16.10   -0.0350       1388    0.9015    0.9389    0.9912
    21.375     16.10   -0.0100        460    0.9263    0.9389    0.9912
    21.375     16.10    0.0100        428    0.9779    1.0324    1.0752
    21.375     16.10    0.0350        268    1.0899    1.1822    1.4684
    21.375     16.10    0.0750        141    1.2650    1.3909    2.0886
    21.375     16.10    0.1500         96    1.5713    1.9255    2.0605
    21.375     16.10    0.6000         49    2.4574    3.0524    4.9047
    21.375     16.30   -0.0750       1500    0.9517    0.9647    0.9779
    21.375     16.30   -0.0350       6176    0.9517    1.0048    1.0324
    21.375     16.30   -0.0100      78832    1.0607    1.0607    1.0607
    21.375     16.30    0.0100      44667    1.0607    1.0607    1.0607
    21.375     16.30    0.0350       1052    1.0607    1.1198    1.2998
    21.375     16.30    0.0750        317    1.1822    1.3175    1.7994
    21.375     16.30    0.1500        140    1.6145    2.1460    3.4019
    21.375     16.30    0.6000         38    1.8488    2.6655    3.1362
    21.375     16.50   -0.0350        812    1.0048    1.0185    1.0324
    21.375     16.50   -0.0100     118452    1.0464    1.0464    1.0464
    21.375     16.50    0.0100     120562    1.0464    1.0464    1.0607
    21.375     16.50    0.0350        133    1.0185    1.0899    1.1198
    21.375     16.50    0.0750         77    1.1351    1.1983    1.2650
    21.375     16.50    0.1500         60    1.2823    1.4099    1.5502
    21.375     16.50    0.6000         42    1.3909    1.7044    1.7994
    21.375     16.70   -0.0350        176    1.0048    1.0607    1.0607
    21.375     16.70   -0.0100        280    1.0324    1.0607    1.0899
    21.375     16.70    0.0100        224    1.0185    1.0899    1.1047
    21.375     16.70    0.0350        116    1.0899    1.1198    1.1351
    21.375     16.70    0.0750        124    1.0607    1.1506    1.1822
    21.375     16.70    0.1500         44    1.2147    1.2823    1.3355
    21.375     16.70    0.6000         20    1.2650    1.4291    1.5087
    21.375     16.90   -0.0350         56    1.0607    1.0607    1.0607
    21.375     16.90   -0.0100      16100    1.0607    1.0752    1.0752
    21.375     16.90    0.0100       5802    1.0607    1.0752    1.0752
    21.375     16.90    0.0350       1608    1.0752    1.0752    1.0899
    21.375     16.90    0.0750        389    1.0899    1.1047    1.1351
    21.375     16.90    0.1500        188    1.1198    1.1663    1.1983
    21.375     16.90    0.6000         27    1.1822    1.2480    1.2998
    21.375     17.10   -0.0100      20960    1.0607    1.0607    1.0899
    21.375     17.10    0.0100       6694    1.0607    1.0899    1.0899
    21.375     17.10    0.0350       1457    1.0607    1.0899    1.0899
    21.375     17.10    0.0750        393    1.1047    1.1047    1.1198
    21.375     17.10    0.1500        128    1.1198    1.1351    1.1506
    21.375     17.10    0.6000         20    1.1822    1.1822    1.2480
    21.375     17.30   -0.0100       9700    1.0752    1.0752    1.0899
    21.375     17.30    0.0100       2128    1.0752    1.0752    1.0899
    21.375     17.30    0.0350        684    1.0752    1.0899    1.0899
    21.375     17.30    0.0750        164    1.1047    1.1047    1.1198
    21.375     17.50   -0.0100       1132    1.0752    1.0752    1.0752
    21.425     15.70   -0.0350         48    0.8894    0.9015    0.9015
    21.425     15.70   -0.0100         44    0.9263    0.9389    0.9389
    21.425     15.70    0.0100         44    0.9389    0.9389    1.0607
    21.425     15.70    0.0350         80    1.1047    1.1351    1.1351
    21.425     15.70    0.0750         36    1.4884    1.6589    1.6589
    21.425     15.70    0.1500         32    1.5087    1.5502    1.8996
    21.425     15.70    0.6000         48    2.5594    3.5430    3.6900
    21.425     15.90   -0.0750        168    0.9015    0.9389    0.9517
    21.425     15.90   -0.0350       1268    0.8894    0.9517    1.0048
    21.425     15.90   -0.0100        548    0.9015    0.9263    1.0185
    21.425     15.90    0.0100        336    0.9647    0.9912    1.0464
    21.425     15.90    0.0350        372    1.0899    1.1822    1.3722
    21.425     15.90    0.0750        357    1.2480    1.5928    2.0054
    21.425     15.90    0.1500         97    1.7994    2.0054    2.6655
    21.425     15.90    0.6000         65    2.3917    2.7019    4.2831
    21.425     16.10   -0.0750        304    0.9015    0.9389    0.9779
    21.425     16.10   -0.0350       1940    0.9517    1.0185    1.0464
    21.425     16.10   -0.0100      54572    1.0607    1.0607    1.0607
    21.425     16.10    0.0100      16555    1.0607    1.0607    1.0752
    21.425     16.10    0.0350       1073    1.0752    1.0752    1.1198
    21.425     16.10    0.0750        442    1.1047    1.2147    1.5502
    21.425     16.10    0.1500        132    1.4486    1.7513    2.5249
    21.425     16.10    0.6000         46    1.6815    2.1171    4.0572
    21.425     16.30   -0.0350        140    1.0324    1.0464    1.0464
    21.425     16.30   -0.0100      59020    1.0607    1.0607    1.0607
    21.425     16.30    0.0100      21319    1.0607    1.0607    1.0607
    21.425     16.30    0.0350        489    1.0607    1.0607    1.0752
    21.425     16.30    0.0750        169    1.0752    1.1822    1.2480
    21.425     16.30    0.1500         80    1.1506    1.2650    1.4884
    21.425     16.30    0.6000         37    1.4291    1.6589    1.9255
    21.425     16.50   -0.0100       1940    1.0752    1.0899    1.0899
    21.425     16.50    0.0100       2441    1.0899    1.0899    1.0899
    21.425     16.50    0.0350        628    1.0899    1.1047    1.1351
    21.425     16.50    0.0750        289    1.1047    1.1198    1.1663
    21.425     16.50    0.1500        144    1.1506    1.2147    1.2998
    21.425     16.50    0.6000         38    1.2312    1.3355    1.5502
    21.425     16.70   -0.0100      16840    1.0752    1.0752    1.0899
    21.425     16.70    0.0100       9129    1.0752    1.0899    1.1047
    21.425     16.70    0.0350       1858    1.0899    1.0899    1.1198
    21.425     16.70    0.0750        580    1.1047    1.1198    1.1506
    21.425     16.70    0.1500        156    1.1663    1.1822    1.2147
    21.425     16.70    0.6000         33    1.2650    1.2823    1.3355
    21.425     16.90   -0.0100      11228    1.0752    1.0752    1.1047
    21.425     16.90    0.0100       5716    1.0899    1.1047    1.1047
    21.425     16.90    0.0350        828    1.1047    1.1047    1.1047
    21.425     16.90    0.0750        248    1.1198    1.1198    1.1351
    21.425     16.90    0.1500         20    1.1663    1.1663    1.1663
    21.425     17.10   -0.0100       3908    1.0899    1.0899    1.1047
    21.425     17.10    0.0100        592    1.0899    1.0899    1.1047
    21.425     17.10    0.0350        132    1.0899    1.1047    1.1047
    21.425     17.10    0.0750         20    1.1047    1.1047    1.1047
    21.425     17.30   -0.0100         32    1.0899    1.0899    1.0899
    21.475     15.50   -0.0350         52    0.9263    0.9389    0.9912
    21.475     15.50   -0.0100        132    0.9263    0.9517    0.9647
    21.475     15.50    0.0100         68    1.0185    1.0324    1.0464
    21.475     15.50    0.0350         64    1.0607    1.1351    1.1983
    21.475     15.50    0.0750        112    1.4291    1.5087    2.0327
    21.475     15.50    0.1500         34    1.6365    2.1171    3.0940
    21.475     15.50    0.6000         24    2.2655    3.2224    3.7914
    21.475     15.70   -0.0350        712    0.9138    0.9647    1.0464
    21.475     15.70   -0.0100        528    0.9389    1.0185    1.0899
    21.475     15.70    0.0100        388    0.9647    1.0048    1.0899
    21.475     15.70    0.0350        256    1.1198    1.1506    1.3175
    21.475     15.70    0.0750        532    1.1198    1.2147    1.7277
    21.475     15.70    0.1500        217    1.4884    1.7751    2.2964
    21.475     15.70    0.6000        110    2.1460    2.3917    3.4953
    21.475     15.90   -0.0350        672    0.9912    1.0324    1.0607
    21.475     15.90   -0.0100      41196    1.0752    1.0752    1.0752
    21.475     15.90    0.0100      12014    1.0752    1.0752    1.0899
    21.475     15.90    0.0350       1128    1.0899    1.0899    1.1047
    21.475     15.90    0.0750        436    1.1047    1.1198    1.2480
    21.475     15.90    0.1500        239    1.3355    1.5087    1.8488
    21.475     15.90    0.6000         45    1.5502    2.1460    2.9308
    21.475     16.10   -0.0100      27244    1.0607    1.0752    1.0752
    21.475     16.10    0.0100       5201    1.0752    1.0752    1.0752
    21.475     16.10    0.0350        449    1.0752    1.0752    1.1351
    21.475     16.10    0.0750        223    1.0899    1.1198    1.2312
    21.475     16.10    0.1500        117    1.2312    1.2998    1.3909
    21.475     16.10    0.6000         50    1.3537    1.5293    1.7513
    21.475     16.30   -0.0100       4756    1.0899    1.1047    1.1047
    21.475     16.30    0.0100       6466    1.1047    1.1047    1.1198
    21.475     16.30    0.0350       1204    1.1047    1.1198    1.1506
    21.475     16.30    0.0750        517    1.1198    1.1506    1.1822
    21.475     16.30    0.1500        191    1.1663    1.2147    1.2480
    21.475     16.30    0.6000         45    1.2823    1.3537    1.4291
    21.475     16.50   -0.0100      13024    1.0899    1.0899    1.1047
    21.475     16.50    0.0100       9430    1.0899    1.1198    1.1351
    21.475     16.50    0.0350       1553    1.1047    1.1198    1.1351
    21.475     16.50    0.0750        565    1.1198    1.1506    1.1663
    21.475     16.50    0.1500        132    1.1822    1.1983    1.2312
    21.475     16.70   -0.0100       4212    1.0899    1.1198    1.1198
    21.475     16.70    0.0100       3828    1.1198    1.1198    1.1198
    21.475     16.70    0.0350        408    1.1198    1.1198    1.1198
    21.475     16.70    0.0750        104    1.1351    1.1351    1.1506
    21.475     16.90   -0.0100        648    1.1047    1.1047    1.1198
    21.475     16.90    0.0100        260    1.1047    1.1047    1.1047
    21.525     15.10    0.0100        100    1.1047    1.1047    1.1047
    21.525     15.10    0.0350        112    1.1047    1.1198    1.1198
    21.525     15.10    0.0750         52    1.1198    1.1198    1.1351
    21.525     15.30   -0.0100        108    0.9912    1.0324    1.0752
    21.525     15.30    0.0100        160    1.0324    1.0752    1.1047
    21.525     15.30    0.0350       1064    1.1047    1.1198    1.1198
    21.525     15.30    0.0750        392    1.1198    1.1198    1.4884
    21.525     15.30    0.1500         69    1.7751    2.4574    2.8140
    21.525     15.30    0.6000         48    2.4574    2.7019    3.8955
    21.525     15.50   -0.0350        172    0.9912    1.0185    1.0464
    21.525     15.50   -0.0100       1316    1.0464    1.0899    1.1047
    21.525     15.50    0.0100       1464    1.1047    1.1047    1.1047
    21.525     15.50    0.0350        569    1.1047    1.1198    1.1506
    21.525     15.50    0.0750        620    1.1198    1.1198    1.4684
    21.525     15.50    0.1500        277    1.3722    1.7277    2.2049
    21.525     15.50    0.6000        152    2.3917    2.9707    3.3561
    21.525     15.70   -0.0350        156    1.0324    1.0607    1.0752
    21.525     15.70   -0.0100      32000    1.0899    1.0899    1.0899
    21.525     15.70    0.0100       9642    1.0899    1.0899    1.1047
    21.525     15.70    0.0350       1488    1.0899    1.1047    1.1198
    21.525     15.70    0.0750        450    1.1198    1.1351    1.2823
    21.525     15.70    0.1500        171    1.1983    1.3722    1.6589
    21.525     15.70    0.6000         57    1.5713    1.8996    2.0327
    21.525     15.90   -0.0100      10656    1.0752    1.0752    1.0899
    21.525     15.90    0.0100       2521    1.0899    1.1351    1.1351
    21.525     15.90    0.0350        690    1.0899    1.1506    1.1663
    21.525     15.90    0.0750        393    1.1198    1.1822    1.2312
    21.525     15.90    0.1500        232    1.1822    1.2998    1.3722
    21.525     15.90    0.6000         55    1.3537    1.4884    1.7513
    21.525     16.10   -0.0100       5288    1.1047    1.1198    1.1198
    21.525     16.10    0.0100      11133    1.1198    1.1198    1.1506
    21.525     16.10    0.0350       1717    1.1351    1.1506    1.1663
    21.525     16.10    0.0750        716    1.0899    1.1663    1.1983
    21.525     16.10    0.1500        205    1.1822    1.2480    1.2998
    21.525     16.10    0.6000         33    1.2650    1.3355    1.4684
    21.525     16.30   -0.0100       6136    1.1047    1.1047    1.1351
    21.525     16.30    0.0100       8060    1.1198    1.1506    1.1506
    21.525     16.30    0.0350        704    1.1198    1.1506    1.1506
    21.525     16.30    0.0750        288    1.1351    1.1663    1.1822
    21.525     16.30    0.1500         40    1.2147    1.2147    1.2312
    21.525     16.50   -0.0100        972    1.1351    1.1351    1.1351
    21.525     16.50    0.0100       1816    1.1351    1.1351    1.1351
    21.575     14.70   -0.0350       1740    1.0752    1.0899    1.0899
    21.575     14.70   -0.0100       8284    1.0899    1.1047    1.1198
    21.575     14.70    0.0100       4762    1.1198    1.1198    1.1198
    21.575     14.70    0.0350         55    1.1983    1.2480    1.4099
    21.575     14.90   -0.0350       3440    1.0899    1.0899    1.1047
    21.575     14.90   -0.0100    1037296    1.1198    1.1198    1.1198
    21.575     14.90    0.0100     888023    1.1198    1.1198    1.1198
    21.575     14.90    0.0350        812    1.1198    1.1663    1.2480
    21.575     14.90    0.0750        112    1.1506    1.1663    1.2312
    21.575     15.10    0.0100       2196    1.1047    1.1047    1.1047
    21.575     15.10    0.0350        920    1.1047    1.1198    1.1351
    21.575     15.10    0.0750        332    1.1351    1.3355    1.5928
    21.575     15.10    0.1500        152    1.9255    2.1460    2.8913
    21.575     15.10    0.6000         51    2.3595    2.6297    3.9487
    21.575     15.30   -0.0100       2964    1.1047    1.1198    1.1198
    21.575     15.30    0.0100       3808    1.1198    1.1198    1.1198
    21.575     15.30    0.0350        716    1.1047    1.1351    1.1663
    21.575     15.30    0.0750        212    1.1822    1.2480    1.3537
    21.575     15.30    0.1500        308    1.3909    1.7751    2.1171
    21.575     15.30    0.6000        139    2.1753    2.6297    3.8431
    21.575     15.50   -0.0100      20500    1.1047    1.1047    1.1047
    21.575     15.50    0.0100       9678    1.1047    1.1047    1.1198
    21.575     15.50    0.0350        993    1.1198    1.1198    1.1506
    21.575     15.50    0.0750        374    1.1351    1.1983    1.2823
    21.575     15.50    0.1500        242    1.2823    1.4099    1.6589
    21.575     15.50    0.6000         96    1.5502    1.7994    2.5943
    21.575     15.70   -0.0100       3028    1.0899    1.0899    1.1351
    21.575     15.70    0.0100       5145    1.1506    1.1663    1.1822
    21.575     15.70    0.0350       1390    1.1506    1.1663    1.1983
    21.575     15.70    0.0750        545    1.1506    1.1983    1.2312
    21.575     15.70    0.1500        404    1.2480    1.2998    1.3722
    21.575     15.70    0.6000         71    1.4099    1.4486    1.7044
    21.575     15.90   -0.0100       3928    1.1198    1.1351    1.1506
    21.575     15.90    0.0100      12082    1.1351    1.1506    1.1822
    21.575     15.90    0.0350       1388    1.1351    1.1663    1.1822
    21.575     15.90    0.0750        505    1.1198    1.1822    1.2147
    21.575     15.90    0.1500        201    1.1983    1.2650    1.2998
    21.575     16.10   -0.0100       1872    1.1198    1.1351    1.1663
    21.575     16.10    0.0100       4312    1.1506    1.1663    1.1822
    21.575     16.10    0.0350        144    1.0899    1.1663    1.1822
    21.575     16.10    0.0750         84    1.1822    1.1983    1.2147
    21.575     16.30   -0.0100         64    1.1506    1.1506    1.1506
    21.575     16.30    0.0100        400    1.1663    1.1663    1.1663
    21.625     14.50   -0.0350        828    1.0185    1.0464    1.0899
    21.625     14.50   -0.0100       2080    1.0185    1.1047    1.1351
    21.625     14.50    0.0100       3382    1.1351    1.1351    1.1351
    21.625     14.50    0.0350        530    1.1506    1.2480    1.5293
    21.625     14.70   -0.0350       4928    1.0464    1.0752    1.0899
    21.625     14.70   -0.0100     212084    1.1198    1.1351    1.1351
    21.625     14.70    0.0100      83520    1.1198    1.1351    1.1351
    21.625     14.70    0.0350       1102    1.1506    1.2147    1.4099
    21.625     14.90   -0.0350         56    1.0752    1.0899    1.1047
    21.625     14.90   -0.0100      64420    1.1198    1.1198    1.1198
    21.625     14.90    0.0100      39680    1.1198    1.1198    1.1198
    21.625     14.90    0.0350         84    1.1351    1.1663    1.2480
    21.625     14.90    0.0750        188    1.3355    1.3909    1.5087
    21.625     14.90    0.1500        185    1.6145    1.9255    2.7761
    21.625     14.90    0.6000         26    3.0524    3.0940    3.3109
    21.625     15.10   -0.0100       2904    1.1198    1.1351    1.1351
    21.625     15.10    0.0100       6661    1.1351    1.1351    1.1506
    21.625     15.10    0.0350        973    1.1198    1.1663    1.1983
    21.625     15.10    0.0750        385    1.1822    1.2147    1.2823
    21.625     15.10    0.1500        240    1.2480    1.5087    1.8996
    21.625     15.10    0.6000        181    1.9784    2.3595    3.1790
    21.625     15.30   -0.0100       9228    1.1198    1.1198    1.1351
    21.625     15.30    0.0100       9707    1.1198    1.1351    1.1351
    21.625     15.30    0.0350       1014    1.1351    1.1506    1.2147
    21.625     15.30    0.0750        454    1.1663    1.2312    1.2998
    21.625     15.30    0.1500        396    1.2998    1.4291    1.6589
    21.625     15.30    0.6000        108    1.6365    1.8488    2.2964
    21.625     15.50   -0.0100        664    1.1506    1.1663    1.1822
    21.625     15.50    0.0100       8769    1.1822    1.1822    1.2147
    21.625     15.50    0.0350       1801    1.1822    1.1983    1.2312
    21.625     15.50    0.0750        836    1.1983    1.2312    1.2650
    21.625     15.50    0.1500        426    1.2650    1.3355    1.4486
    21.625     15.50    0.6000         51    1.3909    1.5087    1.6589
    21.625     15.70   -0.0100       1236    1.1506    1.1506    1.1663
    21.625     15.70    0.0100       9693    1.1663    1.1822    1.2147
    21.625     15.70    0.0350        524    1.1506    1.1983    1.2147
    21.625     15.70    0.0750        300    1.1663    1.2147    1.2480
    21.625     15.70    0.1500         68    1.2650    1.2823    1.2998
    21.625     15.90   -0.0100        192    1.1506    1.1822    1.1822
    21.625     15.90    0.0100       1724    1.1983    1.1983    1.1983
    21.675     14.30   -0.0350         52    1.0607    1.0607    1.0752
    21.675     14.30   -0.0100       2020    1.0464    1.1506    1.1506
    21.675     14.30    0.0100       3240    1.1506    1.1506    1.1663
    21.675     14.30    0.0350        524    1.1663    1.2650    1.4099
    21.675     14.30    0.0750        204    1.2650    1.5293    1.9518
    21.675     14.50   -0.0350        728    1.0185    1.0607    1.1047
    21.675     14.50   -0.0100      81008    1.1351    1.1351    1.1506
    21.675     14.50    0.0100      22906    1.1351    1.1506    1.1506
    21.675     14.50    0.0350       1118    1.1506    1.1663    1.2998
    21.675     14.50    0.0750        207    1.1983    1.2998    1.8996
    21.675     14.70   -0.0100      15004    1.1351    1.1351    1.1351
    21.675     14.70    0.0100       1004    1.1351    1.1351    1.1351
    21.675     14.70    0.0350         60    1.1822    1.2147    1.2650
    21.675     14.70    0.0750        176    1.2650    1.3537    1.5087
    21.675     14.70    0.1500        213    1.5087    2.0605    2.2655
    21.675     14.70    0.6000         65    2.0327    3.0524    3.4483
    21.675     14.90   -0.0100       2072    1.1351    1.1506    1.1663
    21.675     14.90    0.0100       8642    1.1663    1.1663    1.1822
    21.675     14.90    0.0350       1369    1.1663    1.1822    1.2147
    21.675     14.90    0.0750        509    1.1822    1.2480    1.3175
    21.675     14.90    0.1500        320    1.3355    1.5928    1.8239
    21.675     14.90    0.6000        216    1.8488    2.4574    3.0113
    21.675     15.10   -0.0100       2684    1.1351    1.1351    1.1506
    21.675     15.10    0.0100       8788    1.1506    1.1506    1.2312
    21.675     15.10    0.0350       1450    1.1822    1.2480    1.2823
    21.675     15.10    0.0750        720    1.2312    1.2823    1.3355
    21.675     15.10    0.1500        513    1.3722    1.4684    1.6145
    21.675     15.10    0.6000        153    1.5928    1.9784    2.2049
    21.675     15.30   -0.0100         28    1.1822    1.1822    1.1822
    21.675     15.30    0.0100       9863    1.1983    1.2147    1.2480
    21.675     15.30    0.0350       1428    1.1983    1.2312    1.2650
    21.675     15.30    0.0750        664    1.2312    1.2650    1.2998
    21.675     15.30    0.1500        349    1.2998    1.3537    1.4684
    21.675     15.30    0.6000         20    1.5502    1.9255    1.9784
    21.675     15.50   -0.0100        200    1.1663    1.1822    1.1822
    21.675     15.50    0.0100       5068    1.1822    1.2312    1.2480
    21.675     15.50    0.0350        104    1.1822    1.2147    1.2480
    21.675     15.50    0.0750         68    1.1983    1.2312    1.2823
    21.675     15.70    0.0100        284    1.2312    1.2312    1.2312
    21.725     14.10   -0.0100       1356    1.1506    1.1663    1.1822
    21.725     14.10    0.0100       3801    1.1663    1.1822    1.1822
    21.725     14.10    0.0350        620    1.1663    1.2147    1.2650
    21.725     14.10    0.0750        429    1.2650    1.4486    1.9255
    21.725     14.30   -0.0100      34428    1.1506    1.1663    1.1663
    21.725     14.30    0.0100      18704    1.1506    1.1663    1.1663
    21.725     14.30    0.0350       1014    1.1663    1.1983    1.2147
    21.725     14.30    0.0750        506    1.2312    1.2650    1.6365
    21.725     14.50   -0.0100       3680    1.1506    1.1506    1.1506
    21.725     14.50    0.0100        505    1.2147    1.2147    1.2147
    21.725     14.50    0.0350        356    1.2147    1.2312    1.2650
    21.725     14.50    0.0750        264    1.2312    1.3355    1.4291
    21.725     14.50    0.1500        236    1.4884    1.7277    2.0054
    21.725     14.50    0.6000         80    2.2655    2.9707    3.5430
    21.725     14.70   -0.0100        632    1.1663    1.1822    1.1822
    21.725     14.70    0.0100       9410    1.1822    1.1983    1.1983
    21.725     14.70    0.0350       1427    1.1663    1.2147    1.2998
    21.725     14.70    0.0750        626    1.2480    1.2823    1.3722
    21.725     14.70    0.1500        311    1.3722    1.5293    1.7513
    21.725     14.70    0.6000        268    1.8996    2.2964    3.0524
    21.725     14.90   -0.0100        704    1.1506    1.1663    1.1822
    21.725     14.90    0.0100       5739    1.1663    1.1822    1.2650
    21.725     14.90    0.0350       2034    1.2650    1.2998    1.3355
    21.725     14.90    0.0750        921    1.2998    1.3537    1.4099
    21.725     14.90    0.1500        554    1.4291    1.5087    1.7044
    21.725     14.90    0.6000        117    1.6589    2.2964    2.7761
    21.725     15.10    0.0100       6563    1.2312    1.2480    1.2998
    21.725     15.10    0.0350       1160    1.2480    1.2823    1.2998
    21.725     15.10    0.0750        312    1.2823    1.3175    1.3537
    21.725     15.10    0.1500         96    1.3722    1.4291    1.5502
    21.725     15.30    0.0100       1802    1.2147    1.2650    1.2823
    21.725     15.30    0.0350         28    1.2312    1.2312    1.2480
    21.775     13.70    0.0100        204    1.2480    1.2480    1.2650
    21.775     13.70    0.0350        712    1.2650    1.2650    1.2823
    21.775     13.90   -0.0100        848    1.1822    1.1983    1.1983
    21.775     13.90    0.0100       4010    1.1983    1.1983    1.2147
    21.775     13.90    0.0350       1260    1.2147    1.2480    1.2823
    21.775     13.90    0.0750        528    1.2823    1.3175    1.5928
    21.775     13.90    0.1500        132    1.6815    2.2350    2.3595
    21.775     14.10   -0.0100      11248    1.1663    1.1822    1.1983
    21.775     14.10    0.0100      18323    1.1822    1.1822    1.1983
    21.775     14.10    0.0350       1090    1.1983    1.2147    1.2480
    21.775     14.10    0.0750        442    1.2650    1.2823    1.4884
    21.775     14.10    0.1500         44    1.4684    1.8239    2.1753
    21.775     14.10    0.6000         24    2.0605    2.9707    3.0940
    21.775     14.30   -0.0100        564    1.1663    1.1663    1.1822
    21.775     14.30    0.0100       1200    1.2147    1.2480    1.2650
    21.775     14.30    0.0350        638    1.2312    1.2650    1.2823
    21.775     14.30    0.0750        386    1.3175    1.3355    1.3722
    21.775     14.30    0.1500        322    1.4884    1.5713    1.9518
    21.775     14.30    0.6000         98    2.2655    2.5249    2.8140
    21.775     14.50    0.0100       7587    1.2147    1.2312    1.2312
    21.775     14.50    0.0350       1683    1.2312    1.3355    1.3909
    21.775     14.50    0.0750        862    1.2998    1.4099    1.4884
    21.775     14.50    0.1500        444    1.5293    1.6589    1.8740
    21.775     14.50    0.6000        273    1.8996    2.4909    2.8913
    21.775     14.70    0.0100       2549    1.1983    1.2998    1.3175
    21.775     14.70    0.0350       3113    1.2998    1.3355    1.3722
    21.775     14.70    0.0750        812    1.3722    1.4099    1.4684
    21.775     14.70    0.1500        500    1.5087    1.5928    1.7994
    21.775     14.70    0.6000        117    1.8740    2.0605    2.7761
    21.775     14.90    0.0100       2371    1.2650    1.2823    1.3175
    21.775     14.90    0.0350       1434    1.3175    1.3355    1.3537
    21.775     14.90    0.0750        108    1.3175    1.3537    1.4291
    21.775     15.10    0.0100        216    1.2998    1.3175    1.3175
    21.775     15.10    0.0350         20    1.2998    1.2998    1.3175
    21.825     13.30   -0.0100     100532    1.2650    1.2650    1.2823
    21.825     13.30    0.0100      39494    1.2823    1.2823    1.2823
    21.825     13.30    0.0350        187    1.3537    1.4684    1.6365
    21.825     13.50   -0.0100    1776960    1.2823    1.2823    1.2823
    21.825     13.50    0.0100     891912    1.2823    1.2823    1.2823
    21.825     13.50    0.0350        808    1.2650    1.2823    1.3355
    21.825     13.70   -0.0100         76    1.2147    1.2147    1.2312
    21.825     13.70    0.0100       4685    1.2312    1.2312    1.2480
    21.825     13.70    0.0350        840    1.2480    1.2650    1.2998
    21.825     13.70    0.0750        494    1.3175    1.4291    1.6145
    21.825     13.70    0.1500        197    1.7044    1.9255    2.5943
    21.825     13.90   -0.0100       2824    1.1983    1.1983    1.2147
    21.825     13.90    0.0100      13726    1.2147    1.2147    1.2312
    21.825     13.90    0.0350       1026    1.2147    1.2480    1.2823
    21.825     13.90    0.0750        260    1.2650    1.3722    1.4684
    21.825     13.90    0.1500         74    1.4291    1.7994    2.6297
    21.825     14.10    0.0100        936    1.2823    1.2998    1.3175
    21.825     14.10    0.0350       1239    1.2998    1.3175    1.3537
    21.825     14.10    0.0750        625    1.3722    1.4291    1.5502
    21.825     14.10    0.1500        380    1.6145    1.7513    2.2049
    21.825     14.10    0.6000        132    2.1171    2.7388    3.1362
    21.825     14.30    0.0100       3707    1.2480    1.2650    1.2823
    21.825     14.30    0.0350       1820    1.2823    1.4099    1.4486
    21.825     14.30    0.0750        913    1.4099    1.4884    1.5713
    21.825     14.30    0.1500        546    1.6145    1.7751    2.0886
    21.825     14.30    0.6000        250    2.0886    2.5249    3.0524
    21.825     14.50    0.0100        226    1.2312    1.2312    1.2480
    21.825     14.50    0.0350       3008    1.3537    1.3722    1.4291
    21.825     14.50    0.0750        652    1.4099    1.4884    1.5713
    21.825     14.50    0.1500        208    1.6815    1.7994    2.1171
    21.825     14.50    0.6000         41    1.8996    2.3917    2.7388
    21.825     14.70    0.0100        430    1.3175    1.3175    1.3355
    21.825     14.70    0.0350        904    1.3355    1.3909    1.4099
    21.825     14.70    0.0750         24    1.4099    1.4291    1.4884
    21.825     14.90    0.0350         61    1.3537    1.3537    1.3537
    21.875     13.10   -0.0100       6628    1.2998    1.2998    1.3175
    21.875     13.10    0.0100      15148    1.2998    1.2998    1.3175
    21.875     13.10    0.0350        873    1.3537    1.4099    1.6365
    21.875     13.30   -0.0100     142012    1.2823    1.2998    1.2998
    21.875     13.30    0.0100      29592    1.2823    1.2998    1.2998
    21.875     13.30    0.0350        512    1.3537    1.4684    1.6815
    21.875     13.50   -0.0100       7836    1.2823    1.2823    1.2823
    21.875     13.50    0.0100       2626    1.2650    1.2823    1.2823
    21.875     13.50    0.0350        841    1.2823    1.2998    1.3355
    21.875     13.50    0.0750        454    1.3537    1.4099    1.5293
    21.875     13.50    0.1500        280    1.7513    1.8996    2.3595
    21.875     13.70    0.0100       8293    1.2480    1.2480    1.2650
    21.875     13.70    0.0350        861    1.2312    1.2823    1.3355
    21.875     13.70    0.0750        280    1.3537    1.4291    1.5502
    21.875     13.70    0.1500        133    1.6145    1.8740    2.2049
    21.875     13.70    0.6000         21    1.9784    2.7388    2.8524
    21.875     13.90    0.0350       1910    1.3537    1.3722    1.3909
    21.875     13.90    0.0750        714    1.4291    1.4884    1.6589
    21.875     13.90    0.1500        449    1.6145    1.8239    2.0327
    21.875     13.90    0.6000        192    2.2049    2.5594    2.7761
    21.875     14.10    0.0100        535    1.2998    1.3175    1.3355
    21.875     14.10    0.0350       2039    1.3175    1.3355    1.5087
    21.875     14.10    0.0750       1082    1.5293    1.5928    1.6815
    21.875     14.10    0.1500        505    1.7751    1.8996    2.2350
    21.875     14.10    0.6000        179    2.1753    2.6297    3.0524
    21.875     14.30    0.0350       1549    1.4099    1.4486    1.5087
    21.875     14.30    0.0750        588    1.5087    1.5502    1.6365
    21.875     14.30    0.1500        136    1.8239    1.9255    2.2350
    21.875     14.50    0.0350        201    1.3909    1.4684    1.4884
    21.875     14.50    0.0750         20    1.5087    1.5293    1.5293
    21.925     12.90   -0.0100        452    1.3355    1.3355    1.3355
    21.925     12.90    0.0100       6023    1.3355    1.3355    1.3355
    21.925     12.90    0.0350        750    1.3722    1.4099    1.5087
    21.925     12.90    0.0750        230    1.5087    1.7277    2.0605
    21.925     13.10   -0.0100      23164    1.3175    1.3175    1.3175
    21.925     13.10    0.0100      28177    1.3175    1.3175    1.3355
    21.925     13.10    0.0350       1001    1.3355    1.4099    1.5502
    21.925     13.10    0.0750         93    1.6145    1.8488    2.2964
    21.925     13.30   -0.0100       1332    1.2998    1.3175    1.3175
    21.925     13.30    0.0100        981    1.3355    1.3355    1.3537
    21.925     13.30    0.0350       1294    1.3355    1.3537    1.3722
    21.925     13.30    0.0750        462    1.4291    1.5087    1.5928
    21.925     13.30    0.1500        291    1.7044    1.9784    2.3277
    21.925     13.50    0.0100       3433    1.2998    1.2998    1.3175
    21.925     13.50    0.0350        821    1.2823    1.3175    1.3537
    21.925     13.50    0.0750        372    1.4099    1.4884    1.6365
    21.925     13.50    0.1500        170    1.7513    2.0327    2.4909
    21.925     13.70    0.0350       1081    1.4291    1.4684    1.4884
    21.925     13.70    0.0750        845    1.5087    1.5928    1.7513
    21.925     13.70    0.1500        561    1.7751    2.0327    2.3917
    21.925     13.70    0.6000         81    2.4909    2.7761    2.9707
    21.925     13.90    0.0350        793    1.3909    1.4099    1.5502
    21.925     13.90    0.0750       1126    1.6145    1.6815    1.7994
    21.925     13.90    0.1500        454    1.8996    2.1171    2.5594
    21.925     13.90    0.6000         70    2.3277    2.8913    3.0940
    21.925     14.10    0.0350        354    1.4884    1.5087    1.5502
    21.925     14.10    0.0750        556    1.5928    1.6365    1.7044
    21.925     14.10    0.1500         56    1.8996    2.0054    2.5594
    21.975     12.70    0.0100       1519    1.3722    1.3722    1.3909
    21.975     12.70    0.0350        761    1.3909    1.4291    1.5293
    21.975     12.70    0.0750        285    1.5502    1.6815    2.1460
    21.975     12.90   -0.0100       2108    1.3175    1.3355    1.3537
    21.975     12.90    0.0100      18148    1.3355    1.3537    1.3722
    21.975     12.90    0.0350       1415    1.3537    1.4099    1.5293
    21.975     12.90    0.0750        372    1.5713    1.7513    2.0605
    21.975     13.10   -0.0100        240    1.3175    1.3355    1.3355
    21.975     13.10    0.0100        384    1.3355    1.3355    1.3355
    21.975     13.10    0.0350       1229    1.4099    1.4291    1.4684
    21.975     13.10    0.0750        578    1.4884    1.5502    1.6589
    21.975     13.10    0.1500        266    1.8488    1.9784    2.4909
    21.975     13.30    0.0100        243    1.3537    1.3722    1.4099
    21.975     13.30    0.0350       1516    1.3722    1.3909    1.4099
    21.975     13.30    0.0750        322    1.4486    1.5928    1.7751
    21.975     13.30    0.1500        215    1.8239    2.0054    2.4243
    21.975     13.50    0.0350        292    1.5293    1.5502    1.5928
    21.975     13.50    0.0750        803    1.5928    1.6589    1.7513
    21.975     13.50    0.1500        451    2.0054    2.1460    2.4574
    21.975     13.50    0.6000         34    2.3595    2.7019    2.8140
    21.975     13.70    0.0350        125    1.4884    1.5087    1.5087
    21.975     13.70    0.0750        568    1.7044    1.8488    1.9255
    21.975     13.70    0.1500        430    2.0327    2.1753    2.5594
    21.975     13.90    0.0750        311    1.6145    1.7513    1.8488
    21.975     13.90    0.1500         32    2.0054    2.0605    2.1171
    22.025     12.30   -0.0100     139800    1.5293    1.5502    1.5502
    22.025     12.30    0.0100      15748    1.5293    1.5293    1.5502
    22.025     12.30    0.0350        194    1.5087    1.5502    1.6145
    22.025     12.50   -0.0100    1763384    1.5293    1.5293    1.5293
    22.025     12.50    0.0100     705392    1.5293    1.5293    1.5293
    22.025     12.50    0.0350        730    1.4486    1.5087    1.5502
    22.025     12.50    0.0750        162    1.5713    1.6815    1.8239
    22.025     12.50    0.1500         22    1.9255    2.2964    2.4574
    22.025     12.70    0.0100       6997    1.3909    1.4099    1.4291
    22.025     12.70    0.0350       1746    1.4099    1.4291    1.5087
    22.025     12.70    0.0750        554    1.5928    1.7277    1.9518
    22.025     12.70    0.1500         47    2.2350    2.4243    2.5249
    22.025     12.90    0.0100        404    1.3722    1.3722    1.3909
    22.025     12.90    0.0350        328    1.5293    1.5502    1.5713
    22.025     12.90    0.0750        583    1.5713    1.6365    1.7513
    22.025     12.90    0.1500        269    1.8239    2.0605    2.4574
    22.025     13.10    0.0350        609    1.4684    1.4884    1.5087
    22.025     13.10    0.0750        294    1.5502    1.6145    1.7751
    22.025     13.10    0.1500        154    1.9255    2.2049    2.3917
    22.025     13.30    0.0750        380    1.7277    1.8239    1.9255
    22.025     13.30    0.1500        200    2.0327    2.1460    2.5249
    22.025     13.50    0.0750         75    1.6815    1.8996    2.0054
    22.025     13.50    0.1500        165    2.1171    2.2655    2.4909
    22.075     12.10   -0.0100        276    1.5502    1.5713    1.5713
    22.075     12.10    0.0100       8788    1.5502    1.5713    1.5713
    22.075     12.10    0.0350        339    1.6589    1.7277    1.8996
    22.075     12.30   -0.0100     152480    1.5293    1.5502    1.5502
    22.075     12.30    0.0100      62919    1.5502    1.5502    1.5502
    22.075     12.30    0.0350        303    1.5502    1.6145    1.9255
    22.075     12.30    0.0750        110    1.6365    1.7044    1.8239
    22.075     12.30    0.1500         28    1.9518    2.1460    2.4574
    22.075     12.50   -0.0100      61116    1.5293    1.5293    1.5293
    22.075     12.50    0.0100       1393    1.4486    1.5293    1.5293
    22.075     12.50    0.0350       2735    1.4684    1.4884    1.5293
    22.075     12.50    0.0750        628    1.6365    1.7044    1.8996
    22.075     12.50    0.1500        135    2.0327    2.2350    2.4574
    22.075     12.70    0.0100        176    1.4291    1.4291    1.4291
    22.075     12.70    0.0350         36    1.4291    1.4291    1.4684
    22.075     12.70    0.0750        297    1.7277    1.7994    1.8996
    22.075     12.70    0.1500        174    2.0327    2.1171    2.3595
    22.075     12.90    0.0350         20    1.5928    1.5928    1.5928
    22.075     12.90    0.0750        327    1.6365    1.7044    1.8740
    22.075     12.90    0.1500         56    2.0054    2.1460    2.4243
    22.075     13.10    0.1500         39    2.1460    2.2655    2.3917
    22.125     11.90    0.0100        221    1.6145    1.6145    1.6365
    22.125     11.90    0.0350        200    1.6365    1.6815    1.7751
    22.125     11.90    0.0750         30    1.9784    2.0327    2.0886
    22.125     12.10   -0.0100       1904    1.5502    1.5713    1.5713
    22.125     12.10    0.0100      24099    1.5713    1.5713    1.5928
    22.125     12.10    0.0350       1609    1.6589    1.7044    1.8996
    22.125     12.10    0.0750         52    1.8740    1.9518    2.2049
    22.125     12.30   -0.0100       2672    1.5502    1.5502    1.5713
    22.125     12.30    0.0100       4364    1.5502    1.5502    1.5713
    22.125     12.30    0.0350        739    1.5713    1.5928    1.6589
    22.125     12.30    0.0750        792    1.6815    1.7751    1.9518
    22.125     12.30    0.1500        106    2.0605    2.2350    2.4243
    22.125     12.50    0.0350        145    1.5293    1.5293    1.5713
    22.125     12.70    0.0750         36    1.8740    1.8996    2.0327
    22.125     12.70    0.1500         49    2.0605    2.1753    2.2964
    22.175     11.90    0.0100       3223    1.6145    1.6365    1.6589
    22.175     11.90    0.0350       2243    1.6589    1.6815    1.7994
    22.175     11.90    0.0750        395    1.9255    2.1171    2.3277
    22.175     12.10    0.0100       2212    1.5928    1.5928    1.6145
    22.175     12.10    0.0350        316    1.6145    1.7277    1.8740
    22.175     12.10    0.0750        276    1.8239    1.9518    2.1753
    22.175     12.30    0.0750         72    1.7044    1.7277    2.0327
    22.225     11.50    0.0350         28    1.8239    1.8488    1.8488
    22.225     11.70    0.0100        664    1.7994    1.7994    1.8239
    22.225     11.70    0.0350        786    1.7751    1.8239    1.8996
    22.225     11.70    0.0750        393    1.9518    2.0605    2.2350
    22.225     11.90    0.0100        132    1.8239    1.8239    1.8488
    22.225     11.90    0.0350       1120    1.7044    1.7277    1.7994
    22.225     11.90    0.0750        119    1.9784    2.1171    2.2964
    22.275     11.30    0.0100       6215    1.8239    1.8488    1.8740
    22.275     11.50   -0.0100    2587996    1.7513    1.7751    1.7994
    22.275     11.50    0.0100     679218    1.7513    1.7751    1.7994
    22.275     11.50    0.0350        285    1.7994    1.8488    1.8740
    22.275     11.70    0.0100        296    1.7751    1.7751    1.7994
    22.275     11.70    0.0350         21    1.9255    1.9518    1.9518
    22.275     11.70    0.0750        113    2.0054    2.0886    2.2049
    22.325     11.30   -0.0100        324    1.7751    1.7994    1.7994
    22.325     11.30    0.0100      20273    1.7994    1.8239    1.8488
    22.325     11.30    0.0350       1001    1.9518    2.0327    2.1460
    22.325     11.50   -0.0100       5392    1.7751    1.7751    1.7994
    22.325     11.50    0.0100       8055    1.7751    1.7994    1.8239
    22.375     11.10    0.0100         20    1.9255    1.9255    1.9255
    22.375     11.10    0.0350       1089    1.9518    2.0327    2.1753
    22.375     11.30    0.0100       1600    1.8488    1.8740    1.8996
    22.375     11.30    0.0350        765    1.9255    1.9784    2.1460
    22.475     10.70    0.0100        356    2.0327    2.0605    2.0605
    22.475     10.90    0.0100        148    2.0327    2.0605    2.0886
    22.525     10.50   -0.0100    2194220    1.9255    1.9255    1.9784
    22.525     10.50    0.0100     442889    1.9255    1.9255    1.9784
    22.525     10.70   -0.0100      64840    2.0054    2.0327    2.0605
    22.525     10.70    0.0100      17262    2.0327    2.0605    2.0886
    22.525     10.70    0.0350         68    2.0327    2.0605    2.0886
    22.575     10.30    0.0100        159    2.0605    2.1171    2.1460
    22.575     10.30    0.0350         79    2.1753    2.2049    2.2350
    22.575     10.50   -0.0100       3012    1.8996    1.9255    1.9255
    22.575     10.50    0.0100      15753    1.9255    1.9518    2.0327
    22.575     10.50    0.0350         67    2.2350    2.2655    2.2964
    22.625     10.30    0.0350         20    2.1171    2.1753    2.1753
