! harvest_calib3.py -- the correction factor against the three quantities the reconstruction reports
!
! 333 nodes measured, 0 not measured, 3508921 pixels
! 3508921 pixels in the histogram; pixels outside the range of each axis (below, above):
!   x from   20.0000 to   24.5000: 0 below, 0 above
!   y from    3.0000 to   50.0000: 0 below, 0 above
!   z from   -1.0000 to    1.0000: 0 below, 0 above
!   f from    0.5000 to    8.0428: 0 below, 0 above
! x = log10 of the surface density of the finest image, cm^-2
! y = the temperature fitted at that resolution, K
! z = log10 of the ratio of the finest to the coarsest surface density
! f = the factor that restores the true surface density; f16 and f84 bracket its spread in the cell
!
!        x         y         z     pixels       f16         f       f84
    20.425     21.30    0.1500         48    0.9912    0.9912    0.9912
    20.475     21.10    0.0750         52    0.9779    0.9779    0.9779
    20.475     21.10    0.1500        132    0.9779    0.9912    0.9912
    20.525     20.90    0.0750        128    0.9517    0.9779    0.9779
    20.525     21.10    0.0750         60    0.9779    0.9779    0.9779
    20.525     21.10    0.1500         40    0.9912    0.9912    0.9912
    20.575     20.50   -0.0350         20    0.9138    0.9138    0.9263
    20.575     20.50   -0.0100         36    0.9138    0.9263    0.9263
    20.575     20.50    0.0750         32    0.9647    0.9779    1.2147
    20.575     20.70   -0.1500       1012    0.9517    0.9647    0.9779
    20.575     20.70   -0.0750       1564    0.9647    0.9647    0.9779
    20.575     20.70   -0.0350       1132    0.9517    0.9779    0.9779
    20.575     20.70   -0.0100        124    0.9389    0.9517    0.9647
    20.575     20.70    0.0100         64    0.9517    0.9517    0.9647
    20.575     20.70    0.0750         84    0.9517    1.0185    1.0899
    20.575     20.90   -0.1500        556    0.9779    0.9912    0.9912
    20.575     20.90   -0.0750       2152    0.9912    0.9912    1.0048
    20.575     20.90   -0.0350       5008    0.9912    0.9912    1.0048
    20.575     20.90   -0.0100      24376    1.0048    1.0048    1.0048
    20.575     20.90    0.0100      25188    1.0048    1.0048    1.0048
    20.575     20.90    0.0750         32    0.9912    1.0048    1.0185
    20.625     20.10   -0.1500         80    0.8425    0.8540    0.8540
    20.625     20.10   -0.0750         20    0.8540    0.8540    0.8540
    20.625     20.10   -0.0100         32    0.8540    0.8656    0.8774
    20.625     20.30   -0.6000        140    0.8774    0.8894    0.9015
    20.625     20.30   -0.1500        420    0.8774    0.9015    0.9138
    20.625     20.30   -0.0750        116    0.8774    0.8894    0.9263
    20.625     20.30   -0.0350        104    0.8656    0.8774    0.8894
    20.625     20.30   -0.0100         32    0.8656    0.8656    0.8894
    20.625     20.30    0.0100         36    0.9138    0.9138    0.9263
    20.625     20.30    0.0750         24    1.0752    1.0752    1.3355
    20.625     20.50   -0.6000        116    0.9138    0.9263    0.9263
    20.625     20.50   -0.1500        592    0.9138    0.9263    0.9389
    20.625     20.50   -0.0750       1500    0.9263    0.9517    0.9517
    20.625     20.50   -0.0350        416    0.9138    0.9779    0.9779
    20.625     20.50   -0.0100         28    0.9015    0.9015    0.9015
    20.625     20.50    0.0100         52    0.9138    0.9517    0.9647
    20.625     20.50    0.0750         20    1.0607    1.3355    1.3909
    20.625     20.50    0.1500         21    1.1663    1.1983    1.2998
    20.625     20.70   -0.1500        184    0.9389    0.9517    0.9517
    20.625     20.70   -0.0750        608    0.9517    0.9517    0.9647
    20.625     20.70   -0.0350       1248    0.9647    0.9647    0.9779
    20.625     20.70   -0.0100       5284    1.0048    1.0048    1.0048
    20.625     20.70    0.0100       5104    1.0048    1.0048    1.0048
    20.625     20.90   -0.0100      31136    1.0048    1.0048    1.0048
    20.625     20.90    0.0100      76712    1.0048    1.0048    1.0048
    20.675     19.70   -0.6000         40    0.7980    0.8199    0.8311
    20.675     19.70   -0.1500        104    0.7662    0.7767    0.7873
    20.675     19.70   -0.0100         24    0.8311    0.8311    0.8425
    20.675     19.70    0.0100         24    0.9015    0.9015    0.9647
    20.675     19.90   -0.6000         72    0.8199    0.8425    0.8540
    20.675     19.90   -0.1500        152    0.7980    0.8199    0.8774
    20.675     19.90   -0.0350         20    0.7980    0.8089    0.8311
    20.675     19.90   -0.0100         44    0.8311    0.8656    0.9015
    20.675     19.90    0.0100         20    0.8656    0.8774    0.8774
    20.675     19.90    0.0750         20    1.2480    2.0605    2.3595
    20.675     20.10   -0.6000         76    0.8425    0.8540    0.8656
    20.675     20.10   -0.1500        412    0.8774    0.8894    0.9015
    20.675     20.10   -0.0750         36    0.8425    0.8425    0.9015
    20.675     20.10   -0.0350         48    0.8311    0.8894    0.9015
    20.675     20.10   -0.0100         48    0.8311    0.8656    0.9015
    20.675     20.10    0.0350         28    0.9912    1.0048    1.1047
    20.675     20.10    0.0750         20    1.1822    1.2147    1.7044
    20.675     20.30   -0.1500         88    0.8894    0.9015    0.9015
    20.675     20.30   -0.0750        716    0.9263    0.9517    0.9517
    20.675     20.30   -0.0350        276    0.9517    0.9647    0.9647
    20.675     20.50   -0.0750        180    0.9517    0.9517    0.9517
    20.675     20.50   -0.0350        440    0.9912    0.9912    0.9912
    20.675     20.50   -0.0100        600    0.9912    1.0048    1.0048
    20.675     20.70   -0.0350         64    0.9779    0.9779    0.9779
    20.675     20.70   -0.0100      20048    1.0048    1.0048    1.0048
    20.675     20.70    0.0100      73516    1.0048    1.0048    1.0048
    20.725     19.30   -0.6000         48    0.7559    0.7559    0.7873
    20.725     19.30   -0.1500         64    0.7160    0.7160    0.7258
    20.725     19.30    0.0350         20    1.1663    1.2147    1.2147
    20.725     19.50   -0.6000         76    0.7873    0.7980    0.8089
    20.725     19.50   -0.1500         52    0.7357    0.7559    0.7559
    20.725     19.50    0.0350         28    0.9138    0.9263    1.0464
    20.725     19.70   -0.6000         28    0.8089    0.8199    0.8311
    20.725     19.70   -0.1500        168    0.8199    0.8656    0.8894
    20.725     19.70    0.1500         20    1.3537    1.4099    2.9707
    20.725     19.90   -0.1500        212    0.8656    0.8894    0.8894
    20.725     19.90    0.0100         24    0.9015    0.9138    0.9263
    20.725     20.10   -0.0750         32    0.9517    0.9517    0.9517
    20.725     20.10   -0.0350        188    0.9138    0.9647    0.9779
    20.725     20.10    0.1500         48    0.9912    0.9912    1.0048
    20.725     20.30   -0.0750        236    0.9517    0.9647    0.9779
    20.725     20.30   -0.0350        580    0.9647    0.9779    0.9912
    20.725     20.30   -0.0100         60    0.9779    0.9912    1.0185
    20.725     20.30    0.0100        152    1.0185    1.0185    1.0185
    20.725     20.50   -0.0100       7404    1.0048    1.0048    1.0048
    20.725     20.50    0.0100      28609    1.0048    1.0048    1.0048
    20.725     20.70   -0.0100      16112    1.0048    1.0048    1.0048
    20.725     20.70    0.0100      14028    1.0048    1.0048    1.0048
    20.775     18.90   -0.1500         48    0.6783    0.6875    0.7064
    20.775     19.10   -0.6000         32    0.7767    0.7767    0.7980
    20.775     19.10   -0.1500         36    0.6969    0.7160    0.8199
    20.775     19.10   -0.0750         28    0.6969    0.6969    0.7873
    20.775     19.10   -0.0350         24    0.7873    0.7980    0.7980
    20.775     19.30   -0.6000         20    0.7767    0.7767    0.7980
    20.775     19.30   -0.1500         20    0.8199    0.8199    0.8199
    20.775     19.30    0.0750         20    1.0607    1.0899    1.7044
    20.775     19.50   -0.1500        128    0.8774    0.8774    0.9015
    20.775     19.70   -0.1500        156    0.8774    0.8894    0.9015
    20.775     19.70   -0.0750         68    0.8894    0.8894    0.9015
    20.775     19.70    0.0350         20    0.9779    0.9912    0.9912
    20.775     19.90   -0.0100         36    0.9389    0.9517    0.9647
    20.775     19.90    0.0750         96    0.9912    0.9912    1.0048
    20.775     19.90    0.1500         84    1.0048    1.0048    1.0048
    20.775     20.10   -0.0350        420    0.9779    0.9912    1.0048
    20.775     20.10   -0.0100        208    1.0185    1.0185    1.0185
    20.775     20.10    0.1500         64    0.9912    1.0048    1.0048
    20.775     20.30   -0.0350        172    1.0048    1.0048    1.0048
    20.775     20.30   -0.0100       8088    1.0048    1.0048    1.0048
    20.775     20.30    0.0100       8932    1.0048    1.0048    1.0048
    20.775     20.30    0.0350        184    1.0048    1.0048    1.0048
    20.775     20.50   -0.0100       9344    1.0048    1.0048    1.0048
    20.775     20.50    0.0100      10412    1.0048    1.0048    1.0048
    20.825     18.50   -0.0750         24    0.6691    0.6691    0.6783
    20.825     18.70   -0.1500         24    0.6969    0.7767    0.7767
    20.825     18.90   -0.1500         24    0.7767    0.7873    0.7980
    20.825     19.10   -0.6000         20    0.7873    0.7873    0.7980
    20.825     19.10   -0.0750         28    0.8311    0.8311    0.8425
    20.825     19.30   -0.1500         56    0.8894    0.9015    0.9015
    20.825     19.50   -0.1500        140    0.9138    0.9138    0.9263
    20.825     19.50   -0.0750         76    0.9138    0.9138    0.9263
    20.825     19.50    0.0750         20    0.9912    0.9912    1.0464
    20.825     19.70    0.0100         36    1.0048    1.0048    1.0048
    20.825     19.70    0.0750        176    0.9912    1.0048    1.0185
    20.825     19.90   -0.0100        136    1.0185    1.0185    1.0185
    20.825     19.90    0.0100        180    1.0185    1.0185    1.0185
    20.825     19.90    0.0750         52    0.9912    0.9912    1.0048
    20.825     19.90    0.1500         32    1.0048    1.0048    1.0048
    20.825     20.10   -0.0350        172    1.0048    1.0185    1.0185
    20.825     20.10   -0.0100       7504    1.0048    1.0048    1.0048
    20.825     20.10    0.0100       2140    1.0048    1.0048    1.0185
    20.825     20.10    0.0350        152    1.0048    1.0048    1.0185
    20.825     20.30   -0.0100       4476    1.0048    1.0048    1.0048
    20.825     20.30    0.0100      11532    1.0048    1.0048    1.0048
    20.825     20.30    0.0350        336    1.0048    1.0048    1.0048
    20.875     18.10   -0.0750         36    0.6875    0.6875    0.6969
    20.875     18.30   -0.1500         24    0.6969    0.7064    0.7064
    20.875     18.30   -0.0750         40    0.6691    0.6783    0.6875
    20.875     18.50   -0.1500         44    0.7767    0.7873    0.7980
    20.875     18.90   -0.0750         24    0.8425    0.8656    0.8774
    20.875     19.10   -0.1500         24    0.9263    0.9263    0.9389
    20.875     19.10    0.0100         24    0.9263    0.9263    0.9647
    20.875     19.30   -0.1500        348    0.9263    0.9517    0.9647
    20.875     19.30   -0.0750       1644    0.9647    0.9779    0.9912
    20.875     19.30   -0.0350       2576    0.9779    0.9779    0.9912
    20.875     19.30   -0.0100       1716    0.9912    0.9912    0.9912
    20.875     19.30    0.0100        136    0.9517    0.9517    0.9779
    20.875     19.30    0.0750         60    1.0464    1.1822    1.2480
    20.875     19.50   -0.0750        728    0.9912    0.9912    1.0048
    20.875     19.50   -0.0350       3720    0.9912    1.0048    1.0048
    20.875     19.50   -0.0100      44984    1.0048    1.0048    1.0048
    20.875     19.50    0.0100      99224    1.0048    1.0048    1.0048
    20.875     19.50    0.0750        104    0.9912    1.0464    1.0752
    20.875     19.70   -0.0100         40    1.0185    1.0185    1.0185
    20.875     19.70    0.0100         76    1.0185    1.0185    1.0185
    20.875     19.70    0.0350         20    1.0048    1.0185    1.0185
    20.875     19.90   -0.0100       3652    1.0185    1.0185    1.0185
    20.875     19.90    0.0100       4868    1.0185    1.0185    1.0185
    20.875     19.90    0.0350         88    1.0185    1.0185    1.0185
    20.875     20.10   -0.0100       3544    1.0048    1.0048    1.0185
    20.875     20.10    0.0100       7100    1.0185    1.0185    1.0185
    20.875     20.10    0.0350         32    1.0185    1.0185    1.0185
    20.925     17.90    0.1500         20    2.7761    2.9707    4.8387
    20.925     18.30   -0.1500         24    0.7980    0.7980    0.8199
    20.925     18.50   -0.1500         28    0.8089    0.8089    0.8199
    20.925     18.70   -0.0750         32    0.8540    0.8540    0.8774
    20.925     18.70   -0.0350         48    0.8774    0.9015    0.9138
    20.925     18.90   -0.1500        164    0.8774    0.9015    0.9138
    20.925     18.90   -0.0750        436    0.8656    0.9263    0.9389
    20.925     18.90   -0.0350         44    0.8774    0.8894    0.8894
    20.925     18.90   -0.0100         24    0.8774    0.8774    0.9015
    20.925     18.90    0.0100         80    0.9015    0.9389    0.9517
    20.925     18.90    0.0350         24    1.0752    1.1198    1.1663
    20.925     19.10   -0.1500        184    0.9138    0.9263    0.9389
    20.925     19.10   -0.0750       1044    0.9263    0.9389    0.9517
    20.925     19.10   -0.0350       1552    0.9647    0.9779    0.9912
    20.925     19.10   -0.0100        276    0.9263    0.9517    1.0185
    20.925     19.10    0.0100         68    0.9263    0.9263    1.0048
    20.925     19.10    0.0350         20    1.0607    1.1047    1.1198
    20.925     19.10    0.0750         28    1.3909    1.4099    1.5928
    20.925     19.30   -0.0750        156    0.9517    0.9647    0.9647
    20.925     19.30   -0.0350       1004    0.9647    0.9779    0.9779
    20.925     19.30   -0.0100      39432    1.0048    1.0048    1.0048
    20.925     19.30    0.0100      98832    1.0048    1.0048    1.0048
    20.925     19.50   -0.0100      20588    1.0048    1.0048    1.0048
    20.925     19.50    0.0100       1904    1.0048    1.0048    1.0048
    20.925     19.50    0.0750         24    1.0324    1.0324    1.0324
    20.925     19.70   -0.0100       1752    1.0185    1.0185    1.0185
    20.925     19.70    0.0100       5552    1.0185    1.0185    1.0185
    20.925     19.70    0.0350        228    1.0185    1.0185    1.0185
    20.925     19.70    0.0750         84    1.0185    1.0185    1.0185
    20.925     19.90   -0.0100       5296    1.0048    1.0048    1.0185
    20.925     19.90    0.0100       1712    1.0185    1.0185    1.0185
    20.925     19.90    0.0350         32    1.0185    1.0185    1.0185
    20.975     17.50   -0.0350         32    0.7980    0.7980    0.8199
    20.975     18.30   -0.0750         28    0.7873    0.7873    0.7980
    20.975     18.30    0.0750         24    1.0324    1.0899    1.1047
    20.975     18.50   -0.1500         84    0.8425    0.8425    0.8540
    20.975     18.50   -0.0750        140    0.7980    0.8089    0.8199
    20.975     18.50   -0.0350         32    0.8656    0.8656    0.9517
    20.975     18.50   -0.0100         40    0.8656    0.8656    0.9647
    20.975     18.50    0.0350         52    1.0607    1.0899    1.4884
    20.975     18.70   -0.1500        104    0.8540    0.8656    0.8774
    20.975     18.70   -0.0750        376    0.8774    0.9263    0.9389
    20.975     18.70   -0.0350         20    0.8656    0.8656    0.8774
    20.975     18.70    0.0350         40    1.0048    1.0899    1.2650
    20.975     18.90   -0.0750        380    0.9263    0.9389    0.9779
    20.975     18.90   -0.0350         24    1.0048    1.0185    1.0185
    20.975     18.90   -0.0100        372    0.9779    1.0048    1.0185
    20.975     18.90    0.0100         40    0.9517    0.9647    0.9779
    20.975     18.90    0.0350         20    0.9912    1.0048    1.0048
    20.975     19.10   -0.0750         80    0.9779    0.9912    0.9912
    20.975     19.10   -0.0350        520    0.9779    0.9912    1.0048
    20.975     19.10   -0.0100      16372    1.0048    1.0185    1.0185
    20.975     19.10    0.0100      21564    1.0185    1.0185    1.0185
    20.975     19.30   -0.0100      12584    1.0048    1.0048    1.0048
    20.975     19.30    0.0100      21477    1.0048    1.0048    1.0048
    20.975     19.30    0.0350         24    1.0185    1.0185    1.0185
    20.975     19.50   -0.0100       4084    1.0185    1.0185    1.0185
    20.975     19.50    0.0100       2265    1.0185    1.0185    1.0185
    20.975     19.50    0.0350        484    1.0185    1.0185    1.0185
    20.975     19.70   -0.0100       3880    1.0185    1.0185    1.0185
    20.975     19.70    0.0100       1280    1.0185    1.0185    1.0185
    20.975     19.70    0.0750         20    1.0185    1.0185    1.0185
    21.025     17.30   -0.0100         20    0.8774    0.9138    0.9389
    21.025     17.50   -0.1500         20    0.7767    0.7767    0.7873
    21.025     17.90   -0.1500         44    0.8425    0.8540    0.8656
    21.025     17.90   -0.0350         20    0.7662    0.7662    0.7662
    21.025     18.10   -0.1500         60    0.7980    0.8089    0.8311
    21.025     18.10   -0.0750         28    0.7767    0.7873    0.7873
    21.025     18.10   -0.0350         32    0.7662    0.7662    0.7767
    21.025     18.10    0.0350         28    1.0185    1.0324    1.4884
    21.025     18.10    0.0750         20    1.1047    2.4574    2.6655
    21.025     18.30   -0.1500         76    0.8199    0.8425    0.8540
    21.025     18.30   -0.0750         44    0.7767    0.7873    0.8894
    21.025     18.30    0.0100         20    0.9015    0.9015    0.9138
    21.025     18.50   -0.1500         32    0.8540    0.8656    0.8656
    21.025     18.50   -0.0750        212    0.9263    0.9517    0.9647
    21.025     18.50   -0.0350         24    0.9647    0.9647    0.9647
    21.025     18.50    0.0100         20    1.0048    1.0185    1.0185
    21.025     18.50    0.1500         36    1.0185    1.0185    1.0185
    21.025     18.70   -0.0750        184    0.9263    0.9517    0.9647
    21.025     18.70   -0.0350        104    0.9517    0.9517    0.9647
    21.025     18.70   -0.0100         32    1.0185    1.0185    1.0185
    21.025     18.70    0.0100         92    1.0185    1.0185    1.0324
    21.025     18.70    0.0350         24    1.0185    1.0324    1.0324
    21.025     18.70    0.1500         40    1.0048    1.0048    1.0185
    21.025     18.90   -0.0750        124    0.9912    1.0048    1.0324
    21.025     18.90   -0.0100       7844    1.0185    1.0185    1.0185
    21.025     18.90    0.0100      11012    1.0185    1.0185    1.0185
    21.025     18.90    0.0350         52    1.0185    1.0185    1.0185
    21.025     19.10   -0.0100       5748    1.0185    1.0185    1.0185
    21.025     19.10    0.0100      12324    1.0185    1.0185    1.0185
    21.025     19.10    0.0350        184    1.0324    1.0324    1.0324
    21.025     19.10    0.1500         32    1.0464    1.0464    1.0464
    21.025     19.30   -0.0100       5148    1.0185    1.0185    1.0185
    21.025     19.30    0.0100       1412    1.0185    1.0185    1.0324
    21.025     19.30    0.0350        536    1.0185    1.0185    1.0324
    21.025     19.50   -0.0100         56    1.0185    1.0185    1.0185
    21.025     19.50    0.0100       1844    1.0185    1.0185    1.0185
    21.075     17.70   -0.0750         36    0.7980    0.8774    0.9138
    21.075     17.70   -0.0350         32    0.7767    0.7873    0.8089
    21.075     17.90   -0.1500         68    0.7980    0.8540    0.8656
    21.075     17.90   -0.0750         28    0.7873    0.7873    0.8774
    21.075     17.90   -0.0350         52    0.7767    0.7767    0.7767
    21.075     18.10   -0.1500         52    0.8425    0.8540    0.8656
    21.075     18.10   -0.0350         32    0.9263    0.9389    0.9517
    21.075     18.10    0.0100         20    0.9263    0.9389    0.9647
    21.075     18.10    0.1500         20    1.0324    1.2650    2.2655
    21.075     18.30   -0.0750        116    0.9779    0.9779    0.9912
    21.075     18.30   -0.0350         24    0.9138    0.9138    0.9263
    21.075     18.30    0.0750        116    1.0185    1.0185    1.0324
    21.075     18.30    0.1500         52    1.0324    1.0324    1.0324
    21.075     18.50   -0.0750        160    0.9647    0.9779    0.9912
    21.075     18.50   -0.0350        100    0.9779    1.0048    1.0048
    21.075     18.50   -0.0100        120    1.0185    1.0185    1.0324
    21.075     18.50    0.0100        128    1.0185    1.0185    1.0185
    21.075     18.50    0.0750         48    1.0185    1.0185    1.0607
    21.075     18.50    0.1500         88    1.0185    1.0185    1.0324
    21.075     18.70   -0.0350        148    1.0324    1.0324    1.0464
    21.075     18.70   -0.0100       5848    1.0185    1.0185    1.0185
    21.075     18.70    0.0100       8972    1.0185    1.0185    1.0185
    21.075     18.70    0.0350        252    1.0185    1.0185    1.0324
    21.075     18.90   -0.0350         36    1.0324    1.0324    1.0324
    21.075     18.90   -0.0100       8656    1.0185    1.0185    1.0324
    21.075     18.90    0.0100       2880    1.0185    1.0185    1.0324
    21.075     18.90    0.0350         76    1.0185    1.0185    1.0324
    21.075     18.90    0.1500         32    1.0464    1.0464    1.0464
    21.075     19.10   -0.0100       1824    1.0324    1.0324    1.0324
    21.075     19.10    0.0100       2880    1.0324    1.0324    1.0324
    21.075     19.10    0.0350        345    1.0324    1.0324    1.0324
    21.075     19.30   -0.0100        248    1.0185    1.0185    1.0324
    21.125     16.70    0.0750         20    1.3722    1.3909    1.3909
    21.125     17.50   -0.0750         20    0.9389    0.9389    0.9517
    21.125     17.50   -0.0100         48    0.8311    0.8425    0.8774
    21.125     17.70   -0.0750         52    0.8774    0.8774    0.8894
    21.125     17.70    0.0100         64    1.0048    1.0185    1.0185
    21.125     17.70    0.0750         28    1.0464    1.0464    1.3355
    21.125     17.70    0.1500         20    1.2312    1.2480    3.9487
    21.125     17.90    0.0100        136    1.0185    1.0185    1.0185
    21.125     17.90    0.0750        152    1.0185    1.0324    1.0607
    21.125     18.10   -0.0350        108    1.0048    1.0185    1.0185
    21.125     18.10    0.0750        132    1.0185    1.0324    1.0324
    21.125     18.30   -0.0750         84    0.9912    1.0048    1.0048
    21.125     18.30   -0.0350        100    0.9912    1.0048    1.0185
    21.125     18.30   -0.0100        488    1.0324    1.0324    1.0324
    21.125     18.30    0.0100        408    1.0324    1.0324    1.0324
    21.125     18.30    0.0350         20    1.0324    1.0324    1.0324
    21.125     18.50   -0.0350         64    1.0185    1.0464    1.0464
    21.125     18.50   -0.0100       5788    1.0185    1.0324    1.0324
    21.125     18.50    0.0100       5665    1.0324    1.0324    1.0324
    21.125     18.50    0.0350        252    1.0324    1.0324    1.0324
    21.125     18.50    0.0750         68    1.0464    1.0464    1.0464
    21.125     18.70   -0.0100       4908    1.0185    1.0185    1.0324
    21.125     18.70    0.0100       2200    1.0185    1.0324    1.0464
    21.125     18.70    0.0350         68    1.0324    1.0324    1.0464
    21.125     18.70    0.1500         36    1.0464    1.0464    1.0607
    21.125     18.90   -0.0100       2304    1.0324    1.0324    1.0324
    21.125     18.90    0.0100        344    1.0324    1.0324    1.0324
    21.175     16.90    0.0750         20    1.2823    1.3355    1.3355
    21.175     17.10    0.0100         24    0.9647    0.9779    1.0464
    21.175     17.30   -0.0750         80    0.9517    0.9647    0.9647
    21.175     17.30   -0.0350        228    0.9517    0.9779    0.9912
    21.175     17.30    0.0100         40    0.9015    0.9647    0.9912
    21.175     17.30    0.1500         21    1.7751    3.1362    3.3561
    21.175     17.50   -0.0750        488    0.9647    0.9912    1.0048
    21.175     17.50   -0.0350       3824    0.9912    1.0048    1.0185
    21.175     17.50   -0.0100      53332    1.0185    1.0324    1.0324
    21.175     17.50    0.0100     133260    1.0324    1.0324    1.0324
    21.175     17.50    0.0350         24    1.0464    1.0752    1.1047
    21.175     17.50    0.0750         37    1.2312    1.3355    1.3909
    21.175     17.70   -0.0350        324    1.0185    1.0185    1.0185
    21.175     17.70   -0.0100      77260    1.0324    1.0324    1.0324
    21.175     17.70    0.0100     112268    1.0324    1.0324    1.0324
    21.175     17.70    0.0750        105    1.0607    1.1198    1.1506
    21.175     17.90   -0.0100         40    1.0464    1.0464    1.0607
    21.175     17.90    0.0100         20    1.0185    1.0185    1.0324
    21.175     18.10   -0.0350        212    1.0185    1.0324    1.0464
    21.175     18.10   -0.0100       1556    1.0324    1.0324    1.0324
    21.175     18.10    0.0100        824    1.0324    1.0324    1.0324
    21.175     18.10    0.0350         48    1.0464    1.0464    1.0607
    21.175     18.10    0.0750         20    1.0464    1.0752    1.0752
    21.175     18.10    0.1500         20    1.0464    1.0464    1.1047
    21.175     18.30   -0.0100       4840    1.0324    1.0324    1.0324
    21.175     18.30    0.0100       4709    1.0324    1.0324    1.0464
    21.175     18.30    0.0350        132    1.0324    1.0324    1.0324
    21.175     18.30    0.0750         88    1.0464    1.0607    1.0607
    21.175     18.50   -0.0100       3660    1.0185    1.0464    1.0464
    21.175     18.50    0.0100        956    1.0324    1.0464    1.0464
    21.175     18.50    0.0750         52    1.0464    1.0464    1.0464
    21.175     18.70    0.0100        836    1.0464    1.0464    1.0464
    21.225     16.30    0.1500         20    1.7994    2.0054    2.0886
    21.225     16.90   -0.0750         24    0.8774    0.8894    0.9263
    21.225     16.90    0.0350         44    1.0899    1.1506    1.2998
    21.225     17.10   -0.0750        164    0.9015    0.9263    0.9263
    21.225     17.10   -0.0350        424    0.8894    0.9517    0.9912
    21.225     17.10   -0.0100         56    0.9389    0.9389    0.9389
    21.225     17.10    0.0100         52    0.9389    1.0048    1.0607
    21.225     17.10    0.0350         72    1.0464    1.1983    1.3909
    21.225     17.30   -0.0750        232    0.9263    0.9389    0.9517
    21.225     17.30   -0.0350       1148    0.9389    0.9779    0.9912
    21.225     17.30   -0.0100      14248    1.0324    1.0324    1.0324
    21.225     17.30    0.0100      13564    1.0324    1.0324    1.0324
    21.225     17.30    0.0350         64    1.0464    1.1047    1.2650
    21.225     17.30    0.0750         22    1.1983    1.7513    2.0886
    21.225     17.50   -0.0100      31696    1.0324    1.0324    1.0324
    21.225     17.50    0.0100      41537    1.0324    1.0324    1.0324
    21.225     17.50    0.0350         20    1.0899    1.0899    1.0899
    21.225     17.70   -0.0100         68    1.0324    1.0607    1.0607
    21.225     17.70    0.0100         32    0.9912    1.0607    1.0607
    21.225     17.70    0.0350         20    1.0607    1.0607    1.0752
    21.225     17.90   -0.0350         64    1.0324    1.0464    1.0464
    21.225     17.90   -0.0100       1608    1.0464    1.0464    1.0464
    21.225     17.90    0.0100       3044    1.0464    1.0464    1.0464
    21.225     17.90    0.0350         96    1.0607    1.0607    1.0607
    21.225     17.90    0.0750         36    1.0607    1.0752    1.0899
    21.225     17.90    0.1500         21    1.0607    1.0607    1.0607
    21.225     18.10   -0.0100       4996    1.0324    1.0324    1.0464
    21.225     18.10    0.0100       2288    1.0324    1.0464    1.0464
    21.225     18.10    0.0350         84    1.0464    1.0464    1.0607
    21.225     18.10    0.0750         76    1.0607    1.0607    1.0607
    21.225     18.10    0.1500         24    1.0607    1.0607    1.0607
    21.225     18.30   -0.0100       1160    1.0464    1.0464    1.0464
    21.225     18.30    0.0100        928    1.0464    1.0607    1.0607
    21.225     18.30    0.0750         28    1.0607    1.0607    1.0607
    21.275     16.70   -0.0750         48    0.8656    0.9138    0.9389
    21.275     16.70   -0.0350         20    0.8774    0.8774    0.8774
    21.275     16.70   -0.0100         56    0.8540    0.8656    0.8656
    21.275     16.70    0.0350         24    1.1351    1.1663    1.2147
    21.275     16.70    0.0750         32    1.2823    1.7751    2.6655
    21.275     16.90   -0.0750        180    0.8774    0.9138    0.9138
    21.275     16.90   -0.0350        184    0.8774    1.0185    1.0185
    21.275     16.90   -0.0100         88    0.8540    0.8656    0.9779
    21.275     16.90    0.0100         60    0.9779    0.9912    1.0324
    21.275     16.90    0.0350         32    1.0324    1.2998    1.5293
    21.275     16.90    0.0750         41    1.1822    1.7994    2.0054
    21.275     17.10   -0.0350        532    0.9912    1.0048    1.0185
    21.275     17.10   -0.0100       7136    1.0324    1.0324    1.0464
    21.275     17.10    0.0100       7017    1.0324    1.0464    1.0464
    21.275     17.10    0.0350         56    1.0464    1.0464    1.0607
    21.275     17.10    0.0750         32    1.0607    1.0752    1.1506
    21.275     17.30   -0.0100      12932    1.0324    1.0324    1.0324
    21.275     17.30    0.0100       9844    1.0324    1.0324    1.0324
    21.275     17.50   -0.0100        300    1.0464    1.0607    1.0607
    21.275     17.50    0.0100        692    1.0607    1.0607    1.0752
    21.275     17.50    0.0350         44    0.9912    1.0752    1.0752
    21.275     17.50    0.0750         24    1.0752    1.1047    1.1047
    21.275     17.70   -0.0100       3068    1.0464    1.0464    1.0607
    21.275     17.70    0.0100       3016    1.0464    1.0607    1.0607
    21.275     17.70    0.0350        116    1.0607    1.0607    1.0607
    21.275     17.70    0.0750         96    1.0752    1.0752    1.0752
    21.275     17.90   -0.0100       3516    1.0464    1.0464    1.0607
    21.275     17.90    0.0100        924    1.0464    1.0607    1.0607
    21.275     17.90    0.0350         80    1.0464    1.0464    1.0607
    21.275     17.90    0.0750         48    1.0752    1.0752    1.0752
    21.275     18.10   -0.0100        692    1.0607    1.0607    1.0607
    21.325     16.30    0.1500         56    1.4291    1.8239    1.9255
    21.325     16.50   -0.0750         32    0.8656    0.8774    0.9263
    21.325     16.50   -0.0350         48    0.9389    0.9389    0.9517
    21.325     16.50   -0.0100         56    0.9015    0.9015    0.9138
    21.325     16.50    0.0100         52    0.9138    0.9389    0.9517
    21.325     16.50    0.0750         28    1.2823    1.3722    2.4243
    21.325     16.50    0.1500         21    1.5502    2.5594    3.5913
    21.325     16.70   -0.0750         76    0.8656    0.9263    0.9263
    21.325     16.70   -0.0350         44    0.8774    1.0324    1.0324
    21.325     16.70   -0.0100         96    0.8894    1.0607    1.0607
    21.325     16.70    0.0100         20    1.0324    1.0324    1.0464
    21.325     16.70    0.0350         28    1.0607    1.0752    1.2147
    21.325     16.70    0.0750         28    1.0752    1.0752    2.0054
    21.325     16.70    0.1500         60    1.0752    1.0752    1.0752
    21.325     16.90   -0.0350        300    1.0324    1.0324    1.0464
    21.325     16.90   -0.0100       5868    1.0464    1.0464    1.0464
    21.325     16.90    0.0100       4569    1.0464    1.0464    1.0464
    21.325     16.90    0.0350         20    1.0899    1.0899    1.1047
    21.325     16.90    0.0750         68    1.0607    1.0607    1.0899
    21.325     16.90    0.1500         96    1.0607    1.0752    1.0752
    21.325     17.10   -0.0100       6580    1.0324    1.0464    1.0464
    21.325     17.10    0.0100       2224    1.0464    1.0464    1.0464
    21.325     17.10    0.0350         32    0.9912    1.0607    1.0607
    21.325     17.10    0.1500         24    1.0464    1.1506    1.2998
    21.325     17.30   -0.0100        880    1.0607    1.0607    1.0752
    21.325     17.30    0.0100       1580    1.0607    1.0752    1.0752
    21.325     17.30    0.0350        272    1.0752    1.0752    1.0899
    21.325     17.30    0.0750         32    1.1351    1.1351    1.1351
    21.325     17.30    0.1500         28    1.1351    1.1506    1.1506
    21.325     17.50   -0.0100       3644    1.0607    1.0607    1.0752
    21.325     17.50    0.0100       1937    1.0607    1.0607    1.0752
    21.325     17.50    0.0350        116    1.0752    1.0752    1.0899
    21.325     17.50    0.0750        136    1.0752    1.0752    1.0899
    21.325     17.70   -0.0100       1264    1.0752    1.0752    1.0752
    21.325     17.70    0.0100        608    1.0607    1.0607    1.0607
    21.325     17.70    0.0350         64    1.0607    1.0607    1.0607
    21.325     17.90   -0.0100         24    1.0752    1.0752    1.0752
    21.375     16.10    0.0350         44    1.0752    1.1663    1.1983
    21.375     16.10    0.1500         21    1.5502    1.9784    2.3277
    21.375     16.30   -0.0750         24    0.8894    0.8894    0.8894
    21.375     16.30   -0.0350         32    0.9517    0.9912    0.9912
    21.375     16.30    0.0100         56    0.9779    1.0185    1.1047
    21.375     16.30    0.0350         20    1.0185    1.0752    1.0752
    21.375     16.30    0.0750        152    1.0752    1.0752    1.0899
    21.375     16.30    0.1500         36    1.3909    1.7513    2.9308
    21.375     16.50   -0.0350         68    0.9389    0.9517    1.0185
    21.375     16.50   -0.0100        160    1.0464    1.0607    1.0752
    21.375     16.50    0.0100        204    1.0607    1.0607    1.0752
    21.375     16.50    0.0350         60    1.0752    1.0752    1.0899
    21.375     16.50    0.0750        104    1.0752    1.0752    1.0752
    21.375     16.50    0.1500         37    1.0899    1.0899    1.0899
    21.375     16.70   -0.0100       5452    1.0464    1.0607    1.0607
    21.375     16.70    0.0100       3276    1.0607    1.0607    1.0607
    21.375     16.70    0.0350        132    1.0752    1.0752    1.1047
    21.375     16.70    0.0750         73    1.0607    1.0752    1.0752
    21.375     16.70    0.1500         28    1.0752    1.0752    1.0752
    21.375     16.90   -0.0100       1796    1.0464    1.0464    1.0464
    21.375     16.90    0.0100       1900    1.0464    1.0464    1.0607
    21.375     16.90    0.0350        212    1.0185    1.1047    1.1198
    21.375     16.90    0.0750         24    1.0607    1.0607    1.0607
    21.375     16.90    0.1500         45    1.1506    1.1663    1.1663
    21.375     17.10   -0.0100       1796    1.0752    1.0752    1.0899
    21.375     17.10    0.0100       1897    1.0752    1.0752    1.0899
    21.375     17.10    0.0350        412    1.0899    1.0899    1.1047
    21.375     17.10    0.1500         20    1.1506    1.1663    1.1663
    21.375     17.30   -0.0100       1728    1.0752    1.0752    1.0899
    21.375     17.30    0.0100       1608    1.0752    1.0899    1.0899
    21.375     17.30    0.0350        140    1.0752    1.0899    1.0899
    21.375     17.50   -0.0100        488    1.0752    1.0899    1.0899
    21.425     15.70   -0.0350        152    1.0607    1.0607    1.0607
    21.425     15.70   -0.0100      22412    1.0752    1.0752    1.0752
    21.425     15.70    0.0100        412    1.0464    1.0752    1.0752
    21.425     15.90   -0.0350         20    0.9647    0.9779    0.9779
    21.425     15.90    0.0100        580    1.0607    1.0607    1.0607
    21.425     15.90    0.0750        145    1.0899    1.1351    1.1983
    21.425     15.90    0.1500         20    1.9518    2.2350    2.6655
    21.425     16.10   -0.0350         40    0.9263    0.9517    0.9912
    21.425     16.10   -0.0100         32    0.9912    1.0607    1.0752
    21.425     16.10    0.0350         56    1.1198    1.1663    1.2480
    21.425     16.10    0.0750        132    1.0752    1.0899    1.0899
    21.425     16.10    0.1500         28    1.5502    1.8740    2.0605
    21.425     16.30   -0.0350         40    0.9779    1.0185    1.0324
    21.425     16.30   -0.0100        488    1.0752    1.0752    1.0752
    21.425     16.30    0.0100        876    1.0752    1.0752    1.0752
    21.425     16.30    0.0350         84    1.0324    1.0899    1.0899
    21.425     16.30    0.0750         40    1.0752    1.1351    1.1351
    21.425     16.50   -0.0100       4044    1.0607    1.0607    1.0752
    21.425     16.50    0.0100       2808    1.0607    1.0607    1.0752
    21.425     16.50    0.0350        212    1.0752    1.0752    1.1198
    21.425     16.50    0.0750         52    1.0185    1.1198    1.1351
    21.425     16.70   -0.0100        716    1.0607    1.0899    1.1047
    21.425     16.70    0.0100       1712    1.0607    1.0899    1.1047
    21.425     16.70    0.0350        321    1.1047    1.1198    1.1198
    21.425     16.70    0.0750         28    1.0048    1.0185    1.0185
    21.425     16.70    0.1500         56    1.1663    1.1822    1.1822
    21.425     16.90   -0.0100        996    1.0899    1.0899    1.1047
    21.425     16.90    0.0100       2284    1.0899    1.0899    1.1047
    21.425     16.90    0.0350        292    1.0899    1.1047    1.1047
    21.425     17.10   -0.0100        664    1.0752    1.0899    1.0899
    21.425     17.10    0.0100        740    1.0899    1.1047    1.1047
    21.425     17.10    0.0350         36    1.1047    1.1047    1.1047
    21.425     17.30    0.0100         48    1.0899    1.0899    1.0899
    21.475     15.50   -0.0350        948    1.0048    1.0464    1.0607
    21.475     15.50   -0.0100       6176    1.0752    1.0899    1.0899
    21.475     15.50    0.0100       5152    1.0752    1.0899    1.0899
    21.475     15.50    0.0350         97    1.1198    1.2147    1.3355
    21.475     15.70   -0.0350       1432    1.0464    1.0464    1.0607
    21.475     15.70   -0.0100      17704    1.0607    1.0752    1.0752
    21.475     15.70    0.0100      19569    1.0752    1.0752    1.0752
    21.475     15.70    0.0350         28    1.1351    1.1506    1.1506
    21.475     15.70    0.0750         82    1.2998    1.4684    1.6815
    21.475     15.70    0.6000         24    2.2049    2.4909    2.9308
    21.475     15.90   -0.0100         20    1.0324    1.0324    1.0464
    21.475     15.90    0.0100         36    1.0324    1.1351    1.1351
    21.475     15.90    0.0750         32    1.1506    1.2312    1.6815
    21.475     15.90    0.1500         28    1.2998    1.6145    1.6365
    21.475     15.90    0.6000         20    1.6365    2.3277    2.3917
    21.475     16.10   -0.0100       1008    1.0899    1.0899    1.0899
    21.475     16.10    0.0100       1001    1.0899    1.0899    1.0899
    21.475     16.10    0.0350        260    1.1047    1.1047    1.1047
    21.475     16.10    0.0750         48    1.0752    1.1506    1.1663
    21.475     16.30   -0.0100       2960    1.0752    1.0752    1.0899
    21.475     16.30    0.0100       2068    1.0752    1.0899    1.1198
    21.475     16.30    0.0350        220    1.0899    1.0899    1.1351
    21.475     16.30    0.0750         84    1.0464    1.1506    1.1822
    21.475     16.30    0.1500         45    1.1983    1.1983    1.2147
    21.475     16.50   -0.0100        740    1.0752    1.1047    1.1198
    21.475     16.50    0.0100       1688    1.1047    1.1198    1.1351
    21.475     16.50    0.0350        317    1.1198    1.1198    1.1351
    21.475     16.50    0.1500         32    1.1822    1.1822    1.1983
    21.475     16.70   -0.0100        544    1.1047    1.1047    1.1198
    21.475     16.70    0.0100       1720    1.1047    1.1047    1.1351
    21.475     16.70    0.0350         84    1.1047    1.1198    1.1198
    21.475     16.90    0.0100        368    1.0899    1.1198    1.1198
    21.525     15.10   -0.0350         44    0.9647    1.0185    1.0185
    21.525     15.10   -0.0100         24    0.9912    0.9912    1.0048
    21.525     15.10    0.0100         48    0.9779    1.0048    1.0048
    21.525     15.30   -0.0350        248    0.9647    1.0048    1.0048
    21.525     15.30   -0.0100       3204    1.0899    1.0899    1.0899
    21.525     15.30    0.0100       2913    1.0899    1.0899    1.0899
    21.525     15.30    0.0350        148    1.1047    1.1047    1.5087
    21.525     15.30    0.0750         42    1.1351    1.2147    2.1460
    21.525     15.50   -0.0350        108    1.0048    1.0607    1.0607
    21.525     15.50   -0.0100       7984    1.0899    1.0899    1.0899
    21.525     15.50    0.0100       5101    1.0899    1.0899    1.0899
    21.525     15.50    0.0350         72    1.1047    1.1047    1.5502
    21.525     15.50    0.1500         32    1.4486    1.8488    2.0054
    21.525     15.70    0.0100         36    1.0464    1.0607    1.1198
    21.525     15.70    0.0350         60    1.0607    1.1198    1.1822
    21.525     15.70    0.0750         40    1.1983    1.2147    1.2480
    21.525     15.70    0.6000         25    1.3537    2.2964    2.5594
    21.525     15.90   -0.0100        960    1.0899    1.1047    1.1047
    21.525     15.90    0.0100       1520    1.1047    1.1047    1.1198
    21.525     15.90    0.0350        388    1.1047    1.1198    1.1198
    21.525     15.90    0.0750         68    1.0899    1.1663    1.2312
    21.525     15.90    0.1500         28    1.0899    1.1822    1.1983
    21.525     16.10   -0.0100       1356    1.0899    1.0899    1.1047
    21.525     16.10    0.0100       1892    1.0899    1.1351    1.1506
    21.525     16.10    0.0350        360    1.1047    1.1506    1.1663
    21.525     16.10    0.0750         72    1.0607    1.0899    1.1983
    21.525     16.10    0.1500         41    1.1822    1.2147    1.2147
    21.525     16.30   -0.0100        376    1.1198    1.1198    1.1351
    21.525     16.30    0.0100       1904    1.1351    1.1351    1.1506
    21.525     16.30    0.0350        152    1.1351    1.1506    1.1506
    21.525     16.30    0.0750         24    1.0607    1.0607    1.0752
    21.525     16.50   -0.0100        100    1.1198    1.1351    1.1351
    21.525     16.50    0.0100        896    1.1198    1.1351    1.1506
    21.575     14.90    0.0350         76    1.1198    1.1663    1.1663
    21.575     15.10   -0.0350        104    0.9647    1.0185    1.0185
    21.575     15.10   -0.0100       1844    1.1047    1.1047    1.1047
    21.575     15.10    0.0100       3020    1.1047    1.1047    1.1047
    21.575     15.10    0.0350         72    1.1198    1.1506    1.1663
    21.575     15.10    0.0750         45    1.1983    1.3909    2.2655
    21.575     15.10    0.1500         32    1.1822    1.1822    2.3277
    21.575     15.30   -0.0100       2976    1.0899    1.1047    1.1047
    21.575     15.30    0.0100       2716    1.0899    1.1047    1.1047
    21.575     15.30    0.0350         33    1.1047    1.1047    1.1822
    21.575     15.30    0.1500         96    1.1663    1.1822    2.2350
    21.575     15.30    0.6000         40    1.7751    2.9707    3.0940
    21.575     15.50   -0.0100         24    1.1047    1.1047    1.1198
    21.575     15.50    0.0100        328    1.1351    1.1351    1.1351
    21.575     15.50    0.0350         92    1.0899    1.1506    1.2147
    21.575     15.50    0.1500         69    1.1663    1.1983    1.4884
    21.575     15.70   -0.0100        676    1.1047    1.1198    1.1198
    21.575     15.70    0.0100       2061    1.1198    1.1198    1.1822
    21.575     15.70    0.0350        417    1.1198    1.1351    1.1983
    21.575     15.70    0.0750         52    1.1506    1.1983    1.2650
    21.575     15.70    0.1500         72    1.1822    1.1822    1.2650
    21.575     15.90   -0.0100        248    1.1047    1.1351    1.1663
    21.575     15.90    0.0100       2216    1.1198    1.1663    1.1822
    21.575     15.90    0.0350        300    1.1663    1.1822    1.1822
    21.575     15.90    0.0750         72    1.1198    1.1506    1.2650
    21.575     15.90    0.1500         28    1.2147    1.2147    1.2480
    21.575     16.10   -0.0100        212    1.1351    1.1506    1.1663
    21.575     16.10    0.0100       1268    1.1506    1.1663    1.1822
    21.575     16.30    0.0100        200    1.1351    1.1663    1.1663
    21.625     14.70   -0.0100         28    1.0607    1.0752    1.0752
    21.625     14.70    0.0350         28    1.2480    1.2650    1.3537
    21.625     14.70    0.0750        152    1.1822    1.1983    1.4486
    21.625     14.90   -0.0100       1432    1.1198    1.1198    1.1198
    21.625     14.90    0.0100       2205    1.1198    1.1198    1.1351
    21.625     14.90    0.0350         76    1.1198    1.1663    1.1983
    21.625     14.90    0.0750        144    1.1822    1.1983    1.2480
    21.625     14.90    0.1500         28    1.1983    1.1983    1.2823
    21.625     15.10   -0.0100       1268    1.1047    1.1198    1.1198
    21.625     15.10    0.0100       1736    1.1047    1.1198    1.1198
    21.625     15.10    0.0350        116    1.1198    1.1198    1.1198
    21.625     15.10    0.0750        100    1.1822    1.1822    1.2650
    21.625     15.10    0.1500         24    1.1983    1.1983    1.6365
    21.625     15.10    0.6000         28    1.8996    2.9707    3.3561
    21.625     15.30   -0.0100        100    1.1351    1.1351    1.1506
    21.625     15.30    0.0100        860    1.1506    1.1663    1.1663
    21.625     15.30    0.0350        136    1.1351    1.2312    1.2480
    21.625     15.30    0.0750         52    1.1351    1.2650    1.2823
    21.625     15.30    0.1500         48    1.2823    1.3355    1.3909
    21.625     15.50   -0.0100        232    1.1198    1.1351    1.1351
    21.625     15.50    0.0100       1876    1.1351    1.1506    1.1506
    21.625     15.50    0.0350        372    1.2147    1.2147    1.2312
    21.625     15.50    0.0750         32    1.2147    1.2480    1.3355
    21.625     15.50    0.1500        120    1.2312    1.3175    1.3909
    21.625     15.70   -0.0100         64    1.1663    1.1822    1.1822
    21.625     15.70    0.0100       1549    1.1822    1.1983    1.2147
    21.625     15.70    0.0350        116    1.1983    1.1983    1.2147
    21.625     15.70    0.1500         24    1.2823    1.2998    1.2998
    21.625     15.90    0.0100        636    1.1822    1.1822    1.2147
    21.675     14.10   -0.0100     197736    1.1822    1.1822    1.1822
    21.675     14.10    0.0100     155980    1.1822    1.1822    1.1822
    21.675     14.30    0.0100        460    1.1663    1.1663    1.1663
    21.675     14.30    0.0350         52    1.1983    1.1983    1.2147
    21.675     14.30    0.0750         88    1.2147    1.2147    1.2312
    21.675     14.50    0.0350         68    1.1822    1.1822    1.2312
    21.675     14.50    0.0750        120    1.1983    1.1983    1.4291
    21.675     14.70   -0.0100        940    1.1351    1.1351    1.1506
    21.675     14.70    0.0100       1841    1.1351    1.1506    1.1506
    21.675     14.70    0.0350         40    1.1047    1.2147    1.2147
    21.675     14.70    0.0750        116    1.1822    1.1983    1.3722
    21.675     14.90   -0.0100        496    1.1198    1.1351    1.1351
    21.675     14.90    0.0100        584    1.1351    1.1351    1.1351
    21.675     14.90    0.0350         96    1.2147    1.2823    1.2998
    21.675     14.90    0.0750         68    1.1822    1.3175    1.3909
    21.675     14.90    0.6000         35    2.6297    2.7019    3.3561
    21.675     15.10   -0.0100         64    1.1663    1.1822    1.1822
    21.675     15.10    0.0100        785    1.1822    1.1822    1.1983
    21.675     15.10    0.0350        404    1.1983    1.2650    1.2823
    21.675     15.10    0.0750         76    1.1506    1.2312    1.3175
    21.675     15.10    0.1500        112    1.3909    1.4099    1.5713
    21.675     15.10    0.6000         28    1.8996    1.9255    3.4483
    21.675     15.30   -0.0100         92    1.1506    1.1663    1.1663
    21.675     15.30    0.0100       1533    1.1663    1.1822    1.2480
    21.675     15.30    0.0350        336    1.2147    1.2480    1.2480
    21.675     15.30    0.1500         92    1.3355    1.3722    1.3909
    21.675     15.50    0.0100       1076    1.2147    1.2312    1.2480
    21.675     15.50    0.0350         24    1.1983    1.1983    1.2312
    21.675     15.70    0.0100        120    1.2147    1.2312    1.2312
    21.725     13.90   -0.0350        144    1.1198    1.1351    1.1351
    21.725     13.90   -0.0100       6664    1.1983    1.1983    1.1983
    21.725     13.90    0.0100       5394    1.1822    1.1983    1.1983
    21.725     13.90    0.0350         94    1.2312    1.4099    1.5502
    21.725     14.10   -0.0350        184    1.1351    1.1506    1.1506
    21.725     14.10   -0.0100     229245    1.1822    1.1822    1.1822
    21.725     14.10    0.0100     166130    1.1822    1.1822    1.1822
    21.725     14.10    0.0350         29    1.3175    1.3722    1.5293
    21.725     14.30    0.0100         56    1.1822    1.1983    1.1983
    21.725     14.30    0.0350         56    1.2312    1.2650    1.2823
    21.725     14.30    0.1500         28    1.5293    2.0327    2.5249
    21.725     14.50   -0.0100        432    1.1506    1.1663    1.1663
    21.725     14.50    0.0100       1764    1.1663    1.1663    1.1822
    21.725     14.50    0.0350        104    1.1198    1.1351    1.2480
    21.725     14.50    0.0750         25    1.1983    1.1983    1.2147
    21.725     14.50    0.1500         24    1.8740    1.9255    2.2049
    21.725     14.70   -0.0100        204    1.1506    1.1506    1.1663
    21.725     14.70    0.0100        196    1.1506    1.1506    1.1983
    21.725     14.70    0.0350        166    1.2480    1.2650    1.3175
    21.725     14.70    0.0750         40    1.3722    1.3909    1.4486
    21.725     14.70    0.1500         76    1.4684    1.4884    1.6145
    21.725     14.70    0.6000         35    1.8239    2.0327    3.1790
    21.725     14.90    0.0100        933    1.2147    1.2147    1.2312
    21.725     14.90    0.0350        500    1.2312    1.2998    1.3175
    21.725     14.90    0.0750         64    1.2998    1.3355    1.3722
    21.725     14.90    0.1500        140    1.4486    1.5293    1.6815
    21.725     15.10    0.0100        684    1.1983    1.1983    1.2823
    21.725     15.10    0.0350        168    1.2650    1.2823    1.3175
    21.725     15.10    0.1500         28    1.5087    1.5502    1.7044
    21.725     15.30    0.0100        177    1.2312    1.2312    1.2480
    21.775     13.70   -0.0100       1368    1.2147    1.2147    1.2147
    21.775     13.70    0.0100       3409    1.2147    1.2147    1.2147
    21.775     13.70    0.0350         92    1.2312    1.2650    1.4291
    21.775     13.90   -0.0350         32    1.1047    1.1047    1.1047
    21.775     13.90   -0.0100      16028    1.1983    1.1983    1.2147
    21.775     13.90    0.0100       6057    1.1983    1.1983    1.2147
    21.775     13.90    0.0350         58    1.2312    1.3355    1.7513
    21.775     14.10    0.0100        200    1.2147    1.2312    1.2312
    21.775     14.10    0.0750         44    1.2650    1.3355    1.3722
    21.775     14.10    0.1500         36    1.7277    2.3595    2.6655
    21.775     14.30   -0.0100        196    1.1663    1.1822    1.1983
    21.775     14.30    0.0100        937    1.1822    1.1983    1.2147
    21.775     14.30    0.0350         44    1.1506    1.1822    1.3175
    21.775     14.30    0.0750         60    1.2312    1.2998    1.3175
    21.775     14.30    0.1500         53    1.5502    1.5928    1.6589
    21.775     14.50   -0.0100         32    1.1663    1.1663    1.1822
    21.775     14.50    0.0100        112    1.2823    1.2823    1.2998
    21.775     14.50    0.0350        233    1.2823    1.2998    1.3909
    21.775     14.50    0.1500        192    1.4486    1.5293    1.7751
    21.775     14.70    0.0100        244    1.2480    1.2480    1.2650
    21.775     14.70    0.0350        516    1.2823    1.3537    1.3722
    21.775     14.70    0.0750         52    1.3722    1.3722    1.4099
    21.775     14.70    0.1500         96    1.6365    1.7277    2.0886
    21.775     14.90    0.0100        136    1.2480    1.2823    1.3175
    21.775     14.90    0.0350        164    1.2998    1.3355    1.3537
    21.825     13.50   -0.0100        492    1.2312    1.2312    1.2480
    21.825     13.50    0.0100       1417    1.2312    1.2312    1.2480
    21.825     13.50    0.0350         96    1.2650    1.2823    1.4099
    21.825     13.50    0.0750         45    1.4099    1.5713    1.5928
    21.825     13.70   -0.0100       3780    1.2147    1.2312    1.2312
    21.825     13.70    0.0100       3800    1.2147    1.2312    1.2312
    21.825     13.70    0.0350        132    1.2650    1.2650    1.4099
    21.825     13.70    0.0750        141    1.3722    1.3909    1.4099
    21.825     13.90    0.0100        132    1.2480    1.2650    1.2650
    21.825     13.90    0.0350        152    1.2650    1.2823    1.2823
    21.825     13.90    0.0750        124    1.3722    1.3909    1.4486
    21.825     13.90    0.1500         41    1.3537    1.7994    2.8140
    21.825     14.10    0.0100        576    1.2312    1.2312    1.2480
    21.825     14.10    0.0350         24    1.2650    1.2650    1.3909
    21.825     14.10    0.0750        100    1.2998    1.3537    1.4099
    21.825     14.10    0.1500         77    1.3537    1.5293    1.9518
    21.825     14.30    0.0350        357    1.3355    1.3537    1.4486
    21.825     14.30    0.0750         88    1.4684    1.5087    1.5293
    21.825     14.30    0.1500        125    1.4884    1.8488    2.0605
    21.825     14.50    0.0100        116    1.2998    1.2998    1.3175
    21.825     14.50    0.0350        364    1.3722    1.4099    1.4291
    21.825     14.50    0.0750         76    1.4486    1.4486    1.4884
    21.825     14.50    0.1500         28    1.8239    2.0605    2.5943
    21.825     14.70    0.0350         72    1.3722    1.3909    1.4291
    21.875     13.10    0.0350         24    1.4099    1.4099    1.4099
    21.875     13.10    0.0750         56    1.4291    1.4291    1.4291
    21.875     13.30   -0.0100         64    1.2480    1.2650    1.2650
    21.875     13.30    0.0100        708    1.2650    1.2823    1.2823
    21.875     13.30    0.0350        164    1.2650    1.3537    1.4099
    21.875     13.30    0.0750        168    1.4291    1.4291    1.8740
    21.875     13.50   -0.0100        644    1.2312    1.2480    1.2480
    21.875     13.50    0.0100       2937    1.2480    1.2480    1.2650
    21.875     13.50    0.0350         85    1.2312    1.3175    1.3909
    21.875     13.50    0.0750        156    1.3909    1.4099    1.7277
    21.875     13.70    0.0100        120    1.2998    1.2998    1.3175
    21.875     13.70    0.0350         88    1.2998    1.3355    1.3537
    21.875     13.70    0.0750         96    1.3722    1.4486    1.5928
    21.875     13.90    0.0100        252    1.2650    1.2823    1.2998
    21.875     13.90    0.0350        105    1.2480    1.2998    1.3175
    21.875     13.90    0.0750         96    1.4684    1.5087    1.6589
    21.875     13.90    0.1500         24    1.8996    2.1171    2.1753
    21.875     13.90    0.6000         36    2.1171    2.5943    2.6297
    21.875     14.10    0.0350        201    1.3909    1.4099    1.4291
    21.875     14.10    0.0750        184    1.5087    1.5928    1.6815
    21.875     14.10    0.1500         52    1.8239    2.0605    2.4243
    21.875     14.10    0.6000         22    2.0605    2.3917    3.1362
    21.875     14.30    0.0350        113    1.3722    1.4486    1.5293
    21.875     14.30    0.0750         76    1.5502    1.5713    1.6145
    21.875     14.50    0.0350         24    1.4684    1.4684    1.5293
    21.925     12.70   -0.0100       5737    1.3909    1.3909    1.3909
    21.925     12.70    0.0100      10461    1.3909    1.3909    1.3909
    21.925     12.90   -0.0100      89345    1.3909    1.3909    1.4099
    21.925     12.90    0.0100      17120    1.3909    1.3909    1.3909
    21.925     12.90    0.0350         70    1.4486    1.4684    1.5293
    21.925     12.90    0.0750         25    1.4291    1.4291    1.4291
    21.925     13.10    0.0100        501    1.3175    1.3175    1.3537
    21.925     13.10    0.0350        148    1.3909    1.4099    1.4291
    21.925     13.10    0.0750         32    1.4291    1.4291    1.4684
    21.925     13.10    0.1500         35    1.7277    2.4243    2.6297
    21.925     13.30   -0.0100         80    1.2650    1.2823    1.2823
    21.925     13.30    0.0100       1005    1.2823    1.2998    1.2998
    21.925     13.30    0.0350        120    1.2823    1.3537    1.3722
    21.925     13.50    0.0350        181    1.3722    1.3909    1.4291
    21.925     13.50    0.1500         44    1.7277    1.8239    2.2655
    21.925     13.70    0.0350        188    1.3355    1.3537    1.3537
    21.925     13.70    0.0750        118    1.5928    1.7277    1.7751
    21.925     13.70    0.1500         68    1.6815    2.0054    2.4574
    21.925     13.70    0.6000         35    2.3595    2.3917    2.9707
    21.925     13.90    0.0350         48    1.4684    1.4884    1.5293
    21.925     13.90    0.0750        180    1.5713    1.7044    1.8239
    21.925     13.90    0.1500         41    1.9518    1.9784    2.7761
    21.925     13.90    0.6000         20    2.2350    2.2655    2.8524
    21.925     14.10    0.0750         88    1.6365    1.6815    1.7513
    21.975     12.50    0.0100         89    1.4291    1.4486    1.4486
    21.975     12.70   -0.0100       8020    1.4099    1.4099    1.4099
    21.975     12.70    0.0100      10148    1.4099    1.4099    1.4291
    21.975     12.70    0.0350         86    1.5087    1.6145    1.8996
    21.975     12.90   -0.0100       7796    1.4099    1.4099    1.4099
    21.975     12.90    0.0100        164    1.3355    1.3722    1.3909
    21.975     12.90    0.0350         84    1.3537    1.3722    1.4099
    21.975     12.90    0.0750         85    1.4684    1.5713    1.6365
    21.975     13.10    0.0100        400    1.3175    1.3355    1.3537
    21.975     13.10    0.0350         36    1.3175    1.3537    1.3722
    21.975     13.10    0.0750         92    1.4291    1.4684    1.5502
    21.975     13.30    0.0350         68    1.4684    1.5087    1.5087
    21.975     13.30    0.0750         60    1.5502    1.5713    1.5928
    21.975     13.30    0.1500         45    1.8740    2.0886    2.5594
    21.975     13.50    0.0350         52    1.4099    1.4486    1.4684
    21.975     13.50    0.0750         49    1.5087    1.7277    1.7513
    21.975     13.50    0.1500         53    1.9784    2.2049    2.2964
    21.975     13.70    0.0750        110    1.6145    1.6815    1.8996
    21.975     13.70    0.1500         44    2.0327    2.0605    2.2049
    21.975     13.90    0.0750         40    1.7513    1.7994    1.8996
    22.025     12.50   -0.0100        388    1.4291    1.4486    1.4486
    22.025     12.50    0.0100       2233    1.4291    1.4486    1.4684
    22.025     12.50    0.0350        157    1.5087    1.6365    1.7513
    22.025     12.50    0.0750         24    2.0054    2.0605    2.1460
    22.025     12.70   -0.0100       1036    1.4291    1.4291    1.4291
    22.025     12.70    0.0100        648    1.3909    1.4291    1.4291
    22.025     12.70    0.0350        112    1.4684    1.5087    1.5502
    22.025     12.70    0.0750         88    1.7277    1.7277    1.7513
    22.025     12.70    0.1500         28    1.7994    1.9255    2.3917
    22.025     12.90    0.0100         48    1.3909    1.3909    1.3909
    22.025     12.90    0.0350        177    1.3909    1.4099    1.4486
    22.025     12.90    0.0750        112    1.6589    1.6815    1.7751
    22.025     13.10    0.0750        105    1.6145    1.6589    1.7994
    22.025     13.30    0.0350         20    1.5293    1.5293    1.5502
    22.025     13.30    0.0750         24    1.5713    1.5713    1.7277
    22.025     13.50    0.0750         21    1.7513    1.7513    1.7994
    22.025     13.50    0.1500         22    2.1460    2.3277    2.3595
    22.075     12.30    0.0100        593    1.4884    1.4884    1.5087
    22.075     12.30    0.0350        356    1.5293    1.5928    1.7751
    22.075     12.30    0.0750         67    1.7513    1.7751    2.2655
    22.075     12.50    0.0100        576    1.4684    1.4684    1.4684
    22.075     12.50    0.0350        152    1.4684    1.5087    1.7277
    22.075     12.50    0.0750        166    1.6365    1.7513    1.7751
    22.075     12.50    0.1500         22    1.9518    2.0327    2.4243
    22.075     12.70    0.0350        148    1.5087    1.5502    1.7044
    22.075     12.70    0.0750         56    1.6365    1.6815    1.7044
    22.075     12.70    0.1500         25    1.8488    2.1460    2.2049
    22.075     12.90    0.1500         21    2.0327    2.0605    2.1753
    22.125     11.90   -0.0100       6230    1.6815    1.6815    1.6815
    22.125     11.90    0.0100        957    1.6589    1.6589    1.6815
    22.125     11.90    0.0350         58    1.7513    1.7513    1.7751
    22.125     12.10    0.0100        216    1.6365    1.6365    1.6589
    22.125     12.10    0.0350        312    1.5713    1.7277    1.7513
    22.125     12.10    0.0750         72    1.7277    1.8239    2.1460
    22.125     12.30    0.0100        193    1.5087    1.5087    1.5293
    22.125     12.30    0.0350        137    1.5502    1.5502    1.7277
    22.125     12.30    0.0750         37    1.8239    1.8996    2.0886
    22.125     12.50    0.0750         65    1.6145    1.6815    1.9255
    22.175     11.70   -0.0100         36    1.6589    1.7044    1.7044
    22.175     11.70    0.0100       1907    1.6815    1.7044    1.7044
    22.175     11.90   -0.0100      90724    1.6589    1.6815    1.6815
    22.175     11.90    0.0100      38268    1.6589    1.6815    1.7044
    22.175     11.90    0.0750         34    1.8488    1.9784    2.2655
    22.175     12.10   -0.0100      40016    1.6589    1.6589    1.6589
    22.175     12.10    0.0100       1700    1.6589    1.6589    1.6589
    22.175     12.10    0.0350        153    1.6145    1.6589    1.7044
    22.175     12.10    0.0750         33    1.7994    1.9255    2.0886
    22.225     11.70   -0.0100         28    1.6589    1.7044    1.7044
    22.225     11.70    0.0100       2178    1.7044    1.7044    1.7277
    22.225     11.70    0.0350        224    1.7751    1.8996    2.0886
    22.225     11.90   -0.0100        288    1.6589    1.6815    1.6815
    22.225     11.90    0.0100        180    1.6365    1.7044    1.7044
    22.225     11.90    0.0750         73    1.9784    2.0886    2.1171
    22.225     12.10    0.0750         40    2.0327    2.0327    2.0605
    22.275     11.50    0.0100        112    1.7751    1.7751    1.7994
    22.275     11.50    0.0350        346    1.8239    1.8996    2.1460
    22.275     11.70    0.0100        164    1.7277    1.7513    1.7513
    22.275     11.70    0.0350        176    1.8488    2.0327    2.1460
    22.275     11.70    0.0750         56    2.1171    2.1460    2.1753
    22.275     11.90    0.0750         40    2.0886    2.1171    2.1460
    22.325     11.10    0.0350         24    2.0886    2.0886    2.1171
    22.325     11.30    0.0350        184    2.0327    2.1171    2.1460
    22.325     11.50    0.0350        137    2.0605    2.0605    2.1460
    22.375     10.90   -0.0100       1368    1.9518    1.9518    1.9518
    22.375     10.90    0.0100       4850    1.9518    1.9784    1.9784
    22.375     11.10   -0.0100      90129    1.8996    1.9255    1.9518
    22.375     11.10    0.0100      22759    1.9255    1.9518    1.9784
    22.375     11.10    0.0350         67    2.0054    2.0054    2.0886
    22.375     11.30    0.0350         20    2.0327    2.0327    2.0327
    22.425     10.90   -0.0100        764    1.8488    1.8740    1.9255
    22.425     10.90    0.0100       3241    1.8740    1.9255    1.9518
    22.425     10.90    0.0350         23    2.2350    2.2655    2.2964
    22.425     11.10   -0.0100      73248    1.8488    1.8488    1.8740
    22.425     11.10    0.0100      19771    1.8488    1.8740    1.8996
    22.475     10.70    0.0350         26    2.0886    2.1171    2.2655
    22.475     10.90    0.0100        470    1.8996    1.9255    2.0054
    22.475     10.90    0.0350         94    2.0605    2.1171    2.2350
    22.475     10.90    0.0750         52    2.4243    2.5594    2.5594
    22.475     11.10    0.0750         96    2.3595    2.4243    2.5249
    22.525     10.70    0.0350        168    2.3277    2.4909    2.5594
    22.525     10.90    0.0350         76    2.2964    2.4574    2.4574
    22.575     10.30    0.0350         53    2.2964    2.3917    2.4243
    22.575     10.50    0.0100         88    2.2964    2.2964    2.3277
    22.575     10.50    0.0350        100    2.4243    2.4574    2.4909
    22.575     10.70    0.0350         20    2.3277    2.3277    2.3277
    22.625     10.10   -0.0100      12600    2.1460    2.1753    2.1753
    22.625     10.10    0.0100      13916    2.1753    2.2049    2.2350
    22.625     10.30   -0.0100      10550    2.2049    2.2350    2.2350
    22.625     10.30    0.0100       3049    2.2049    2.2350    2.2350
    22.625     10.30    0.0350         78    2.2350    2.2350    2.2655
    22.675     10.10   -0.0100      99920    2.0327    2.0327    2.0886
    22.675     10.10    0.0100      31491    2.0327    2.0886    2.0886
    22.725      9.90    0.0100        167    2.0327    2.0605    2.1753
    22.725     10.10    0.0100         24    1.9784    2.0054    2.0054
    22.725     10.10    0.0350         24    2.8524    2.8524    2.8524
    22.725     10.10    0.0750         72    2.5594    2.8140    2.8524
    22.725     10.30    0.0750         28    2.7388    2.7388    2.7761
    22.775      9.70    0.0350         64    2.7388    2.7388    2.8524
    22.775      9.90    0.0350        112    2.7019    2.7388    2.8913
    22.775     10.10    0.0350         20    2.6655    2.6655    2.6655
    22.775     10.10    0.0750         20    2.6297    2.6297    2.6655
    22.825      9.50    0.0100         32    2.4574    2.4909    2.4909
    22.825      9.50    0.0350         65    2.6297    2.6655    2.7388
    22.825      9.70    0.0100         64    2.4909    2.4909    2.4909
    22.825      9.70    0.0350        112    2.4574    2.7019    2.7761
    22.825      9.90    0.0350         32    2.4574    2.4574    2.4574
    22.875      9.30   -0.0100       8046    2.4243    2.4243    2.4574
    22.875      9.30    0.0100       9251    2.4243    2.4574    2.4574
    22.875      9.30    0.0350         44    2.3917    2.3917    2.4243
    22.875      9.50   -0.0100       2830    2.4574    2.4574    2.4909
    22.875      9.50    0.0100        520    2.4243    2.4574    2.4909
    22.875      9.50    0.0350         33    2.4243    2.5594    2.5943
    22.925      9.10   -0.0100      46036    2.2049    2.2049    2.2049
    22.925      9.10    0.0100      16120    2.1460    2.2049    2.2049
    22.925      9.30   -0.0100      13078    2.2350    2.3277    2.3277
    22.925      9.30    0.0100       9146    2.2964    2.3277    2.3595
    22.975      9.10   -0.0100      68932    2.0886    2.0886    2.0886
    22.975      9.10    0.0100      15430    2.0605    2.0886    2.0886
