! harvest_calib3.py -- the correction factor against the three quantities the reconstruction reports
!
! 332 nodes measured, 0 not measured, 3037311 pixels
! 3037311 pixels in the histogram; pixels outside the range of each axis (below, above):
!   x from   20.0000 to   24.5000: 0 below, 0 above
!   y from    3.0000 to   50.0000: 0 below, 0 above
!   z from   -1.0000 to    1.0000: 0 below, 0 above
!   f from    0.5000 to    8.0428: 0 below, 0 above
! x = log10 of the surface density of the finest image, cm^-2
! y = the temperature fitted at that resolution, K
! z = log10 of the ratio of the finest to the coarsest surface density
! f = the factor that restores the true surface density; f16 and f84 bracket its spread in the cell
!
!        x         y         z     pixels       f16         f       f84
    20.425     30.50    0.1500         48    0.9912    0.9912    0.9912
    20.475     30.30    0.0750         44    0.9779    0.9779    0.9779
    20.475     30.30    0.1500         68    0.9779    0.9779    0.9912
    20.475     30.50    0.1500         72    0.9779    0.9912    0.9912
    20.525     29.90    0.0750         76    0.9517    0.9647    0.9779
    20.525     30.10    0.0750         88    0.9647    0.9779    0.9912
    20.525     30.30    0.1500         36    0.9912    0.9912    0.9912
    20.575     29.10    0.0750         20    0.9263    0.9389    0.9389
    20.575     29.30   -0.0100         28    0.9138    0.9138    0.9263
    20.575     29.30    0.0750         28    0.9263    0.9263    1.0899
    20.575     29.50   -0.1500        228    0.9517    0.9517    0.9517
    20.575     29.50   -0.0750        148    0.9389    0.9517    0.9647
    20.575     29.50   -0.0350        100    0.9263    0.9389    0.9517
    20.575     29.50   -0.0100         52    0.9263    0.9263    0.9389
    20.575     29.50    0.0100         24    0.9517    0.9517    0.9517
    20.575     29.50    0.0750         36    0.9263    0.9263    1.0464
    20.575     29.70   -0.1500        668    0.9647    0.9647    0.9779
    20.575     29.70   -0.0750       1096    0.9647    0.9647    0.9779
    20.575     29.70   -0.0350        812    0.9647    0.9779    0.9779
    20.575     29.70   -0.0100         84    0.9389    0.9517    0.9517
    20.575     29.70    0.0100         40    0.9517    0.9647    0.9647
    20.575     29.70    0.0750         44    0.9389    1.0048    1.0464
    20.575     29.90   -0.1500        776    0.9779    0.9912    0.9912
    20.575     29.90   -0.0750       1596    0.9779    0.9912    0.9912
    20.575     29.90   -0.0350       2440    0.9779    0.9912    0.9912
    20.575     29.90   -0.0100       2804    0.9912    0.9912    0.9912
    20.575     29.90    0.0100         52    0.9647    0.9779    0.9779
    20.575     29.90    0.0750         24    1.0048    1.0185    1.0324
    20.575     30.10   -0.0750        896    0.9912    1.0048    1.0048
    20.575     30.10   -0.0350       2708    1.0048    1.0048    1.0048
    20.575     30.10   -0.0100       3604    1.0048    1.0048    1.0048
    20.575     30.10    0.0100         64    0.9779    0.9912    0.9912
    20.625     28.50   -0.1500         60    0.8425    0.8425    0.8540
    20.625     28.50   -0.0750         24    0.8425    0.8540    0.8540
    20.625     28.70   -0.6000         48    0.8774    0.8774    0.8894
    20.625     28.70   -0.1500         88    0.8656    0.8656    0.8774
    20.625     28.70   -0.0750         36    0.8540    0.8656    0.8656
    20.625     28.70   -0.0350         36    0.8540    0.8540    0.8774
    20.625     28.70    0.0100         20    0.9015    0.9138    0.9138
    20.625     28.70    0.0750         20    1.0185    1.0464    1.0464
    20.625     28.90   -0.6000         84    0.8894    0.9015    0.9015
    20.625     28.90   -0.1500        224    0.8894    0.9015    0.9138
    20.625     28.90   -0.0750         48    0.8894    0.8894    0.9138
    20.625     28.90   -0.0350         44    0.8894    0.8894    0.9015
    20.625     28.90   -0.0100         28    0.8774    0.8774    0.8774
    20.625     29.10   -0.6000         44    0.9015    0.9138    0.9138
    20.625     29.10   -0.1500        340    0.9015    0.9138    0.9263
    20.625     29.10   -0.0750        332    0.9138    0.9389    0.9517
    20.625     29.10   -0.0350         60    0.9015    0.9138    0.9138
    20.625     29.10   -0.0100         20    0.8894    0.9015    0.9015
    20.625     29.30   -0.6000         80    0.9263    0.9263    0.9389
    20.625     29.30   -0.1500        348    0.9263    0.9263    0.9389
    20.625     29.30   -0.0750        948    0.9389    0.9389    0.9517
    20.625     29.30   -0.0350         76    0.9138    0.9263    0.9263
    20.625     29.30    0.0100         32    0.9517    0.9647    0.9647
    20.625     29.50   -0.6000         24    0.9389    0.9389    0.9389
    20.625     29.50   -0.1500        232    0.9389    0.9517    0.9517
    20.625     29.50   -0.0750        812    0.9517    0.9517    0.9517
    20.625     29.50   -0.0350       1152    0.9647    0.9647    0.9779
    20.625     29.70   -0.0350        368    0.9647    0.9647    0.9647
    20.625     29.70    0.0100        340    1.0048    1.0048    1.0048
    20.625     29.90   -0.0100       2356    0.9912    1.0048    1.0048
    20.625     29.90    0.0100        584    1.0048    1.0048    1.0048
    20.675     27.50   -0.1500         28    0.7559    0.7662    0.7662
    20.675     27.70   -0.1500         56    0.7662    0.7767    0.7873
    20.675     27.90   -0.6000         52    0.8089    0.8311    0.8311
    20.675     27.90   -0.1500         48    0.7873    0.7873    0.7980
    20.675     27.90   -0.0100         24    0.8089    0.8089    0.8199
    20.675     28.10   -0.6000         28    0.8199    0.8425    0.8425
    20.675     28.10   -0.1500         64    0.8089    0.8199    0.8425
    20.675     28.10   -0.0350         24    0.8089    0.8089    0.8199
    20.675     28.10   -0.0100         36    0.8311    0.8656    0.8656
    20.675     28.30   -0.6000         60    0.8425    0.8425    0.8540
    20.675     28.30   -0.1500        148    0.8425    0.8774    0.8894
    20.675     28.30   -0.0750         20    0.8425    0.8425    0.8425
    20.675     28.30   -0.0350         28    0.8311    0.8311    0.8311
    20.675     28.30   -0.0100         32    0.8656    0.8656    0.8894
    20.675     28.50   -0.6000         40    0.8540    0.8540    0.8656
    20.675     28.50   -0.1500        244    0.8656    0.8894    0.8894
    20.675     28.50   -0.0350         20    0.8894    0.9015    0.9015
    20.675     28.70   -0.1500        148    0.8894    0.9015    0.9015
    20.675     28.70   -0.0750         36    0.9015    0.9015    0.9015
    20.675     28.70   -0.0350         28    0.8894    0.8894    0.8894
    20.675     28.90   -0.0750        300    0.9263    0.9389    0.9517
    20.675     29.10   -0.0750        592    0.9389    0.9517    0.9517
    20.675     29.10   -0.0350        268    0.9389    0.9517    0.9647
    20.675     29.30   -0.0100        172    1.0048    1.0048    1.0048
    20.675     29.50   -0.0350        492    0.9779    0.9912    0.9912
    20.675     29.50   -0.0100        396    0.9912    1.0048    1.0048
    20.675     29.50    0.0100        848    1.0048    1.0048    1.0048
    20.675     29.70    0.0100       3112    1.0048    1.0048    1.0048
    20.675     29.90    0.0100        396    1.0048    1.0048    1.0048
    20.725     26.70   -0.1500         20    0.7064    0.7064    0.7258
    20.725     26.90   -0.6000         20    0.7559    0.7559    0.7559
    20.725     26.90   -0.1500         36    0.7064    0.7064    0.7357
    20.725     27.10   -0.6000         32    0.7662    0.7662    0.7873
    20.725     27.30   -0.6000         36    0.7873    0.7980    0.8089
    20.725     27.30   -0.1500         28    0.7357    0.7457    0.7457
    20.725     27.50   -0.6000         24    0.7873    0.7980    0.8089
    20.725     27.50   -0.1500         32    0.7559    0.8199    0.8199
    20.725     27.50   -0.0750         20    0.7873    0.7980    0.7980
    20.725     27.50    0.0350         20    0.9138    0.9263    0.9263
    20.725     27.70   -0.6000         28    0.8089    0.8199    0.8311
    20.725     27.70   -0.1500         32    0.8199    0.8199    0.8656
    20.725     27.90   -0.1500        116    0.8656    0.8774    0.8894
    20.725     28.10   -0.1500        156    0.8656    0.8774    0.8894
    20.725     28.30   -0.1500         52    0.8894    0.8894    0.8894
    20.725     28.50   -0.0350         32    0.9015    0.9138    0.9138
    20.725     28.70   -0.0750        116    0.9517    0.9517    0.9517
    20.725     28.70   -0.0350         72    0.9647    0.9647    0.9647
    20.725     28.70    0.1500         48    0.9912    0.9912    0.9912
    20.725     28.90   -0.0750        212    0.9517    0.9647    0.9779
    20.725     28.90   -0.0350        508    0.9647    0.9779    0.9912
    20.725     28.90   -0.0100         28    0.9779    0.9912    0.9912
    20.725     29.10   -0.0350         48    0.9647    0.9647    0.9647
    20.725     29.10    0.0100        144    1.0048    1.0048    1.0048
    20.725     29.30   -0.0100       1384    1.0048    1.0048    1.0048
    20.725     29.30    0.0100       1404    1.0048    1.0048    1.0048
    20.725     29.50   -0.0100        124    1.0048    1.0048    1.0048
    20.725     29.50    0.0100       3861    1.0048    1.0048    1.0048
    20.725     29.70    0.0100        840    1.0048    1.0048    1.0048
    20.775     25.90   -0.1500         28    0.6601    0.6691    0.6691
    20.775     26.10   -0.1500         20    0.6691    0.6691    0.6691
    20.775     26.30   -0.1500         40    0.6691    0.6783    0.7064
    20.775     26.30    0.0350         20    0.9389    1.1198    1.1198
    20.775     26.50   -0.1500         24    0.6875    0.6969    0.7160
    20.775     26.70   -0.6000         32    0.7662    0.7662    0.7873
    20.775     26.90   -0.6000         28    0.7457    0.7767    0.7873
    20.775     26.90   -0.1500         20    0.8089    0.8089    0.8089
    20.775     26.90    0.0750         20    1.0607    1.0752    1.6589
    20.775     27.50   -0.1500         72    0.8656    0.8774    0.8774
    20.775     27.70   -0.1500        124    0.8656    0.8894    0.9015
    20.775     27.70   -0.0750         40    0.8894    0.8894    0.9015
    20.775     27.90   -0.1500        100    0.8894    0.8894    0.8894
    20.775     27.90    0.0350         20    0.9647    0.9779    0.9779
    20.775     28.30   -0.0100         36    0.9389    0.9517    0.9517
    20.775     28.30    0.0750         24    0.9912    0.9912    0.9912
    20.775     28.50    0.0750         44    0.9912    0.9912    0.9912
    20.775     28.50    0.1500         92    0.9912    1.0048    1.0048
    20.775     28.70   -0.0350        372    0.9779    0.9912    1.0048
    20.775     28.70   -0.0100         88    1.0185    1.0185    1.0185
    20.775     28.70    0.1500         48    0.9912    1.0048    1.0048
    20.775     28.90   -0.0350        276    0.9912    1.0048    1.0048
    20.775     28.90   -0.0100        168    0.9912    1.0048    1.0185
    20.775     28.90    0.0100        364    1.0048    1.0048    1.0048
    20.775     29.10   -0.0100        824    1.0048    1.0048    1.0048
    20.775     29.10    0.0100       2192    1.0048    1.0048    1.0048
    20.775     29.10    0.0350        184    1.0048    1.0048    1.0048
    20.775     29.30   -0.0100       1252    1.0048    1.0048    1.0048
    20.775     29.30    0.0100        120    1.0048    1.0048    1.0048
    20.825     25.70   -0.1500         28    0.6601    0.6875    0.6969
    20.825     26.50   -0.6000         20    0.7767    0.7873    0.7873
    20.825     27.30   -0.1500         60    0.8774    0.8894    0.9138
    20.825     27.50   -0.1500        104    0.9015    0.9138    0.9138
    20.825     27.50   -0.0750         60    0.9138    0.9138    0.9263
    20.825     27.90    0.0100         28    1.0048    1.0048    1.0048
    20.825     27.90    0.0750         92    0.9779    1.0048    1.0185
    20.825     28.10    0.0100         28    0.9779    0.9779    0.9912
    20.825     28.10    0.0750        104    0.9779    0.9912    1.0048
    20.825     28.30    0.0750         52    0.9912    0.9912    0.9912
    20.825     28.30    0.1500         40    1.0048    1.0048    1.0048
    20.825     28.50   -0.0350         64    1.0185    1.0185    1.0185
    20.825     28.50   -0.0100        216    1.0185    1.0185    1.0185
    20.825     28.50    0.0100        180    1.0185    1.0185    1.0185
    20.825     28.70   -0.0350        156    1.0048    1.0048    1.0048
    20.825     28.70   -0.0100       1472    1.0048    1.0048    1.0048
    20.825     28.70    0.0100        860    1.0048    1.0048    1.0048
    20.825     28.70    0.0350         36    1.0185    1.0185    1.0185
    20.825     28.90   -0.0100       1340    1.0048    1.0048    1.0048
    20.825     28.90    0.0100       1492    1.0048    1.0048    1.0048
    20.825     28.90    0.0350        420    1.0048    1.0048    1.0048
    20.825     29.10    0.0350         32    1.0048    1.0048    1.0048
    20.875     24.70   -0.0750         32    0.6512    0.6512    0.6601
    20.875     24.90   -0.0750         28    0.6425    0.6512    0.6601
    20.875     25.50   -0.1500         28    0.7662    0.7662    0.7767
    20.875     27.10   -0.1500        140    0.9015    0.9138    0.9517
    20.875     27.10   -0.0750         88    0.9389    0.9389    0.9517
    20.875     27.10   -0.0350         44    0.9389    0.9389    0.9517
    20.875     27.10   -0.0100         40    0.9138    0.9263    0.9517
    20.875     27.30   -0.1500        252    0.9263    0.9517    0.9647
    20.875     27.30   -0.0750        752    0.9647    0.9647    0.9779
    20.875     27.30   -0.0350       1252    0.9647    0.9779    0.9779
    20.875     27.30   -0.0100        464    0.9517    0.9912    0.9912
    20.875     27.30    0.0100         60    0.9517    0.9517    0.9912
    20.875     27.30    0.0750         36    1.0185    1.0324    1.1983
    20.875     27.50   -0.0750       1612    0.9779    0.9912    0.9912
    20.875     27.50   -0.0350       3140    0.9912    0.9912    1.0048
    20.875     27.50   -0.0100       6212    0.9912    1.0048    1.0048
    20.875     27.50    0.0100      65724    1.0048    1.0048    1.0048
    20.875     27.50    0.0750         48    0.9779    1.0048    1.1047
    20.875     27.70   -0.0750         24    1.0048    1.0048    1.0048
    20.875     27.70   -0.0350       1740    1.0048    1.0048    1.0048
    20.875     27.70   -0.0100      36760    1.0048    1.0048    1.0048
    20.875     27.70    0.0100      31016    1.0048    1.0048    1.0048
    20.875     27.70    0.0750         72    0.9779    1.0324    1.0607
    20.875     27.90    0.0100         84    0.9912    0.9912    0.9912
    20.875     28.10   -0.0100         24    1.0185    1.0185    1.0185
    20.875     28.10    0.0100         24    1.0185    1.0185    1.0185
    20.875     28.30   -0.0100        768    1.0048    1.0048    1.0185
    20.875     28.30    0.0100       1104    1.0185    1.0185    1.0185
    20.875     28.30    0.0350         52    1.0185    1.0185    1.0185
    20.875     28.50   -0.0100        564    1.0048    1.0048    1.0048
    20.875     28.50    0.0100       2356    1.0048    1.0048    1.0048
    20.875     28.50    0.0350         68    1.0185    1.0185    1.0185
    20.875     28.70   -0.0100        208    1.0048    1.0048    1.0048
    20.875     28.70    0.0100        664    1.0048    1.0048    1.0048
    20.925     24.30   -0.0750         20    0.6691    0.6783    0.7357
    20.925     25.50   -0.1500         28    0.7980    0.7980    0.8089
    20.925     26.10   -0.0350         20    0.8894    0.8894    0.8894
    20.925     26.30   -0.0750         76    0.8540    0.8540    0.8656
    20.925     26.30   -0.0100         28    0.8656    0.8656    0.8656
    20.925     26.30    0.0100         28    0.8774    0.8774    0.9015
    20.925     26.50   -0.1500         80    0.8774    0.8894    0.8894
    20.925     26.50   -0.0750        116    0.8656    0.8774    0.9138
    20.925     26.50   -0.0350         28    0.8774    0.8774    0.8894
    20.925     26.50    0.0100         24    0.9015    0.9015    0.9389
    20.925     26.70   -0.1500        100    0.9015    0.9015    0.9138
    20.925     26.70   -0.0750        332    0.9015    0.9263    0.9389
    20.925     26.70   -0.0350         68    0.8894    0.9015    0.9517
    20.925     26.70   -0.0100         48    0.8894    0.8894    0.9389
    20.925     26.70    0.0100         40    0.9015    0.9263    0.9517
    20.925     26.90   -0.1500         96    0.9263    0.9263    0.9389
    20.925     26.90   -0.0750        544    0.9138    0.9389    0.9389
    20.925     26.90   -0.0350        284    0.9263    0.9647    0.9779
    20.925     26.90   -0.0100         72    0.9138    0.9389    0.9389
    20.925     26.90    0.0100         56    0.9015    0.9015    0.9912
    20.925     27.10   -0.1500         92    0.9389    0.9517    0.9517
    20.925     27.10   -0.0750        520    0.9389    0.9517    0.9647
    20.925     27.10   -0.0350       1632    0.9647    0.9779    0.9779
    20.925     27.10   -0.0100        236    0.9389    0.9779    1.0185
    20.925     27.10    0.0350         20    1.0185    1.0324    1.0607
    20.925     27.30   -0.0350        592    0.9647    0.9779    0.9779
    20.925     27.30   -0.0100      18780    1.0048    1.0048    1.0048
    20.925     27.30    0.0100      36440    1.0048    1.0048    1.0048
    20.925     27.50   -0.0100      44316    1.0048    1.0048    1.0048
    20.925     27.50    0.0100      65076    1.0048    1.0048    1.0048
    20.925     27.70    0.0750         32    1.0185    1.0185    1.0185
    20.925     27.90   -0.0100        840    1.0048    1.0185    1.0185
    20.925     27.90    0.0100        400    1.0185    1.0185    1.0185
    20.925     27.90    0.0350        140    1.0185    1.0185    1.0185
    20.925     27.90    0.0750         32    1.0185    1.0185    1.0185
    20.925     28.10   -0.0100       1080    1.0048    1.0185    1.0185
    20.925     28.10    0.0100       1768    1.0048    1.0185    1.0185
    20.925     28.10    0.0350         80    1.0185    1.0185    1.0185
    20.925     28.30   -0.0100        700    1.0048    1.0048    1.0048
    20.925     28.30    0.0100        624    1.0048    1.0048    1.0185
    20.975     25.50   -0.0750         44    0.7767    0.7873    0.7980
    20.975     25.70   -0.1500         20    0.8425    0.8425    0.8425
    20.975     25.70   -0.0750         48    0.7873    0.8089    0.8199
    20.975     25.70   -0.0100         28    0.8656    0.8774    0.9517
    20.975     25.90   -0.1500         56    0.8311    0.8425    0.8540
    20.975     25.90   -0.0750         68    0.8089    0.8089    0.8774
    20.975     25.90   -0.0350         24    0.8656    0.8656    0.9015
    20.975     25.90   -0.0100         24    0.8656    0.8656    0.9389
    20.975     25.90    0.0350         28    0.9779    1.0324    1.0607
    20.975     26.10   -0.1500         68    0.8425    0.8540    0.8774
    20.975     26.10   -0.0750         92    0.8311    0.8774    0.9263
    20.975     26.30   -0.1500         44    0.8656    0.8774    0.8894
    20.975     26.30   -0.0750        296    0.8894    0.9263    0.9389
    20.975     26.30   -0.0350         20    0.8774    0.8774    0.8774
    20.975     26.30    0.0100         20    0.9263    0.9647    0.9647
    20.975     26.50   -0.0750        268    0.9138    0.9263    0.9389
    20.975     26.50    0.0350         20    0.9912    0.9912    0.9912
    20.975     26.70   -0.0750        148    0.9389    0.9647    0.9779
    20.975     26.70   -0.0350         24    1.0048    1.0048    1.0048
    20.975     26.70   -0.0100        212    0.9647    1.0048    1.0048
    20.975     26.90   -0.0750         84    0.9647    0.9779    0.9779
    20.975     26.90   -0.0350        560    0.9779    0.9912    1.0048
    20.975     26.90   -0.0100       3952    1.0048    1.0048    1.0048
    20.975     26.90    0.0100       2240    1.0185    1.0185    1.0185
    20.975     27.10   -0.0350         32    0.9912    0.9912    0.9912
    20.975     27.10   -0.0100      18224    1.0048    1.0048    1.0048
    20.975     27.10    0.0100      19096    1.0048    1.0048    1.0048
    20.975     27.30   -0.0100       6500    1.0048    1.0048    1.0048
    20.975     27.30    0.0100      22573    1.0048    1.0048    1.0048
    20.975     27.50   -0.0100        756    1.0185    1.0185    1.0185
    20.975     27.50    0.0100        236    1.0185    1.0185    1.0185
    20.975     27.50    0.0350        156    1.0185    1.0185    1.0185
    20.975     27.70   -0.0100       1460    1.0048    1.0185    1.0185
    20.975     27.70    0.0100        889    1.0185    1.0185    1.0185
    20.975     27.70    0.0350        304    1.0185    1.0185    1.0185
    20.975     27.90   -0.0100        808    1.0048    1.0185    1.0185
    20.975     27.90    0.0100        604    1.0185    1.0185    1.0185
    20.975     27.90    0.0350         40    1.0185    1.0185    1.0185
    20.975     27.90    0.0750         56    1.0185    1.0185    1.0185
    21.025     23.70   -0.0350         24    0.7559    0.8199    0.8425
    21.025     24.50   -0.1500         28    0.8425    0.8425    0.8540
    21.025     24.90   -0.1500         24    0.7980    0.8199    0.8311
    21.025     24.90   -0.0750         24    0.7559    0.7559    0.7873
    21.025     25.10   -0.1500         28    0.7980    0.7980    0.8311
    21.025     25.10   -0.0750         44    0.7559    0.7662    0.7873
    21.025     25.30   -0.1500         32    0.8311    0.8311    0.8540
    21.025     25.30   -0.0750         40    0.7662    0.7767    0.7767
    21.025     25.30    0.0100         28    0.9015    0.9015    0.9517
    21.025     25.50   -0.1500         40    0.8089    0.8311    0.8540
    21.025     25.50    0.0350         20    1.0464    1.0464    1.2650
    21.025     25.70   -0.1500         44    0.8425    0.8540    0.8656
    21.025     25.70   -0.0750         20    0.8774    0.8774    0.8894
    21.025     25.70   -0.0100         20    0.8656    0.9779    0.9779
    21.025     25.90   -0.0750        148    0.9263    0.9389    0.9647
    21.025     26.10   -0.0750        168    0.9263    0.9517    0.9517
    21.025     26.10   -0.0350        104    0.9389    0.9517    0.9647
    21.025     26.10    0.1500         24    1.0048    1.0185    1.0185
    21.025     26.30   -0.0750         48    0.9389    0.9389    0.9912
    21.025     26.30    0.1500         40    1.0048    1.0048    1.0048
    21.025     26.50   -0.0750         84    0.9779    0.9912    1.0185
    21.025     26.50   -0.0350         24    0.9912    0.9912    1.0048
    21.025     26.50   -0.0100        592    1.0185    1.0185    1.0185
    21.025     26.50    0.0100        804    1.0185    1.0185    1.0185
    21.025     26.50    0.0350         24    1.0185    1.0185    1.0185
    21.025     26.70   -0.0750         48    0.9912    1.0048    1.0048
    21.025     26.70   -0.0100       6128    1.0048    1.0048    1.0185
    21.025     26.70    0.0100       9340    1.0185    1.0185    1.0185
    21.025     26.70    0.0350         28    1.0185    1.0185    1.0185
    21.025     26.90   -0.0100       6316    1.0048    1.0185    1.0185
    21.025     26.90    0.0100      12808    1.0185    1.0185    1.0185
    21.025     26.90    0.0350         32    1.0185    1.0185    1.0185
    21.025     27.10   -0.0100        924    1.0185    1.0185    1.0185
    21.025     27.10    0.0100        200    1.0185    1.0185    1.0185
    21.025     27.10    0.0350        224    1.0185    1.0185    1.0185
    21.025     27.30   -0.0100       1120    1.0185    1.0185    1.0185
    21.025     27.30    0.0100        460    1.0185    1.0185    1.0185
    21.025     27.30    0.0350        312    1.0185    1.0185    1.0185
    21.025     27.50   -0.0100        556    1.0185    1.0185    1.0185
    21.025     27.50    0.0100        188    1.0185    1.0185    1.0185
    21.025     27.50    0.0350        164    1.0185    1.0185    1.0185
    21.075     24.30   -0.0350         36    0.7559    0.7559    0.8089
    21.075     24.50   -0.0350         52    0.7457    0.7559    0.7559
    21.075     24.70   -0.1500         28    0.7873    0.8425    0.8540
    21.075     24.70   -0.0750         32    0.7873    0.7873    0.8425
    21.075     24.90   -0.1500         64    0.8311    0.8311    0.8656
    21.075     25.10   -0.1500         24    0.8311    0.8540    0.8540
    21.075     25.30   -0.0350         36    0.9138    0.9263    0.9263
    21.075     25.50   -0.0750         40    0.9647    0.9779    0.9779
    21.075     25.50    0.0750         28    1.0185    1.0185    1.2147
    21.075     25.70   -0.0750        156    0.9517    0.9647    0.9912
    21.075     25.70    0.0750         68    1.0185    1.0185    1.0185
    21.075     25.70    0.1500         20    1.0185    1.0185    1.0185
    21.075     25.90   -0.0750         68    0.9647    0.9779    0.9779
    21.075     25.90   -0.0350        100    0.9779    0.9912    0.9912
    21.075     25.90    0.0750         40    1.0185    1.0185    1.0464
    21.075     25.90    0.1500         72    1.0185    1.0185    1.0185
    21.075     26.10   -0.0350         20    0.9912    0.9912    0.9912
    21.075     26.10   -0.0100        636    1.0185    1.0185    1.0185
    21.075     26.10    0.0100        380    1.0185    1.0185    1.0185
    21.075     26.10    0.0350         44    1.0185    1.0324    1.0324
    21.075     26.10    0.1500         32    1.0185    1.0185    1.0185
    21.075     26.30   -0.0350         96    1.0185    1.0185    1.0185
    21.075     26.30   -0.0100       3132    1.0185    1.0185    1.0185
    21.075     26.30    0.0100       7284    1.0185    1.0185    1.0185
    21.075     26.30    0.0350        168    1.0185    1.0185    1.0185
    21.075     26.50   -0.0350         44    1.0048    1.0185    1.0185
    21.075     26.50   -0.0100       8668    1.0185    1.0185    1.0185
    21.075     26.50    0.0100       3604    1.0185    1.0185    1.0185
    21.075     26.50    0.0350        100    1.0185    1.0185    1.0185
    21.075     26.50    0.1500         24    1.0324    1.0324    1.0464
    21.075     26.70   -0.0100        864    1.0185    1.0185    1.0185
    21.075     26.70    0.0100       1244    1.0185    1.0185    1.0185
    21.075     26.90   -0.0100       1016    1.0185    1.0185    1.0185
    21.075     26.90    0.0100        428    1.0185    1.0185    1.0185
    21.075     26.90    0.0350        281    1.0185    1.0185    1.0185
    21.075     27.10   -0.0100        128    1.0185    1.0185    1.0185
    21.075     27.10    0.0100        180    1.0185    1.0185    1.0185
    21.075     27.10    0.0350         96    1.0185    1.0185    1.0185
    21.125     22.10    0.0750         20    1.2147    1.2823    1.2823
    21.125     23.70   -0.0100         32    0.7980    0.8199    0.8311
    21.125     24.10   -0.0750         24    0.8656    0.9263    0.9263
    21.125     24.30   -0.0750         28    0.8656    0.8656    0.8656
    21.125     24.50   -0.0750         28    0.8540    0.8540    0.8656
    21.125     24.70    0.0100        140    1.0048    1.0185    1.0185
    21.125     24.70    0.0750         48    1.0185    1.0607    1.0899
    21.125     24.90   -0.0100         32    0.9647    0.9779    0.9912
    21.125     24.90    0.0100         36    1.0185    1.0185    1.0185
    21.125     24.90    0.0750         68    1.0185    1.0324    1.0464
    21.125     25.10    0.0750         88    1.0185    1.0324    1.0324
    21.125     25.30   -0.0350         84    0.9912    1.0048    1.0185
    21.125     25.30    0.0750         72    1.0185    1.0185    1.0185
    21.125     25.30    0.1500         20    1.0185    1.0185    1.0324
    21.125     25.50   -0.0750         72    0.9779    0.9912    1.0048
    21.125     25.50   -0.0350         88    0.9779    0.9912    1.0048
    21.125     25.50    0.0100         36    1.0324    1.0324    1.0324
    21.125     25.50    0.0750         28    1.0185    1.0185    1.0185
    21.125     25.70   -0.0750         24    0.9912    0.9912    0.9912
    21.125     25.70   -0.0350         20    0.9912    1.0048    1.0048
    21.125     25.70   -0.0100        832    1.0185    1.0185    1.0185
    21.125     25.70    0.0100        344    1.0185    1.0185    1.0185
    21.125     25.70    0.0350         64    1.0185    1.0185    1.0185
    21.125     25.70    0.0750         24    1.0324    1.0324    1.0464
    21.125     25.90   -0.0350         24    1.0324    1.0324    1.0324
    21.125     25.90   -0.0100       2948    1.0185    1.0185    1.0185
    21.125     25.90    0.0100       3972    1.0185    1.0185    1.0185
    21.125     25.90    0.0350        128    1.0185    1.0185    1.0185
    21.125     25.90    0.0750         24    1.0324    1.0324    1.0324
    21.125     26.10   -0.0100       5560    1.0185    1.0185    1.0185
    21.125     26.10    0.0100       2293    1.0185    1.0185    1.0185
    21.125     26.10    0.0350        112    1.0185    1.0185    1.0185
    21.125     26.10    0.0750         24    1.0324    1.0324    1.0324
    21.125     26.10    0.1500         20    1.0464    1.0464    1.0464
    21.125     26.30   -0.0350         32    1.0324    1.0324    1.0324
    21.125     26.30   -0.0100       1252    1.0185    1.0185    1.0324
    21.125     26.30    0.0100        596    1.0324    1.0324    1.0324
    21.125     26.30    0.0350         32    1.0185    1.0185    1.0185
    21.125     26.50   -0.0100        680    1.0185    1.0185    1.0185
    21.125     26.50    0.0100        624    1.0185    1.0185    1.0324
    21.125     26.70    0.0100         24    1.0185    1.0185    1.0185
    21.175     21.90    0.0750         20    1.2998    1.3537    1.3537
    21.175     23.30    0.0100         24    0.8894    0.9015    0.9263
    21.175     23.50   -0.0750         20    0.8199    0.8311    0.8311
    21.175     23.90   -0.0750         80    0.9015    0.9517    0.9647
    21.175     23.90   -0.0350        192    0.9517    0.9779    0.9779
    21.175     23.90   -0.0100         24    0.9517    0.9517    0.9647
    21.175     24.10   -0.0750        316    0.9015    0.9779    0.9912
    21.175     24.10   -0.0350       1104    0.9779    0.9912    0.9912
    21.175     24.10   -0.0100       2460    1.0048    1.0048    1.0324
    21.175     24.10    0.0100        420    0.9779    1.0324    1.0324
    21.175     24.10    0.0750         21    1.3175    1.3355    1.4099
    21.175     24.30   -0.0750        148    0.9912    1.0048    1.0048
    21.175     24.30   -0.0350       2992    1.0048    1.0185    1.0185
    21.175     24.30   -0.0100      85196    1.0185    1.0324    1.0324
    21.175     24.30    0.0100     211288    1.0185    1.0324    1.0324
    21.175     24.30    0.0750         45    1.1198    1.2147    1.2312
    21.175     24.50   -0.0100      42760    1.0185    1.0185    1.0185
    21.175     24.50    0.0100      28532    1.0185    1.0185    1.0185
    21.175     24.50    0.0750         48    1.0752    1.1047    1.1351
    21.175     24.70    0.0100        164    1.0048    1.0048    1.0185
    21.175     24.70    0.0750         44    1.0324    1.0464    1.0752
    21.175     24.90    0.0750         20    1.0464    1.0464    1.0464
    21.175     25.10   -0.0350        144    1.0048    1.0324    1.0324
    21.175     25.10   -0.0100         56    0.9912    1.0324    1.0324
    21.175     25.10    0.0350         32    1.0464    1.0464    1.0464
    21.175     25.30   -0.0350         92    1.0048    1.0185    1.0324
    21.175     25.30   -0.0100       1380    1.0324    1.0324    1.0324
    21.175     25.30    0.0100       1000    1.0324    1.0324    1.0324
    21.175     25.30    0.1500         28    1.0464    1.0464    1.0899
    21.175     25.50   -0.0100       1652    1.0185    1.0324    1.0324
    21.175     25.50    0.0100       3497    1.0324    1.0324    1.0324
    21.175     25.50    0.0350         60    1.0324    1.0324    1.0324
    21.175     25.50    0.0750         36    1.0324    1.0464    1.0464
    21.175     25.70   -0.0100       4300    1.0185    1.0185    1.0324
    21.175     25.70    0.0100       1096    1.0324    1.0324    1.0324
    21.175     25.70    0.0350         92    1.0324    1.0324    1.0324
    21.175     25.70    0.0750         36    1.0324    1.0324    1.0324
    21.175     25.90   -0.0100        660    1.0324    1.0324    1.0324
    21.175     25.90    0.0100        620    1.0324    1.0324    1.0324
    21.175     25.90    0.0750         52    1.0324    1.0324    1.0324
    21.175     26.10   -0.0100        216    1.0324    1.0324    1.0324
    21.175     26.10    0.0100        256    1.0324    1.0324    1.0324
    21.225     22.90    0.0350         24    1.0464    1.0752    1.0899
    21.225     23.30   -0.0750         24    0.8894    0.9138    0.9263
    21.225     23.30   -0.0350         68    0.8774    0.8774    0.8774
    21.225     23.50   -0.0750        132    0.9015    0.9138    0.9263
    21.225     23.50   -0.0350        284    0.8894    0.9517    0.9912
    21.225     23.50   -0.0100         48    0.9389    0.9389    1.0324
    21.225     23.50    0.0100         48    0.9389    0.9912    1.0464
    21.225     23.70   -0.0750        128    0.9263    0.9389    0.9389
    21.225     23.70   -0.0350        644    0.9263    0.9779    0.9912
    21.225     23.70   -0.0100        128    0.9389    1.0324    1.0324
    21.225     23.70    0.0100        192    1.0048    1.0324    1.0324
    21.225     23.70    0.0350         64    1.0324    1.0464    1.2480
    21.225     23.90   -0.0750        132    0.9263    0.9517    0.9517
    21.225     23.90   -0.0350        592    0.9389    0.9779    0.9779
    21.225     23.90   -0.0100      13960    1.0324    1.0324    1.0324
    21.225     23.90    0.0100      14572    1.0324    1.0324    1.0324
    21.225     23.90    0.0350         32    1.0899    1.1506    1.1663
    21.225     24.10   -0.0100      31144    1.0324    1.0324    1.0324
    21.225     24.10    0.0100      39829    1.0324    1.0324    1.0324
    21.225     24.30    0.0100       5412    1.0324    1.0324    1.0324
    21.225     24.70   -0.0100        240    1.0324    1.0324    1.0464
    21.225     24.70    0.0100        264    1.0324    1.0324    1.0464
    21.225     24.70    0.0350         40    1.0464    1.0464    1.0464
    21.225     24.90   -0.0350         48    1.0185    1.0464    1.0464
    21.225     24.90   -0.0100       1036    1.0324    1.0324    1.0324
    21.225     24.90    0.0100       2156    1.0324    1.0324    1.0464
    21.225     24.90    0.0350         40    1.0464    1.0464    1.0464
    21.225     24.90    0.1500         21    1.0464    1.0464    1.0464
    21.225     25.10   -0.0100       2812    1.0324    1.0324    1.0324
    21.225     25.10    0.0100       1780    1.0324    1.0324    1.0464
    21.225     25.10    0.0350         48    1.0185    1.0464    1.0464
    21.225     25.10    0.0750         52    1.0464    1.0464    1.0464
    21.225     25.10    0.1500         24    1.0464    1.0464    1.0464
    21.225     25.30   -0.0100       2236    1.0324    1.0324    1.0324
    21.225     25.30    0.0100        852    1.0324    1.0324    1.0464
    21.225     25.30    0.0350         36    1.0185    1.0185    1.0185
    21.225     25.30    0.0750         44    1.0464    1.0464    1.0464
    21.225     25.50   -0.0100        404    1.0324    1.0324    1.0324
    21.225     25.50    0.0100        292    1.0324    1.0324    1.0324
    21.225     25.50    0.0350         32    1.0185    1.0185    1.0185
    21.225     25.50    0.0750         32    1.0464    1.0464    1.0464
    21.275     22.30    0.0750         20    1.2998    1.2998    1.3175
    21.275     22.70   -0.0100         48    0.8540    0.8540    0.8894
    21.275     22.70    0.0350         24    1.1663    1.1983    1.2312
    21.275     22.90   -0.0750        104    0.8774    0.9138    0.9138
    21.275     22.90   -0.0350         20    0.8774    0.8774    0.8774
    21.275     22.90   -0.0100         56    0.8540    0.8540    0.8540
    21.275     22.90    0.0350         20    1.0464    1.1198    1.1351
    21.275     22.90    0.0750         20    1.4884    1.7994    1.8996
    21.275     23.10   -0.0750         76    0.8774    0.9015    0.9138
    21.275     23.10   -0.0350         60    0.8540    0.8656    0.8774
    21.275     23.10   -0.0100         48    0.8540    0.9779    0.9912
    21.275     23.10    0.0100         44    0.9779    1.0185    1.0324
    21.275     23.10    0.0350         24    1.2312    1.2650    1.5293
    21.275     23.30   -0.0750         44    0.8894    0.9138    0.9263
    21.275     23.30   -0.0350        328    0.9647    1.0048    1.0185
    21.275     23.30   -0.0100         88    0.9647    1.0324    1.0464
    21.275     23.30    0.0100        152    1.0464    1.0464    1.0464
    21.275     23.30    0.0350         20    1.0607    1.1506    1.3355
    21.275     23.30    0.0750         28    1.0752    1.1506    1.1822
    21.275     23.50   -0.0350        264    0.9912    0.9912    1.0048
    21.275     23.50   -0.0100       5172    1.0324    1.0324    1.0324
    21.275     23.50    0.0100       6225    1.0324    1.0324    1.0324
    21.275     23.50    0.0350         84    1.0464    1.0464    1.0464
    21.275     23.70   -0.0100      10092    1.0324    1.0324    1.0324
    21.275     23.70    0.0100       9856    1.0324    1.0324    1.0324
    21.275     23.70    0.0350         20    1.0464    1.0464    1.0464
    21.275     23.90   -0.0100       5228    1.0324    1.0324    1.0324
    21.275     23.90    0.0100        816    1.0324    1.0324    1.0324
    21.275     24.10    0.0100        272    1.0464    1.0607    1.0607
    21.275     24.30   -0.0100        556    1.0464    1.0464    1.0464
    21.275     24.30    0.0100       1180    1.0464    1.0464    1.0607
    21.275     24.30    0.0750         60    1.0607    1.0607    1.0607
    21.275     24.30    0.1500         24    1.0899    1.0899    1.0899
    21.275     24.50   -0.0100       2112    1.0464    1.0464    1.0464
    21.275     24.50    0.0100       1552    1.0464    1.0464    1.0464
    21.275     24.50    0.0350         52    1.0607    1.0607    1.0607
    21.275     24.50    0.0750         56    1.0607    1.0607    1.0607
    21.275     24.70   -0.0100       2392    1.0324    1.0324    1.0464
    21.275     24.70    0.0100       1208    1.0324    1.0464    1.0464
    21.275     24.70    0.0350         44    1.0324    1.0324    1.0464
    21.275     24.70    0.0750         32    1.0607    1.0607    1.0607
    21.275     24.90   -0.0100        708    1.0464    1.0464    1.0464
    21.275     24.90    0.0100        588    1.0464    1.0464    1.0464
    21.275     24.90    0.0350         60    1.0324    1.0324    1.0324
    21.275     24.90    0.0750         44    1.0607    1.0607    1.0607
    21.275     25.10   -0.0100         48    1.0464    1.0464    1.0464
    21.275     25.10    0.0350         24    1.0324    1.0324    1.0324
    21.325     22.10    0.0100         20    0.9263    0.9389    0.9389
    21.325     22.30   -0.0750         24    0.8774    0.8774    0.8894
    21.325     22.30   -0.0100         40    0.8894    0.9015    0.9263
    21.325     22.30    0.0100         28    0.9015    0.9015    0.9263
    21.325     22.50   -0.0750         24    0.8656    0.8774    0.9389
    21.325     22.50   -0.0350         52    0.9389    0.9517    0.9517
    21.325     22.50   -0.0100         48    0.8656    0.8656    0.9138
    21.325     22.50    0.0750         32    1.1351    1.3909    2.4909
    21.325     22.70   -0.0750         48    0.8656    0.9263    0.9263
    21.325     22.90   -0.0350         56    1.0324    1.0324    1.0324
    21.325     22.90   -0.0100        324    1.0464    1.0464    1.0607
    21.325     22.90    0.0100        276    1.0464    1.0464    1.0464
    21.325     22.90    0.0350         40    1.0607    1.0752    1.0752
    21.325     22.90    0.0750         20    1.0607    1.2823    1.2998
    21.325     22.90    0.1500         32    1.0752    1.0752    1.0752
    21.325     23.10   -0.0350        212    1.0185    1.0324    1.0324
    21.325     23.10   -0.0100       4772    1.0464    1.0464    1.0464
    21.325     23.10    0.0100       2593    1.0464    1.0464    1.0464
    21.325     23.10    0.0750         52    1.0607    1.0607    1.0607
    21.325     23.10    0.1500         44    1.0607    1.0752    1.0752
    21.325     23.30   -0.0350         24    0.9517    1.0324    1.0324
    21.325     23.30   -0.0100       5468    1.0324    1.0464    1.0464
    21.325     23.30    0.0100       3508    1.0464    1.0464    1.0464
    21.325     23.30    0.0350         32    1.0607    1.0607    1.0607
    21.325     23.30    0.1500         64    1.0464    1.0607    1.0607
    21.325     23.50   -0.0100       1960    1.0324    1.0324    1.0324
    21.325     23.50    0.0100        964    1.0324    1.0324    1.0324
    21.325     23.50    0.1500         20    1.0464    1.0464    1.1351
    21.325     23.70   -0.0100        136    1.0464    1.0607    1.0607
    21.325     23.70    0.0100        608    1.0607    1.0607    1.0607
    21.325     23.70    0.0350        100    0.9779    1.0752    1.0899
    21.325     23.70    0.0750         52    1.0752    1.1198    1.1198
    21.325     23.90   -0.0100       1408    1.0607    1.0607    1.0607
    21.325     23.90    0.0100       1345    1.0607    1.0607    1.0752
    21.325     23.90    0.0350        100    0.9779    1.0607    1.0752
    21.325     23.90    0.0750         80    1.0607    1.0752    1.0752
    21.325     24.10   -0.0100       1920    1.0464    1.0464    1.0607
    21.325     24.10    0.0100       1132    1.0464    1.0607    1.0607
    21.325     24.10    0.0350         96    1.0464    1.0607    1.0607
    21.325     24.10    0.0750         88    1.0607    1.0607    1.0752
    21.325     24.30   -0.0100        768    1.0464    1.0464    1.0607
    21.325     24.30    0.0100       1092    1.0464    1.0464    1.0607
    21.325     24.30    0.0350         36    1.0464    1.0464    1.0607
    21.325     24.30    0.0750         52    1.0752    1.0752    1.0752
    21.325     24.50   -0.0100         72    1.0607    1.0607    1.0607
    21.325     24.50    0.0100         36    1.0464    1.0464    1.0464
    21.325     24.50    0.0350         60    1.0324    1.0464    1.0464
    21.375     21.50    0.1500         24    1.5502    1.7513    1.8740
    21.375     21.70    0.0350         44    1.0607    1.1047    1.1822
    21.375     21.90    0.0100         28    1.0185    1.0324    1.0752
    21.375     21.90    0.0350         20    1.0048    1.0464    1.0899
    21.375     21.90    0.0750         36    1.0752    1.0899    1.0899
    21.375     22.10   -0.0750         24    0.8894    0.8894    0.9015
    21.375     22.10   -0.0350         32    0.9517    1.0048    1.0048
    21.375     22.10   -0.0100         28    1.0185    1.0185    1.0185
    21.375     22.10    0.0100         32    0.9647    0.9647    0.9779
    21.375     22.10    0.0750         80    1.0752    1.0899    1.0899
    21.375     22.10    0.1500         32    1.4099    1.4684    2.2964
    21.375     22.30   -0.0350         52    0.9517    0.9517    0.9779
    21.375     22.30    0.0750         88    1.0752    1.0752    1.1822
    21.375     22.50   -0.0100        532    1.0607    1.0607    1.0607
    21.375     22.50    0.0100        720    1.0607    1.0607    1.0607
    21.375     22.50    0.0350         84    1.0752    1.0752    1.1047
    21.375     22.50    0.0750         56    1.0752    1.0752    1.0752
    21.375     22.70   -0.0100       3660    1.0464    1.0607    1.0607
    21.375     22.70    0.0100       1404    1.0607    1.0607    1.0607
    21.375     22.70    0.0350        116    1.0752    1.0752    1.1198
    21.375     22.70    0.0750         45    1.0752    1.0752    1.0752
    21.375     22.70    0.1500         32    1.0752    1.0752    1.0899
    21.375     22.90   -0.0100       2588    1.0464    1.0464    1.0607
    21.375     22.90    0.0100       3088    1.0464    1.0464    1.0607
    21.375     22.90    0.0350         56    1.1047    1.1047    1.1047
    21.375     22.90    0.0750         64    1.0607    1.0607    1.0752
    21.375     22.90    0.1500         25    1.0752    1.0752    1.1198
    21.375     23.10   -0.0100        632    1.0464    1.0464    1.0464
    21.375     23.10    0.0100        277    1.0752    1.0752    1.0899
    21.375     23.10    0.0350        152    1.0048    1.0899    1.1047
    21.375     23.10    0.1500         36    1.1506    1.1506    1.1663
    21.375     23.30   -0.0100        836    1.0752    1.0752    1.0752
    21.375     23.30    0.0100       1028    1.0752    1.0752    1.0752
    21.375     23.30    0.0350        152    1.0752    1.0899    1.1047
    21.375     23.30    0.1500         28    1.1351    1.1351    1.1506
    21.375     23.50   -0.0100       1348    1.0607    1.0752    1.0752
    21.375     23.50    0.0100       1040    1.0607    1.0752    1.0752
    21.375     23.50    0.0350        260    1.0752    1.0752    1.0899
    21.375     23.70   -0.0100        696    1.0607    1.0607    1.0752
    21.375     23.70    0.0100       1180    1.0607    1.0752    1.0752
    21.375     23.70    0.0350        120    1.0607    1.0607    1.0752
    21.375     23.90   -0.0100        304    1.0607    1.0607    1.0752
    21.375     23.90    0.0350        116    1.0607    1.0607    1.0607
    21.425     20.90   -0.0350        316    1.0607    1.0752    1.0752
    21.425     20.90   -0.0100       5164    1.0752    1.0899    1.0899
    21.425     20.90    0.0100       2240    1.0899    1.0899    1.0899
    21.425     21.10   -0.0350         60    1.0752    1.0752    1.0752
    21.425     21.10   -0.0100      22208    1.0899    1.0899    1.0899
    21.425     21.10    0.0100       3612    1.0899    1.0899    1.0899
    21.425     21.10    0.0750         30    1.2480    1.2823    1.4684
    21.425     21.30    0.0100        376    1.0607    1.0752    1.0752
    21.425     21.30    0.0350         24    1.1198    1.1351    1.1506
    21.425     21.30    0.0750         64    1.1351    1.1506    1.2480
    21.425     21.50   -0.0350         20    0.9779    0.9779    0.9912
    21.425     21.50    0.0100        188    1.0752    1.0752    1.0752
    21.425     21.50    0.0350         64    1.0899    1.1506    1.2312
    21.425     21.50    0.0750         44    1.1047    1.1047    1.1198
    21.425     21.70   -0.0350         32    0.9517    0.9517    0.9912
    21.425     21.70    0.0100         20    1.1047    1.1198    1.1198
    21.425     21.70    0.0350         20    1.0899    1.0899    1.1351
    21.425     21.70    0.0750         48    1.0752    1.0899    1.1047
    21.425     21.70    0.1500         24    1.5502    1.7277    2.9308
    21.425     21.90   -0.0100         36    1.0324    1.0607    1.0752
    21.425     21.90    0.0750         48    1.0752    1.0899    1.0899
    21.425     22.10   -0.0100        996    1.0752    1.0752    1.0752
    21.425     22.10    0.0100       1204    1.0752    1.0752    1.0752
    21.425     22.10    0.0350        108    1.0899    1.0899    1.0899
    21.425     22.10    0.0750         40    0.9779    1.1351    1.1351
    21.425     22.30   -0.0100       2456    1.0607    1.0752    1.0752
    21.425     22.30    0.0100       1432    1.0752    1.0752    1.0752
    21.425     22.30    0.0350        144    1.0752    1.0899    1.1198
    21.425     22.50   -0.0100       1412    1.0607    1.0607    1.0607
    21.425     22.50    0.0100       2052    1.0607    1.0607    1.0607
    21.425     22.50    0.0350        169    1.0752    1.1198    1.1198
    21.425     22.50    0.0750         28    0.9912    0.9912    1.0899
    21.425     22.50    0.1500         32    1.1663    1.1822    1.1983
    21.425     22.70   -0.0100        244    1.0899    1.0899    1.0899
    21.425     22.70    0.0100        800    1.0899    1.1047    1.1047
    21.425     22.70    0.0350        152    1.0899    1.1047    1.1198
    21.425     22.70    0.1500         28    1.1663    1.1663    1.1822
    21.425     22.90   -0.0100        480    1.0899    1.0899    1.0899
    21.425     22.90    0.0100       1364    1.0899    1.0899    1.0899
    21.425     22.90    0.0350        200    1.0899    1.1047    1.1047
    21.425     23.10   -0.0100        620    1.0752    1.0752    1.0899
    21.425     23.10    0.0100        984    1.0752    1.0899    1.0899
    21.425     23.10    0.0350        152    1.0752    1.0899    1.0899
    21.425     23.30   -0.0100        424    1.0752    1.0752    1.0899
    21.425     23.30    0.0100         72    1.0899    1.0899    1.0899
    21.425     23.30    0.0350        100    1.0752    1.0752    1.0899
    21.425     23.50    0.0350         48    1.0752    1.0752    1.0752
    21.475     20.50   -0.0350        128    1.0048    1.0185    1.0185
    21.475     20.50   -0.0100        508    0.9912    1.0899    1.0899
    21.475     20.50    0.0100       1072    1.1047    1.1047    1.1047
    21.475     20.50    0.0350         56    1.1822    1.1983    1.3722
    21.475     20.70   -0.0350        412    1.0185    1.0324    1.0752
    21.475     20.70   -0.0100       8620    1.0899    1.1047    1.1047
    21.475     20.70    0.0100       6916    1.1047    1.1047    1.1047
    21.475     20.70    0.0350         60    1.1663    1.2312    1.3537
    21.475     20.90   -0.0350        516    1.0464    1.0607    1.0752
    21.475     20.90   -0.0100      13196    1.0899    1.0899    1.1047
    21.475     20.90    0.0100      10973    1.0899    1.1047    1.1047
    21.475     20.90    0.0350         21    1.1663    1.1822    1.2147
    21.475     20.90    0.0750         52    1.4684    1.5928    1.6589
    21.475     21.10   -0.0100         20    1.0464    1.0464    1.0607
    21.475     21.10    0.0100       2708    1.0899    1.0899    1.0899
    21.475     21.10    0.0750         40    1.3355    1.3537    1.4884
    21.475     21.30    0.0100         28    1.0324    1.1351    1.1506
    21.475     21.30    0.0350         20    1.1506    1.1663    1.1822
    21.475     21.30    0.1500         32    1.5928    1.6365    1.9255
    21.475     21.50   -0.0100         68    1.0899    1.1047    1.1047
    21.475     21.50    0.0100        176    1.1047    1.1047    1.1047
    21.475     21.50    0.0350         72    1.1198    1.1198    1.1198
    21.475     21.70   -0.0100        872    1.0899    1.0899    1.0899
    21.475     21.70    0.0100       1317    1.0899    1.0899    1.1047
    21.475     21.70    0.0350        188    1.1047    1.1047    1.1047
    21.475     21.70    0.0750         24    1.1663    1.1663    1.1663
    21.475     21.90   -0.0100       1736    1.0899    1.0899    1.0899
    21.475     21.90    0.0100       1576    1.0899    1.0899    1.1351
    21.475     21.90    0.0350        212    1.0899    1.0899    1.1047
    21.475     21.90    0.0750         52    1.0324    1.1822    1.1983
    21.475     21.90    0.1500         36    1.1351    1.2147    1.2147
    21.475     22.10   -0.0100       1128    1.0752    1.0752    1.0899
    21.475     22.10    0.0100        852    1.1198    1.1198    1.1351
    21.475     22.10    0.0350        137    1.0324    1.1198    1.1351
    21.475     22.10    0.1500         44    1.1351    1.1983    1.2147
    21.475     22.30   -0.0100        204    1.1047    1.1047    1.1198
    21.475     22.30    0.0100       1320    1.1047    1.1198    1.1198
    21.475     22.30    0.0350        164    1.1198    1.1198    1.1351
    21.475     22.30    0.0750         32    1.0048    1.0048    1.1198
    21.475     22.50   -0.0100        284    1.0899    1.1047    1.1047
    21.475     22.50    0.0100       1100    1.1047    1.1047    1.1198
    21.475     22.50    0.0350        168    1.1047    1.1047    1.1198
    21.475     22.70   -0.0100        172    1.0899    1.1047    1.1047
    21.475     22.70    0.0100        464    1.1047    1.1047    1.1047
    21.475     22.70    0.0350        116    1.1047    1.1047    1.1047
    21.525     19.90    0.0100         28    1.0185    1.0464    1.0464
    21.525     20.10   -0.0350        104    0.9912    1.0324    1.0464
    21.525     20.10   -0.0100        124    1.0185    1.1198    1.1351
    21.525     20.10    0.0100        604    1.1198    1.1198    1.1198
    21.525     20.10    0.0350         36    1.1663    1.1983    1.3175
    21.525     20.10    0.0750         32    1.4291    1.8996    2.1171
    21.525     20.30   -0.0350        156    0.9912    1.0185    1.0324
    21.525     20.30   -0.0100       3588    1.1198    1.1198    1.1198
    21.525     20.30    0.0100       3193    1.1198    1.1198    1.1198
    21.525     20.30    0.0350        121    1.1351    1.1351    1.5087
    21.525     20.50   -0.0350         28    1.0185    1.0185    1.0185
    21.525     20.50   -0.0100       5468    1.1047    1.1047    1.1198
    21.525     20.50    0.0100       3577    1.1047    1.1047    1.1198
    21.525     20.50    0.0350         88    1.1198    1.1198    1.2650
    21.525     20.50    0.1500         28    1.8239    1.9255    1.9518
    21.525     20.50    0.6000         28    2.3595    2.3595    2.5594
    21.525     20.70   -0.0100        684    1.1047    1.1047    1.1047
    21.525     20.90    0.0100         33    1.0607    1.1351    1.1351
    21.525     20.90    0.0350         20    1.0607    1.2147    1.2147
    21.525     20.90    0.0750         32    1.1663    1.1663    1.2312
    21.525     21.10   -0.0100        248    1.1198    1.1198    1.1198
    21.525     21.10    0.0100        576    1.1198    1.1351    1.1351
    21.525     21.10    0.0350        204    1.1351    1.1351    1.1506
    21.525     21.10    0.0750         24    1.1983    1.2147    1.2147
    21.525     21.30   -0.0100        476    1.1047    1.1198    1.1198
    21.525     21.30    0.0100       1580    1.1198    1.1198    1.1822
    21.525     21.30    0.0350        212    1.1198    1.1198    1.1351
    21.525     21.30    0.0750         44    1.0899    1.1822    1.1983
    21.525     21.50   -0.0100        528    1.1047    1.1047    1.1047
    21.525     21.50    0.0100       1860    1.1047    1.1047    1.1663
    21.525     21.50    0.0350        264    1.1047    1.1198    1.1663
    21.525     21.50    0.0750         76    1.0324    1.0752    1.2312
    21.525     21.70   -0.0100        152    1.1198    1.1351    1.1506
    21.525     21.70    0.0100       1424    1.1047    1.1506    1.1663
    21.525     21.70    0.0350        200    1.1351    1.1506    1.1506
    21.525     21.70    0.0750         32    1.0464    1.0464    1.1983
    21.525     21.70    0.1500         36    1.1663    1.1822    1.2312
    21.525     21.90   -0.0100        180    1.1198    1.1351    1.1506
    21.525     21.90    0.0100        852    1.1351    1.1351    1.1506
    21.525     21.90    0.0350        144    1.1351    1.1351    1.1506
    21.525     22.10   -0.0100        152    1.1198    1.1198    1.1351
    21.525     22.10    0.0100        552    1.1198    1.1351    1.1351
    21.525     22.10    0.0350        112    1.1198    1.1351    1.1351
    21.575     19.70   -0.0100        136    1.0607    1.1351    1.1506
    21.575     19.70    0.0100        660    1.1506    1.1506    1.1663
    21.575     19.70    0.0350         96    1.1198    1.1663    1.2147
    21.575     19.70    0.0750         25    1.2998    1.7044    2.3917
    21.575     19.90   -0.0350         40    0.9912    1.0048    1.0464
    21.575     19.90   -0.0100       1700    1.1351    1.1351    1.1506
    21.575     19.90    0.0100       2896    1.1351    1.1351    1.1506
    21.575     19.90    0.0350         40    1.1822    1.1822    1.1983
    21.575     19.90    0.0750         37    1.2480    1.4884    2.2655
    21.575     19.90    0.1500         20    1.2312    1.2312    2.4909
    21.575     20.10   -0.0100       2280    1.1198    1.1351    1.1351
    21.575     20.10    0.0100       2548    1.1198    1.1351    1.1351
    21.575     20.10    0.0750         32    1.1983    1.1983    1.2312
    21.575     20.10    0.1500         44    1.2312    1.6815    2.1753
    21.575     20.30   -0.0100        180    1.1198    1.1198    1.1198
    21.575     20.30    0.1500         48    1.2147    1.2147    2.2350
    21.575     20.50    0.0100        204    1.1663    1.1822    1.1822
    21.575     20.50    0.0350         52    1.1663    1.1663    1.1822
    21.575     20.50    0.0750         20    1.2650    1.2650    1.2823
    21.575     20.50    0.1500         65    1.1983    1.1983    1.5713
    21.575     20.50    0.6000         20    1.7751    1.7994    2.3595
    21.575     20.70   -0.0100        100    1.1351    1.1506    1.1506
    21.575     20.70    0.0100       1032    1.1506    1.1663    1.1663
    21.575     20.70    0.0350        156    1.1047    1.1506    1.1663
    21.575     20.70    0.0750         28    1.2480    1.2650    1.2650
    21.575     20.70    0.1500         68    1.1822    1.1822    1.2312
    21.575     20.90   -0.0100        180    1.1198    1.1351    1.1351
    21.575     20.90    0.0100       1721    1.1351    1.1506    1.2147
    21.575     20.90    0.0350        280    1.1351    1.1983    1.2147
    21.575     20.90    0.0750         52    1.1351    1.1663    1.2147
    21.575     20.90    0.1500         20    1.1047    1.2312    1.2312
    21.575     21.10   -0.0100        180    1.1198    1.1351    1.1822
    21.575     21.10    0.0100       1660    1.1351    1.1822    1.1983
    21.575     21.10    0.0350        200    1.1822    1.1983    1.1983
    21.575     21.10    0.0750         40    1.1047    1.1047    1.1506
    21.575     21.10    0.1500         36    1.2650    1.2823    1.2998
    21.575     21.30   -0.0100        116    1.1506    1.1663    1.1822
    21.575     21.30    0.0100        768    1.1663    1.1822    1.1983
    21.575     21.30    0.0350        172    1.1663    1.1822    1.1822
    21.575     21.30    0.1500         36    1.2147    1.2147    1.2650
    21.575     21.50   -0.0100        128    1.1506    1.1506    1.1663
    21.575     21.50    0.0100        452    1.1663    1.1822    1.1822
    21.575     21.50    0.0350         88    1.1506    1.1663    1.1663
    21.575     21.70   -0.0100         44    1.1506    1.1663    1.1663
    21.575     21.70    0.0100         24    1.1663    1.1663    1.1663
    21.625     18.90    0.0750         44    1.2823    1.2823    1.2998
    21.625     19.10    0.0350         36    1.2480    1.2480    1.2480
    21.625     19.10    0.0750         52    1.2650    1.2823    1.4486
    21.625     19.30   -0.0100        132    1.1663    1.1822    1.1822
    21.625     19.30    0.0100        524    1.1822    1.1822    1.1983
    21.625     19.30    0.0350         52    1.2480    1.2480    1.3355
    21.625     19.30    0.0750        120    1.2480    1.2650    1.4884
    21.625     19.50   -0.0100        956    1.1663    1.1663    1.1822
    21.625     19.50    0.0100       1496    1.1663    1.1663    1.1822
    21.625     19.50    0.0350         44    1.2312    1.3175    1.3537
    21.625     19.50    0.0750        108    1.2312    1.2480    1.2480
    21.625     19.50    0.6000         20    2.7019    2.8140    3.0524
    21.625     19.70   -0.0100       1112    1.1506    1.1506    1.1663
    21.625     19.70    0.0100       1797    1.1506    1.1506    1.1663
    21.625     19.70    0.0350         24    1.2147    1.2147    1.2312
    21.625     19.70    0.0750         80    1.2312    1.2312    1.2480
    21.625     19.90   -0.0100         44    1.1506    1.1506    1.1506
    21.625     19.90    0.0750         64    1.2147    1.2147    1.2312
    21.625     20.10   -0.0100         32    1.1822    1.1822    1.1822
    21.625     20.10    0.0100        588    1.2147    1.2147    1.2312
    21.625     20.10    0.0350         76    1.2650    1.2823    1.2998
    21.625     20.10    0.0750         60    1.1663    1.2998    1.3175
    21.625     20.10    0.1500         36    1.2998    1.3722    1.3909
    21.625     20.30   -0.0100        128    1.1663    1.1822    1.1822
    21.625     20.30    0.0100        976    1.1822    1.1983    1.1983
    21.625     20.30    0.0350        284    1.1983    1.2650    1.2823
    21.625     20.30    0.0750         48    1.1351    1.2998    1.2998
    21.625     20.30    0.1500         36    1.2650    1.3537    1.3909
    21.625     20.50   -0.0100        128    1.1506    1.1663    1.1663
    21.625     20.50    0.0100       1172    1.1663    1.1822    1.2480
    21.625     20.50    0.0350        256    1.1822    1.2480    1.2480
    21.625     20.50    0.1500         80    1.2147    1.2823    1.3537
    21.625     20.70   -0.0100         48    1.1506    1.1506    1.1506
    21.625     20.70    0.0100        877    1.1663    1.2312    1.2480
    21.625     20.70    0.0350        164    1.2147    1.2312    1.2312
    21.625     20.70    0.1500         48    1.1506    1.3175    1.3537
    21.625     20.90    0.0100        540    1.1983    1.2312    1.2312
    21.625     20.90    0.0350         56    1.1983    1.1983    1.2147
    21.625     20.90    0.1500         24    1.2823    1.2998    1.3175
    21.625     21.10   -0.0100         24    1.1822    1.1983    1.1983
    21.625     21.10    0.0100        132    1.1983    1.2312    1.2312
    21.675     18.10   -0.0100        112    1.2312    1.2480    1.2823
    21.675     18.10    0.0100       1217    1.2823    1.2823    1.2823
    21.675     18.30   -0.0350         68    1.2147    1.2147    1.2312
    21.675     18.30   -0.0100      21837    1.2650    1.2650    1.2823
    21.675     18.30    0.0100      12834    1.2650    1.2823    1.2823
    21.675     18.50   -0.0100      32252    1.2823    1.2823    1.2998
    21.675     18.50    0.0100       8040    1.2823    1.2823    1.2823
    21.675     18.50    0.0350         41    1.3537    1.3909    1.4684
    21.675     18.70   -0.0100      14192    1.2823    1.2823    1.2823
    21.675     18.70    0.0100       4816    1.2823    1.2823    1.2823
    21.675     18.70    0.0350         32    1.2823    1.2998    1.3175
    21.675     18.70    0.0750         52    1.2998    1.2998    1.3355
    21.675     18.90   -0.0100         32    1.1983    1.1983    1.1983
    21.675     18.90    0.0100        528    1.2312    1.2312    1.2312
    21.675     18.90    0.0350         64    1.1983    1.2650    1.3175
    21.675     18.90    0.0750         21    1.2998    1.5502    1.7513
    21.675     19.10   -0.0100        396    1.1983    1.1983    1.2147
    21.675     19.10    0.0100       1276    1.1983    1.2147    1.2147
    21.675     19.10    0.0350         44    1.1506    1.2650    1.2823
    21.675     19.10    0.0750         64    1.2650    1.2823    1.6815
    21.675     19.30   -0.0100        600    1.1822    1.1822    1.1983
    21.675     19.30    0.0100        837    1.1822    1.1983    1.1983
    21.675     19.30    0.0350         32    1.3722    1.3722    1.3722
    21.675     19.30    0.0750         24    1.2650    1.2650    1.2650
    21.675     19.50    0.0350        144    1.2823    1.3355    1.3537
    21.675     19.50    0.0750         28    1.2998    1.4099    1.4291
    21.675     19.50    0.6000         48    1.9255    2.5594    3.0113
    21.675     19.70    0.0100        412    1.2480    1.2480    1.2650
    21.675     19.70    0.0350        136    1.3175    1.3355    1.3537
    21.675     19.70    0.0750         60    1.2480    1.3537    1.3722
    21.675     19.70    0.1500         48    1.4099    1.4884    1.4884
    21.675     19.90    0.0100        941    1.2312    1.2312    1.2998
    21.675     19.90    0.0350        200    1.2998    1.3175    1.3175
    21.675     19.90    0.0750         28    1.1983    1.3537    1.3722
    21.675     19.90    0.1500         64    1.3722    1.4486    1.4684
    21.675     20.10   -0.0100         24    1.1983    1.1983    1.1983
    21.675     20.10    0.0100        805    1.2147    1.2147    1.2823
    21.675     20.10    0.0350        128    1.2823    1.2998    1.2998
    21.675     20.10    0.0750         28    1.1663    1.3722    1.3909
    21.675     20.10    0.1500         56    1.2998    1.4099    1.4291
    21.675     20.30    0.0100        564    1.2650    1.2823    1.2823
    21.675     20.30    0.0350         72    1.2147    1.2650    1.2650
    21.675     20.30    0.1500         32    1.3909    1.3909    1.4099
    21.675     20.50    0.0100        272    1.2480    1.2650    1.2650
    21.725     17.90   -0.0100        724    1.2480    1.3355    1.3355
    21.725     17.90    0.0100       4584    1.2998    1.3175    1.3175
    21.725     17.90    0.0350         77    1.4099    1.4884    2.0327
    21.725     18.10   -0.0350         72    1.1983    1.1983    1.2147
    21.725     18.10   -0.0100       8748    1.2998    1.2998    1.3175
    21.725     18.10    0.0100       3770    1.2823    1.2998    1.2998
    21.725     18.10    0.0350         71    1.4099    1.5293    1.8239
    21.725     18.30   -0.0100       7476    1.2998    1.2998    1.3175
    21.725     18.30    0.0100         28    1.2998    1.3355    1.4291
    21.725     18.50   -0.0100         20    1.2312    1.2650    1.2823
    21.725     18.50    0.0100        216    1.2823    1.2823    1.2998
    21.725     18.50    0.0750         28    1.3909    1.4099    1.4099
    21.725     18.70   -0.0100        188    1.2312    1.2480    1.2650
    21.725     18.70    0.0100        929    1.2480    1.2650    1.2823
    21.725     18.70    0.0350        108    1.2147    1.2823    1.3537
    21.725     18.70    0.1500         20    1.7277    2.0054    2.2049
    21.725     18.90   -0.0100        172    1.2147    1.2312    1.2312
    21.725     18.90    0.0100        672    1.2312    1.2480    1.2480
    21.725     18.90    0.0350         72    1.1663    1.3355    1.3909
    21.725     18.90    0.6000         22    2.9308    3.0113    3.3561
    21.725     19.10    0.0100         52    1.3355    1.3355    1.3355
    21.725     19.10    0.0350        136    1.3355    1.3537    1.3722
    21.725     19.10    0.0750         36    1.4486    1.5087    1.5087
    21.725     19.10    0.1500         40    1.5713    1.5713    1.5928
    21.725     19.10    0.6000         25    2.0054    3.0113    3.3561
    21.725     19.30    0.0100        188    1.2998    1.3175    1.3175
    21.725     19.30    0.0350        254    1.3175    1.3355    1.3909
    21.725     19.30    0.0750         52    1.3722    1.4486    1.4884
    21.725     19.30    0.1500         44    1.5293    1.5502    1.5502
    21.725     19.50    0.0100        745    1.2650    1.2823    1.3722
    21.725     19.50    0.0350        208    1.3175    1.3722    1.3909
    21.725     19.50    0.0750         40    1.2998    1.4291    1.4486
    21.725     19.50    0.1500         84    1.5087    1.5293    1.6589
    21.725     19.70    0.0100        508    1.2480    1.2650    1.3537
    21.725     19.70    0.0350        100    1.2998    1.3175    1.3355
    21.725     19.70    0.1500         60    1.4486    1.5087    1.5293
    21.725     19.90    0.0100         88    1.2998    1.3175    1.3355
    21.725     19.90    0.0350         28    1.2650    1.2650    1.2823
    21.725     20.10    0.0100         24    1.2998    1.2998    1.2998
    21.775     17.50   -0.0100        104    1.3722    1.3722    1.3722
    21.775     17.50    0.0100        973    1.3537    1.3722    1.3722
    21.775     17.50    0.0350        108    1.4099    1.4291    1.5087
    21.775     17.70   -0.0100       1284    1.3537    1.3537    1.3722
    21.775     17.70    0.0100       2881    1.3355    1.3537    1.3537
    21.775     17.70    0.0350        140    1.3909    1.4099    1.5293
    21.775     17.70    0.0750         22    1.5293    1.8239    2.1171
    21.775     17.90   -0.0100       1580    1.3355    1.3355    1.3537
    21.775     17.90    0.0100       1240    1.3175    1.3355    1.3355
    21.775     18.10   -0.0100         84    1.3355    1.3355    1.3355
    21.775     18.10    0.0100        236    1.3355    1.3537    1.3722
    21.775     18.10    0.0750        112    1.4099    1.5087    1.5293
    21.775     18.30    0.0100        540    1.3175    1.3175    1.3355
    21.775     18.30    0.0750        112    1.3355    1.4486    1.4884
    21.775     18.30    0.1500         40    1.4884    1.8996    2.4909
    21.775     18.50   -0.0100         24    1.2823    1.2823    1.2823
    21.775     18.50    0.0100        308    1.2823    1.2998    1.2998
    21.775     18.50    0.0350         28    1.2650    1.2823    1.2998
    21.775     18.50    0.0750         36    1.4884    1.4884    1.6145
    21.775     18.50    0.1500         28    1.4486    1.4486    1.4684
    21.775     18.70    0.0100         88    1.4099    1.4099    1.4291
    21.775     18.70    0.0350         88    1.4291    1.4884    1.5087
    21.775     18.70    0.0750         24    1.5502    1.5713    1.5928
    21.775     18.70    0.1500         42    1.4486    1.6365    1.7044
    21.775     18.90    0.0100        136    1.3722    1.3722    1.3909
    21.775     18.90    0.0350        233    1.3722    1.4684    1.4884
    21.775     18.90    0.0750         20    1.5293    1.5502    1.5502
    21.775     18.90    0.1500        120    1.5502    1.6815    1.7994
    21.775     19.10    0.0100        112    1.3355    1.3537    1.3537
    21.775     19.10    0.0350        304    1.4099    1.4486    1.4486
    21.775     19.10    0.1500         28    1.6145    1.7044    1.8488
    21.775     19.30    0.0100         44    1.3175    1.4099    1.4099
    21.775     19.30    0.0350        172    1.3722    1.4099    1.4291
    21.775     19.30    0.1500         56    1.6145    1.6589    1.6815
    21.775     19.50    0.0350         40    1.3722    1.3909    1.3909
    21.825     17.10    0.0100         80    1.4291    1.4291    1.4291
    21.825     17.10    0.0350         92    1.4486    1.6145    1.6145
    21.825     17.10    0.0750         24    1.7513    1.7751    2.0054
    21.825     17.30   -0.0100        156    1.3909    1.4099    1.4291
    21.825     17.30    0.0100       1233    1.3909    1.4099    1.4291
    21.825     17.30    0.0350        156    1.4684    1.5713    1.6145
    21.825     17.30    0.0750         80    1.6145    1.6589    1.9255
    21.825     17.50   -0.0100        332    1.3722    1.3909    1.4099
    21.825     17.50    0.0100       1236    1.3722    1.3909    1.3909
    21.825     17.50    0.0350         53    1.4291    1.5713    1.5713
    21.825     17.50    0.0750         88    1.5713    1.5928    1.7044
    21.825     17.70   -0.0100         64    1.3722    1.3722    1.3909
    21.825     17.70    0.0100         80    1.4291    1.4486    1.4486
    21.825     17.70    0.0350         64    1.4291    1.5502    1.5502
    21.825     17.70    0.0750         88    1.5713    1.5713    1.6815
    21.825     17.90    0.0100        305    1.3909    1.4099    1.4291
    21.825     17.90    0.0350         80    1.3909    1.4099    1.5293
    21.825     17.90    0.0750        160    1.5293    1.5502    1.5502
    21.825     18.10    0.0100        228    1.3537    1.3722    1.3909
    21.825     18.10    0.0750         60    1.5087    1.5087    1.5713
    21.825     18.30    0.0350        133    1.4884    1.5087    1.5293
    21.825     18.30    0.0750         41    1.5713    1.5928    1.6145
    21.825     18.30    0.1500         40    1.7994    1.8740    2.0605
    21.825     18.50    0.0350        241    1.4486    1.4684    1.5293
    21.825     18.50    0.0750         56    1.5502    1.5713    1.5928
    21.825     18.50    0.1500         44    1.7994    1.9784    2.0054
    21.825     18.70    0.0100         36    1.4099    1.4291    1.4486
    21.825     18.70    0.0350        269    1.4291    1.5293    1.5502
    21.825     18.70    0.0750         32    1.4884    1.5087    1.5293
    21.825     18.70    0.1500         56    1.7994    1.8488    2.0886
    21.825     18.90    0.0350         72    1.4684    1.4884    1.5087
    21.825     18.90    0.0750         24    1.4684    1.4884    1.4884
    21.825     19.10    0.0350         28    1.4486    1.4486    1.4684
    21.875     16.50   -0.0100      11250    1.5713    1.5713    1.5928
    21.875     16.50    0.0100      12720    1.5713    1.5928    1.6145
    21.875     16.70   -0.0100      20780    1.5928    1.6145    1.6365
    21.875     16.70    0.0100       1604    1.5502    1.6145    1.6145
    21.875     16.70    0.0350         55    1.6365    1.6815    1.7751
    21.875     16.90   -0.0100      36988    1.6145    1.6365    1.6365
    21.875     16.90    0.0100       5229    1.6365    1.6365    1.6365
    21.875     16.90    0.0350        200    1.5502    1.5928    1.6365
    21.875     16.90    0.0750         24    1.8740    1.8996    2.2350
    21.875     16.90    0.1500         28    2.3277    2.5943    2.7388
    21.875     17.10   -0.0100      38104    1.6365    1.6365    1.6365
    21.875     17.10    0.0100      10712    1.6365    1.6365    1.6365
    21.875     17.10    0.0350        128    1.4486    1.5087    1.5928
    21.875     17.10    0.0750         20    2.2655    2.3595    2.3917
    21.875     17.30   -0.0100         76    1.3909    1.4291    1.4486
    21.875     17.30    0.0350         29    1.3909    1.4099    1.5502
    21.875     17.50    0.0100         56    1.4684    1.4884    1.5087
    21.875     17.50    0.0350        184    1.4884    1.5087    1.5293
    21.875     17.50    0.1500         40    1.7751    1.7994    1.9518
    21.875     17.70    0.0100        116    1.4486    1.4684    1.4884
    21.875     17.70    0.0350         60    1.4099    1.4291    1.4684
    21.875     17.70    0.0750         32    1.6145    1.6815    1.7994
    21.875     17.90    0.0750         92    1.6365    1.6815    1.7277
    21.875     17.90    0.1500         24    2.0605    2.1171    2.5249
    21.875     18.10    0.0350         64    1.5713    1.5928    1.5928
    21.875     18.10    0.0750         64    1.5713    1.6589    1.6589
    21.875     18.10    0.1500         48    1.9518    2.0605    2.4243
    21.875     18.10    0.6000         28    2.0605    2.2049    2.7019
    21.875     18.30    0.0350         56    1.5293    1.5502    1.6365
    21.875     18.30    0.0750        104    1.6365    1.6589    1.7044
    21.875     18.50    0.0350         40    1.5713    1.5713    1.5928
    21.925     16.10    0.0100         29    1.6815    1.6815    1.6815
    21.925     16.30   -0.0100        100    1.5928    1.6815    1.6815
    21.925     16.30    0.0100       2309    1.6365    1.6589    1.6815
    21.925     16.30    0.0350         63    1.7277    1.7751    1.9518
    21.925     16.50   -0.0100       1924    1.6365    1.6589    1.6815
    21.925     16.50    0.0100       6113    1.6145    1.6365    1.6589
    21.925     16.50    0.0350         61    1.7044    1.7513    2.0886
    21.925     16.50    0.0750         45    1.6589    1.6815    1.8239
    21.925     16.70   -0.0100       3556    1.6365    1.6589    1.6815
    21.925     16.70    0.0100        404    1.5293    1.5502    1.6145
    21.925     16.70    0.0350         68    1.5087    1.6145    1.6365
    21.925     16.70    0.0750         72    1.6145    1.6815    1.7277
    21.925     16.90   -0.0100        896    1.6589    1.6589    1.6589
    21.925     16.90    0.0100        160    1.4684    1.5087    1.5502
    21.925     16.90    0.0750         32    1.6145    1.7044    1.7044
    21.925     17.10    0.0350         72    1.5928    1.6365    1.6589
    21.925     17.10    0.0750         28    1.6365    1.6815    1.7044
    21.925     17.10    0.1500         36    1.9518    2.0605    2.4243
    21.925     17.30    0.0350         96    1.5293    1.5713    1.5928
    21.925     17.30    0.1500         20    1.9255    2.2964    2.3277
    21.925     17.50    0.0750         93    1.7751    1.7994    1.8488
    21.925     17.50    0.1500         24    2.2049    2.2350    2.5249
    21.925     17.70    0.0750        100    1.7044    1.7751    1.7994
    21.925     17.70    0.1500         36    1.9255    1.9518    2.7019
    21.925     17.70    0.6000         41    2.2049    2.2655    2.4909
    21.925     17.90    0.0350         20    1.6365    1.6589    1.6815
    21.925     17.90    0.0750         88    1.7277    1.7751    1.8488
    21.925     18.10    0.0750         64    1.6815    1.7044    1.7513
    21.975     15.90    0.0100        104    1.7044    1.7277    1.7277
    21.975     15.90    0.0350         52    1.7513    1.7513    1.7751
    21.975     15.90    0.0750         20    2.0054    2.0054    2.2655
    21.975     16.10    0.0100        820    1.6815    1.7044    1.7277
    21.975     16.10    0.0350         84    1.7277    1.8488    1.9784
    21.975     16.10    0.0750         20    2.0054    2.3595    2.4243
    21.975     16.30   -0.0100        196    1.6815    1.6815    1.7277
    21.975     16.30    0.0100        913    1.6815    1.7044    1.7277
    21.975     16.30    0.0350        132    1.6589    1.6815    1.8740
    21.975     16.30    0.0750         60    1.8740    2.0605    2.3277
    21.975     16.50   -0.0100        252    1.6815    1.7044    1.7044
    21.975     16.50    0.0100        180    1.6365    1.7044    1.7044
    21.975     16.50    0.0350        117    1.5713    1.6145    1.8740
    21.975     16.50    0.0750         56    1.8488    1.9518    1.9784
    21.975     16.70    0.0750        121    1.7751    1.9255    1.9518
    21.975     16.70    0.1500         28    2.2350    2.3917    2.4574
    21.975     16.90    0.0350         36    1.6815    1.6815    1.9255
    21.975     16.90    0.0750        100    1.7277    1.8239    1.8996
    21.975     17.10    0.0750         20    1.8488    1.8488    1.8740
    21.975     17.30    0.0750         30    1.8740    1.8996    1.9518
    21.975     17.30    0.1500         28    2.0327    2.0605    2.1460
    21.975     17.50    0.0750         58    1.8239    1.8488    1.8996
    21.975     17.50    0.1500         28    1.9784    2.0054    2.0327
    21.975     17.70    0.0750         40    1.7994    1.8488    1.8740
    22.025     15.70    0.0100         24    1.7751    1.7751    1.7994
    22.025     15.70    0.0350        141    1.7994    1.8740    1.9784
    22.025     15.90    0.0100        366    1.7277    1.7751    1.7751
    22.025     15.90    0.0350        196    1.7751    1.7994    2.0054
    22.025     15.90    0.0750         58    1.8488    2.1171    2.4574
    22.025     15.90    0.1500         32    2.1171    2.2049    2.3277
    22.025     16.10    0.0100        312    1.7277    1.7513    1.7751
    22.025     16.10    0.0350        200    1.7513    1.9784    2.0054
    22.025     16.10    0.0750         53    1.8488    1.9784    2.6297
    22.025     16.30    0.0100         36    1.7513    1.7513    1.7513
    22.025     16.30    0.0350         64    1.7044    1.9784    2.0054
    22.025     16.30    0.0750         44    1.9518    1.9518    1.9784
    22.025     16.50    0.0350         44    1.9518    1.9784    1.9784
    22.025     16.50    0.0750         45    1.8239    1.9784    2.0327
    22.025     16.70    0.0350         36    1.9255    1.9518    1.9518
    22.025     17.10    0.1500         25    2.1460    2.2049    2.2655
    22.075     15.10   -0.0100       1893    1.8740    1.8740    1.8740
    22.075     15.30   -0.0100       6252    1.8996    1.8996    1.9255
    22.075     15.30    0.0100       4097    1.8996    1.8996    1.9518
    22.075     15.30    0.0350         21    1.9784    1.9784    1.9784
    22.075     15.50   -0.0100       9912    1.9518    1.9518    1.9518
    22.075     15.50    0.0100       2376    1.9518    1.9518    1.9784
    22.075     15.50    0.0350        174    1.8740    1.9784    2.0054
    22.075     15.50    0.0750         32    2.0327    2.0886    2.2049
    22.075     15.70   -0.0100      27860    1.9784    1.9784    1.9784
    22.075     15.70    0.0100       5448    1.9784    1.9784    1.9784
    22.075     15.70    0.0350        236    1.8239    1.8740    1.9784
    22.075     15.70    0.0750         53    2.0605    2.1753    2.6297
    22.075     15.90   -0.0100      38852    1.9784    1.9784    1.9784
    22.075     15.90    0.0100      11540    1.9784    1.9784    1.9784
    22.075     15.90    0.0350         40    1.7994    1.8239    1.8488
    22.075     15.90    0.0750         53    1.8740    2.0054    2.2049
    22.075     16.10   -0.0100      42908    1.9518    1.9518    1.9518
    22.075     16.10    0.0100       5296    1.9518    1.9784    1.9784
    22.125     15.10   -0.0100       4373    1.8488    1.8740    1.8996
    22.125     15.10    0.0100       6304    1.8488    1.8740    1.8996
    22.125     15.30   -0.0100        740    1.8996    1.8996    1.9255
    22.125     15.30    0.0100       4304    1.9255    1.9518    1.9784
    22.125     15.30    0.0350         41    1.9518    2.1460    2.2350
    22.125     15.30    0.0750         49    2.1753    2.2350    2.5594
    22.125     15.50   -0.0100       1360    1.9255    1.9784    1.9784
    22.125     15.50    0.0100       4130    1.9784    1.9784    2.0054
    22.125     15.50    0.0350         85    1.9518    1.9784    2.1753
    22.125     15.50    0.0750         32    2.0605    2.1171    2.3917
    22.125     15.70   -0.0100       2532    1.9784    1.9784    2.0054
    22.125     15.70    0.0100        448    1.9518    2.0054    2.0054
    22.125     15.90   -0.0100       1084    1.9784    1.9784    1.9784
    22.125     15.90    0.0100         24    1.8996    1.8996    1.9255
    22.175     14.90    0.0350         58    2.0327    2.0605    2.1753
    22.175     15.10    0.0100        277    2.0054    2.0327    2.0605
    22.175     15.10    0.0350        109    2.0886    2.1460    2.3277
    22.175     15.30    0.0100        517    2.0054    2.0327    2.0605
    22.175     15.30    0.0350         77    2.0327    2.1753    2.4909
    22.175     15.50    0.0100        428    1.9784    2.0054    2.0327
    22.175     15.50    0.0350         45    2.0605    2.1171    2.5943
    22.175     15.90    0.0750         20    2.2350    2.2655    2.2655
    22.225     14.90    0.0350        105    2.1460    2.2350    2.3277
    22.225     15.10    0.0350        177    2.0886    2.1753    2.3595
    22.225     15.10    0.0750         53    2.3277    2.3277    2.4574
    22.225     15.30    0.0100         28    2.0886    2.1171    2.1171
    22.225     15.30    0.0350        116    2.1171    2.3277    2.3595
    22.225     15.30    0.0750         20    2.2964    2.2964    2.6655
    22.225     15.50    0.0350         36    2.2964    2.2964    2.2964
    22.225     15.50    0.0750         64    2.2655    2.3277    2.3277
    22.225     15.70    0.0750         24    2.2350    2.2964    2.2964
    22.275     14.50    0.0350         56    2.2655    2.2964    2.2964
    22.275     14.70    0.0350         76    2.2655    2.3277    2.3277
    22.275     14.90    0.0100         48    2.2964    2.2964    2.2964
    22.275     14.90    0.0350         48    2.3277    2.3595    2.3595
    22.275     15.10    0.0100         40    2.3277    2.3277    2.3277
    22.325     14.10   -0.0100       4085    2.1171    2.1171    2.1171
    22.325     14.10    0.0100         96    2.0605    2.0605    2.0605
    22.325     14.10    0.0350         21    2.2049    2.2049    2.2049
    22.325     14.30   -0.0100       8304    2.1460    2.1753    2.1753
    22.325     14.30    0.0100       5529    2.1753    2.1753    2.1753
    22.325     14.30    0.0350         58    2.2350    2.2350    2.2655
    22.325     14.50   -0.0100      35976    2.1753    2.1753    2.1753
    22.325     14.50    0.0100      12440    2.1753    2.1753    2.1753
    22.325     14.50    0.0350         60    2.2350    2.2350    2.2964
    22.325     14.70   -0.0100     585576    2.1171    2.1171    2.1171
    22.325     14.70    0.0100      92596    2.1171    2.1171    2.1171
    22.375     13.70    0.0100        101    2.0054    2.0054    2.0054
    22.375     13.90   -0.0100       5135    2.0327    2.0605    2.0605
    22.375     13.90    0.0100       4623    2.0327    2.0605    2.0605
    22.375     14.10   -0.0100       2193    2.0886    2.1171    2.1460
    22.375     14.10    0.0100       4966    2.0886    2.1171    2.1171
    22.375     14.30   -0.0100        212    2.1460    2.1753    2.1753
    22.375     14.30    0.0100       2527    2.1460    2.1753    2.2049
    22.375     14.50   -0.0100       2028    2.1171    2.1460    2.1753
    22.375     14.50    0.0100       3104    2.1460    2.1753    2.1753
    22.375     14.70   -0.0100      24480    2.1171    2.1171    2.1171
    22.375     14.70    0.0100      36396    2.1171    2.1460    2.1460
    22.425     14.10    0.0350         55    2.3277    2.3595    2.5249
    22.425     14.30    0.0100        242    2.1753    2.2049    2.2655
    22.425     14.30    0.0350         81    2.3277    2.3595    2.4574
    22.425     14.50    0.0100         56    2.1460    2.1753    2.1753
    22.475     14.10    0.0350         36    2.5594    2.5594    2.5594
    22.475     14.10    0.0750         36    2.5594    2.5594    2.5594
    22.475     14.30    0.0750         64    2.5249    2.5249    2.5594
    22.475     14.50    0.0750         40    2.4909    2.4909    2.4909
    22.475     14.70    0.0750         20    2.4574    2.4574    2.4574
    22.525     13.50    0.0350         28    2.4909    2.4909    2.5249
    22.525     13.70    0.0350         68    2.5249    2.5249    2.5594
    22.525     13.90    0.0100         52    2.4574    2.4574    2.4574
    22.525     13.90    0.0350         48    2.5594    2.5594    2.5594
    22.525     14.10    0.0350         44    2.4574    2.4574    2.4574
    22.525     14.30    0.0350         32    2.4243    2.4243    2.4574
    22.575     13.30    0.0350         76    2.3595    2.4243    2.4574
    22.575     13.50    0.0350         80    2.3917    2.3917    2.4574
    22.575     13.70    0.0100         44    2.4243    2.4243    2.4243
    22.625     12.70   -0.0100        244    2.1171    2.1171    2.1171
    22.625     12.90   -0.0100       5316    2.1460    2.1753    2.1753
    22.625     12.90    0.0100       4919    2.1460    2.1753    2.2049
    22.625     13.10   -0.0100      14594    2.2350    2.2655    2.2655
    22.625     13.10    0.0100      10941    2.2350    2.2350    2.2655
    22.625     13.30   -0.0100     103868    2.1753    2.1753    2.2350
    22.625     13.30    0.0100      27654    2.1753    2.2049    2.2350
    22.625     13.30    0.0350         40    2.2964    2.2964    2.3277
    22.625     13.50    0.0100         80    2.2049    2.2049    2.2049
    22.675     12.70   -0.0100         72    2.1171    2.1171    2.1171
    22.675     12.70    0.0100       1357    2.1171    2.1171    2.1171
    22.675     13.10    0.0100        500    2.2350    2.2350    2.3277
    22.675     13.30   -0.0100        740    2.1171    2.1460    2.1460
    22.675     13.30    0.0100       1433    2.1460    2.1460    2.1753
    22.725     13.30    0.0750         20    2.5943    2.5943    2.5943
    22.775     12.70    0.0350         48    2.5943    2.5943    2.6655
    22.775     12.90    0.0350         28    2.5943    2.5943    2.5943
    22.775     12.90    0.0750         36    2.6297    2.6655    2.6655
    22.775     13.10    0.0750         56    2.5594    2.5594    2.6297
    22.775     13.30    0.0750         20    2.4909    2.4909    2.5249
    22.825     12.30    0.0350         44    2.5249    2.5249    2.5594
    22.825     12.50    0.0100         48    2.4243    2.4243    2.4574
    22.825     12.50    0.0350         72    2.5594    2.5943    2.6297
    22.825     12.70    0.0100         40    2.4574    2.4574    2.4574
    22.825     12.70    0.0350         44    2.4574    2.5943    2.5943
    22.825     12.90    0.0350         40    2.4243    2.4574    2.4574
    22.875     12.10    0.0350         84    2.3277    2.4243    2.4574
    22.875     12.30    0.0100         40    2.3917    2.3917    2.4243
    22.875     12.30    0.0350         72    2.3595    2.4909    2.5249
    22.925     11.70   -0.0100        950    2.1753    2.1753    2.1753
    22.925     11.70    0.0100       3529    2.1753    2.2049    2.2049
    22.925     11.90   -0.0100      96792    2.1171    2.1753    2.2049
    22.925     11.90    0.0100      30347    2.2049    2.2049    2.2350
    22.925     12.10   -0.0100      30516    2.1171    2.1753    2.1753
    22.925     12.10    0.0100       1636    2.2049    2.2049    2.2350
    22.925     12.10    0.0350         37    2.2655    2.2964    2.3277
    22.975     11.90   -0.0100      11220    2.0886    2.0886    2.1171
    22.975     11.90    0.0100      14340    2.1171    2.1460    2.1460
