! harvest_calib3.py -- the correction factor against the three quantities the reconstruction reports
!
! 334 nodes measured, 0 not measured, 4146285 pixels
! x = log10 of the surface density of the finest image, cm^-2
! y = the temperature fitted at that resolution, K
! z = log10 of the ratio of the finest to the coarsest surface density
! f = the factor that restores the true surface density; f16 and f84 bracket its spread in the cell
!
!        x         y         z     pixels       f16         f       f84
    20.425     23.70    0.1500         28    0.9829    0.9829    0.9963
    20.475     23.70    0.0750         52    0.9829    0.9829    0.9829
    20.475     23.70    0.1500        140    0.9829    0.9963    0.9963
    20.525     23.30    0.0750         48    0.9437    0.9566    0.9829
    20.525     23.50    0.0750        160    0.9697    0.9829    0.9963
    20.525     23.70    0.1500         24    0.9963    0.9963    0.9963
    20.575     22.90    0.0750         28    0.9697    1.0099    1.2209
    20.575     23.10   -0.1500        452    0.9566    0.9566    0.9566
    20.575     23.10   -0.0750        608    0.9566    0.9697    0.9697
    20.575     23.10   -0.0350        248    0.9310    0.9437    0.9697
    20.575     23.10   -0.0100         72    0.9185    0.9310    0.9437
    20.575     23.10    0.0100         56    0.9310    0.9566    0.9566
    20.575     23.10    0.0750         52    0.9437    0.9566    1.1104
    20.575     23.30   -0.1500       1092    0.9697    0.9829    0.9829
    20.575     23.30   -0.0750       2296    0.9697    0.9829    0.9963
    20.575     23.30   -0.0350       3120    0.9697    0.9829    0.9963
    20.575     23.30   -0.0100       2780    0.9963    0.9963    0.9963
    20.575     23.30    0.0100         56    0.9697    0.9697    0.9697
    20.575     23.30    0.0750         64    0.9437    1.0099    1.0237
    20.575     23.50   -0.0750        844    0.9963    0.9963    0.9963
    20.575     23.50   -0.0350       2784    0.9963    0.9963    0.9963
    20.575     23.50   -0.0100      21656    0.9963    0.9963    1.0099
    20.575     23.50    0.0100      25100    1.0099    1.0099    1.0099
    20.625     22.70   -0.1500        244    0.9061    0.9061    0.9185
    20.625     22.70   -0.0750         52    0.9061    0.9185    0.9310
    20.625     22.70    0.0100         36    0.9185    0.9185    0.9310
    20.625     22.70    0.0750         20    1.0807    1.0807    1.2375
    20.625     22.90   -0.6000         84    0.9185    0.9185    0.9310
    20.625     22.90   -0.1500        492    0.9185    0.9310    0.9310
    20.625     22.90   -0.0750       1172    0.9310    0.9437    0.9437
    20.625     22.90   -0.0350        124    0.9061    0.9185    0.9310
    20.625     22.90    0.0100         32    0.9185    0.9697    0.9697
    20.625     22.90    0.0750         24    1.0518    1.3423    1.4560
    20.625     23.10   -0.1500        308    0.9310    0.9437    0.9566
    20.625     23.10   -0.0750        948    0.9437    0.9566    0.9566
    20.625     23.10   -0.0350       1528    0.9697    0.9697    0.9829
    20.625     23.30   -0.0100      32412    1.0099    1.0099    1.0099
    20.625     23.30    0.0100      81632    1.0099    1.0099    1.0099
    20.625     23.50   -0.0100       4024    1.0099    1.0099    1.0099
    20.625     23.50    0.0100        136    1.0099    1.0099    1.0099
    20.675     22.10    0.0350         20    1.1409    1.2044    1.2544
    20.675     22.30    0.0350         20    0.9963    1.0099    1.0099
    20.675     22.50   -0.1500         44    0.9061    0.9061    0.9061
    20.675     22.50   -0.0750         24    0.9061    0.9061    0.9061
    20.675     22.70   -0.1500         24    0.9061    0.9061    0.9061
    20.675     22.70   -0.0750        624    0.9310    0.9437    0.9566
    20.675     22.70   -0.0350        260    0.9437    0.9566    0.9697
    20.675     22.90   -0.0750        268    0.9437    0.9437    0.9566
    20.675     22.90   -0.0350        168    0.9437    0.9963    0.9963
    20.675     22.90   -0.0100        328    0.9963    1.0099    1.0099
    20.675     23.10   -0.0350        336    0.9829    0.9829    0.9963
    20.675     23.10   -0.0100       7468    1.0099    1.0099    1.0099
    20.675     23.10    0.0100      25600    1.0099    1.0099    1.0099
    20.675     23.30   -0.0100      12844    1.0099    1.0099    1.0099
    20.675     23.30    0.0100      47972    1.0099    1.0099    1.0099
    20.725     21.50    0.0350         20    1.1564    1.2209    1.2209
    20.725     22.30   -0.0350         48    0.9061    0.9185    0.9310
    20.725     22.50   -0.0750        104    0.9437    0.9566    0.9566
    20.725     22.50   -0.0350        148    0.9566    0.9566    0.9829
    20.725     22.50    0.1500         48    0.9963    0.9963    0.9963
    20.725     22.70   -0.0750        164    0.9697    0.9697    0.9829
    20.725     22.70   -0.0350        556    0.9697    0.9829    0.9963
    20.725     22.70   -0.0100         44    0.9829    0.9829    0.9829
    20.725     22.70    0.0100        112    1.0099    1.0099    1.0099
    20.725     22.90   -0.0100       6768    1.0099    1.0099    1.0099
    20.725     22.90    0.0100      16836    1.0099    1.0099    1.0099
    20.725     23.10   -0.0100      16604    1.0099    1.0099    1.0099
    20.725     23.10    0.0100      25897    1.0099    1.0099    1.0099
    20.775     21.10    0.0350         28    1.1104    1.1564    1.5794
    20.775     21.90   -0.1500         24    0.9061    0.9061    0.9061
    20.775     22.10    0.0350         20    0.9829    0.9829    0.9829
    20.775     22.10    0.0750         28    0.9963    0.9963    0.9963
    20.775     22.30   -0.0100         24    0.9437    0.9437    0.9566
    20.775     22.30    0.0750         68    0.9963    0.9963    0.9963
    20.775     22.30    0.1500        112    0.9963    0.9963    1.0099
    20.775     22.50   -0.0350        492    0.9829    0.9963    1.0099
    20.775     22.50   -0.0100        208    1.0099    1.0099    1.0237
    20.775     22.50    0.0100         64    1.0099    1.0099    1.0099
    20.775     22.50    0.1500         36    0.9963    0.9963    0.9963
    20.775     22.70   -0.0350        116    0.9963    0.9963    1.0099
    20.775     22.70   -0.0100       7656    1.0099    1.0099    1.0099
    20.775     22.70    0.0100       6992    1.0099    1.0099    1.0099
    20.775     22.70    0.0350        184    1.0099    1.0099    1.0099
    20.775     22.90   -0.0100       9880    1.0099    1.0099    1.0099
    20.775     22.90    0.0100      12272    1.0099    1.0099    1.0099
    20.825     20.70    0.0750         20    1.4759    1.6673    2.5724
    20.825     21.70   -0.1500        116    0.9061    0.9185    0.9185
    20.825     21.70   -0.0750         68    0.9185    0.9185    0.9310
    20.825     21.90    0.0100         36    0.9963    0.9963    0.9963
    20.825     21.90    0.0750        120    0.9829    1.0099    1.0237
    20.825     22.10    0.0100         28    0.9829    0.9829    0.9963
    20.825     22.10    0.0750        116    0.9963    0.9963    1.0099
    20.825     22.10    0.1500         40    1.0099    1.0099    1.0099
    20.825     22.30   -0.0350         56    1.0237    1.0237    1.0237
    20.825     22.30   -0.0100        272    1.0099    1.0237    1.0237
    20.825     22.30    0.0100        296    1.0099    1.0237    1.0237
    20.825     22.50   -0.0350        132    1.0099    1.0099    1.0099
    20.825     22.50   -0.0100       7688    1.0099    1.0099    1.0099
    20.825     22.50    0.0100       6000    1.0099    1.0099    1.0099
    20.825     22.50    0.0350        224    1.0099    1.0099    1.0099
    20.825     22.70   -0.0100       4116    1.0099    1.0099    1.0099
    20.825     22.70    0.0100       7564    1.0099    1.0099    1.0099
    20.825     22.70    0.0350        264    1.0099    1.0099    1.0099
    20.875     21.30   -0.1500         96    0.9185    0.9310    0.9566
    20.875     21.30   -0.0750         96    0.9437    0.9437    0.9566
    20.875     21.30   -0.0350         52    0.9437    0.9437    0.9437
    20.875     21.30   -0.0100         48    0.9310    0.9310    0.9437
    20.875     21.30    0.0100         28    0.9310    0.9310    0.9566
    20.875     21.50   -0.1500        236    0.9310    0.9437    0.9697
    20.875     21.50   -0.0750       1516    0.9697    0.9829    0.9829
    20.875     21.50   -0.0350       2540    0.9697    0.9829    0.9829
    20.875     21.50   -0.0100       1628    0.9829    0.9963    0.9963
    20.875     21.50    0.0100        140    0.9437    0.9566    0.9829
    20.875     21.50    0.0750         48    1.0518    1.1882    1.3607
    20.875     21.70   -0.0750        728    0.9963    0.9963    0.9963
    20.875     21.70   -0.0350       3784    0.9963    0.9963    1.0099
    20.875     21.70   -0.0100      44888    1.0099    1.0099    1.0099
    20.875     21.70    0.0100      99156    1.0099    1.0099    1.0099
    20.875     21.70    0.0750        100    0.9963    1.0518    1.0954
    20.875     21.90    0.0100        116    0.9829    0.9963    0.9963
    20.875     22.10   -0.0100        324    1.0099    1.0099    1.0237
    20.875     22.10    0.0100        824    1.0099    1.0237    1.0237
    20.875     22.10    0.0350         28    1.0237    1.0237    1.0237
    20.875     22.30   -0.0100       3336    1.0099    1.0099    1.0099
    20.875     22.30    0.0100       9608    1.0099    1.0099    1.0099
    20.875     22.30    0.0350         96    1.0237    1.0237    1.0237
    20.875     22.50   -0.0100       3600    1.0099    1.0099    1.0099
    20.875     22.50    0.0100       1592    1.0099    1.0099    1.0099
    20.925     20.70   -0.0350         24    0.9061    0.9061    0.9185
    20.925     20.90   -0.0750         28    0.9185    0.9185    0.9185
    20.925     20.90    0.0100         56    0.9061    0.9185    0.9566
    20.925     21.10   -0.1500         88    0.9061    0.9061    0.9185
    20.925     21.10   -0.0750        552    0.9185    0.9310    0.9437
    20.925     21.10   -0.0350         84    0.9061    0.9437    0.9566
    20.925     21.10   -0.0100         64    0.9061    0.9310    0.9437
    20.925     21.10    0.0100         64    0.9310    0.9310    0.9566
    20.925     21.10    0.0350         28    1.0807    1.1255    1.1409
    20.925     21.10    0.0750         24    1.2209    1.6009    1.7842
    20.925     21.30   -0.1500        168    0.9310    0.9310    0.9437
    20.925     21.30   -0.0750        820    0.9310    0.9437    0.9566
    20.925     21.30   -0.0350       1936    0.9697    0.9829    0.9829
    20.925     21.30   -0.0100        452    0.9437    1.0099    1.0099
    20.925     21.30    0.0100         80    0.9185    0.9963    1.0099
    20.925     21.30    0.0350         20    1.0376    1.0661    1.1104
    20.925     21.50   -0.0750         20    0.9566    0.9566    0.9566
    20.925     21.50   -0.0350        524    0.9697    0.9697    0.9829
    20.925     21.50   -0.0100      39196    1.0099    1.0099    1.0099
    20.925     21.50    0.0100      98696    1.0099    1.0099    1.0099
    20.925     21.70   -0.0100      20636    1.0099    1.0099    1.0099
    20.925     21.70    0.0100       1976    1.0099    1.0099    1.0099
    20.925     21.90   -0.0100       1132    1.0099    1.0237    1.0237
    20.925     21.90    0.0100       2420    1.0099    1.0237    1.0237
    20.925     21.90    0.0350        180    1.0237    1.0237    1.0237
    20.925     21.90    0.0750         92    1.0237    1.0237    1.0237
    20.925     22.10   -0.0100       4256    1.0099    1.0099    1.0099
    20.925     22.10    0.0100       4828    1.0099    1.0099    1.0237
    20.925     22.10    0.0350         80    1.0237    1.0237    1.0237
    20.925     22.30   -0.0100       1692    1.0099    1.0099    1.0099
    20.925     22.30    0.0100         88    1.0099    1.0099    1.0099
    20.975     20.10    0.0750         20    1.0954    1.1104    1.1255
    20.975     20.50    0.0350         44    1.0661    1.0954    1.5794
    20.975     20.70   -0.0750        124    0.9185    0.9185    0.9437
    20.975     20.70    0.0100         20    0.9310    0.9566    0.9963
    20.975     20.70    0.0350         40    1.0237    1.0661    1.1255
    20.975     20.70    0.0750         20    1.3792    1.4364    1.5794
    20.975     20.90   -0.0750        396    0.9185    0.9310    0.9437
    20.975     20.90   -0.0100         20    0.9829    0.9829    0.9829
    20.975     20.90    0.0100         20    0.9697    0.9697    0.9829
    20.975     20.90    0.0350         28    0.9963    0.9963    1.2889
    20.975     21.10   -0.0750        164    0.9697    0.9697    0.9829
    20.975     21.10   -0.0350        416    0.9829    0.9963    1.0099
    20.975     21.10   -0.0100        752    1.0099    1.0099    1.0237
    20.975     21.10    0.0100       1216    1.0099    1.0099    1.0099
    20.975     21.30   -0.0750         60    0.9829    0.9829    0.9963
    20.975     21.30   -0.0350        120    0.9963    0.9963    0.9963
    20.975     21.30   -0.0100      28348    1.0099    1.0099    1.0099
    20.975     21.30    0.0100      28184    1.0099    1.0099    1.0099
    20.975     21.50   -0.0100        112    1.0237    1.0237    1.0237
    20.975     21.50    0.0100      13705    1.0099    1.0099    1.0099
    20.975     21.50    0.0350         32    1.0237    1.0237    1.0237
    20.975     21.70   -0.0100       3092    1.0099    1.0237    1.0237
    20.975     21.70    0.0100       2169    1.0237    1.0237    1.0237
    20.975     21.70    0.0350        404    1.0237    1.0237    1.0237
    20.975     21.90   -0.0100       4856    1.0099    1.0099    1.0237
    20.975     21.90    0.0100       1536    1.0237    1.0237    1.0237
    20.975     21.90    0.0350         72    1.0237    1.0237    1.0237
    20.975     21.90    0.0750         28    1.0237    1.0237    1.0237
    21.025     20.10    0.0350         32    1.0237    1.0518    1.4960
    21.025     20.30    0.0100         20    0.9061    0.9310    1.0237
    21.025     20.50   -0.0750        160    0.9437    0.9437    0.9697
    21.025     20.50    0.1500         28    1.0237    1.0237    1.0237
    21.025     20.70   -0.0750        184    0.9310    0.9566    0.9566
    21.025     20.70   -0.0350        112    0.9437    0.9566    0.9697
    21.025     20.70    0.1500         48    1.0099    1.0099    1.0099
    21.025     20.90   -0.0750         64    0.9963    0.9963    0.9963
    21.025     20.90   -0.0350         60    1.0099    1.0099    1.0237
    21.025     20.90   -0.0100        884    1.0237    1.0237    1.0237
    21.025     20.90    0.0100       6480    1.0237    1.0237    1.0237
    21.025     20.90    0.0350         68    1.0237    1.0237    1.0237
    21.025     21.10   -0.0750         48    1.0099    1.0099    1.0237
    21.025     21.10   -0.0100      12052    1.0099    1.0099    1.0099
    21.025     21.10    0.0100      16204    1.0099    1.0099    1.0237
    21.025     21.10    0.1500         20    1.0518    1.0518    1.0518
    21.025     21.30   -0.0100       1596    1.0237    1.0237    1.0237
    21.025     21.30    0.0100        868    1.0099    1.0099    1.0237
    21.025     21.30    0.0350        284    1.0237    1.0237    1.0237
    21.025     21.30    0.1500         20    1.0376    1.0376    1.0518
    21.025     21.50   -0.0100       4220    1.0237    1.0237    1.0237
    21.025     21.50    0.0100       1744    1.0237    1.0237    1.0237
    21.025     21.50    0.0350        452    1.0237    1.0237    1.0237
    21.025     21.70    0.0100       1444    1.0237    1.0237    1.0237
    21.075     20.10   -0.0350         48    0.9185    0.9310    0.9437
    21.075     20.10    0.0100         20    0.9310    0.9437    0.9697
    21.075     20.10    0.0750         32    1.0237    1.0237    1.0237
    21.075     20.10    0.1500         28    1.0376    1.0376    1.2889
    21.075     20.30   -0.0750        156    0.9697    0.9829    0.9963
    21.075     20.30    0.0750         80    1.0237    1.0237    1.0237
    21.075     20.30    0.1500         48    1.0237    1.0237    1.0807
    21.075     20.50   -0.0750        116    0.9566    0.9697    0.9829
    21.075     20.50   -0.0350         96    0.9829    0.9963    1.0099
    21.075     20.50   -0.0100         28    1.0099    1.0099    1.0099
    21.075     20.50    0.0750         48    1.0237    1.0237    1.0661
    21.075     20.50    0.1500         80    1.0237    1.0237    1.0237
    21.075     20.70   -0.0350         92    1.0099    1.0376    1.0376
    21.075     20.70   -0.0100       4144    1.0237    1.0237    1.0237
    21.075     20.70    0.0100       6900    1.0237    1.0237    1.0237
    21.075     20.70    0.0350        184    1.0237    1.0237    1.0376
    21.075     20.90   -0.0350         92    1.0237    1.0237    1.0376
    21.075     20.90   -0.0100       9024    1.0099    1.0237    1.0237
    21.075     20.90    0.0100       4596    1.0237    1.0237    1.0237
    21.075     20.90    0.0350        140    1.0237    1.0237    1.0376
    21.075     20.90    0.1500         24    1.0518    1.0518    1.0518
    21.075     21.10   -0.0100       2124    1.0237    1.0376    1.0376
    21.075     21.10    0.0100       2188    1.0237    1.0376    1.0376
    21.075     21.10    0.0350        209    1.0237    1.0237    1.0237
    21.075     21.30   -0.0100       1332    1.0237    1.0237    1.0237
    21.075     21.30    0.0100       1204    1.0237    1.0237    1.0376
    21.075     21.30    0.0350        164    1.0237    1.0237    1.0237
    21.125     18.30    0.0750         20    1.4171    1.4759    1.4759
    21.125     19.10    0.0100         24    0.9061    0.9185    0.9566
    21.125     19.30   -0.0750         20    0.9437    0.9566    0.9697
    21.125     19.50    0.0100         24    1.0099    1.0099    1.0237
    21.125     19.70    0.0100        200    1.0099    1.0237    1.0237
    21.125     19.70    0.0750        112    1.0376    1.0518    1.0807
    21.125     19.90   -0.0100         32    0.9829    0.9829    1.0099
    21.125     19.90    0.0750        132    1.0237    1.0237    1.0376
    21.125     20.10   -0.0350        168    0.9963    1.0099    1.0237
    21.125     20.10    0.0750         60    1.0237    1.0237    1.0237
    21.125     20.30   -0.0750         48    0.9829    1.0099    1.0099
    21.125     20.30   -0.0350         72    0.9963    1.0099    1.0099
    21.125     20.30   -0.0100       1180    1.0237    1.0237    1.0237
    21.125     20.30    0.0100        556    1.0237    1.0376    1.0376
    21.125     20.30    0.0350         68    1.0376    1.0376    1.0376
    21.125     20.50   -0.0100       4800    1.0237    1.0237    1.0237
    21.125     20.50    0.0100       5533    1.0237    1.0237    1.0237
    21.125     20.50    0.0350        204    1.0237    1.0237    1.0237
    21.125     20.50    0.0750         52    1.0376    1.0518    1.0518
    21.125     20.70   -0.0100       4408    1.0237    1.0237    1.0376
    21.125     20.70    0.0100       1956    1.0237    1.0376    1.0376
    21.125     20.70    0.0350         64    1.0237    1.0237    1.0376
    21.125     20.70    0.0750         24    1.0376    1.0376    1.0376
    21.125     20.70    0.1500         28    1.0518    1.0518    1.0518
    21.125     20.90   -0.0100       2620    1.0237    1.0376    1.0376
    21.125     20.90    0.0100        692    1.0376    1.0376    1.0376
    21.125     21.10   -0.0100        404    1.0237    1.0237    1.0237
    21.175     18.50    0.0750         24    1.2715    1.3064    1.3607
    21.175     18.90    0.0100         20    0.9829    0.9963    1.0099
    21.175     19.10   -0.0750        212    0.9566    0.9697    0.9829
    21.175     19.10   -0.0350        692    0.9697    0.9829    0.9963
    21.175     19.10   -0.0100        412    0.9697    1.0099    1.0237
    21.175     19.10    0.0100        100    0.9697    0.9829    0.9963
    21.175     19.30   -0.0750        280    0.9829    0.9963    0.9963
    21.175     19.30   -0.0350       3636    0.9963    1.0099    1.0237
    21.175     19.30   -0.0100      90028    1.0237    1.0237    1.0376
    21.175     19.30    0.0100     195548    1.0237    1.0237    1.0376
    21.175     19.30    0.0350         24    1.0518    1.0807    1.1104
    21.175     19.30    0.0750         37    1.2375    1.3423    1.3980
    21.175     19.50   -0.0350         24    1.0237    1.0237    1.0237
    21.175     19.50   -0.0100      45120    1.0237    1.0237    1.0237
    21.175     19.50    0.0100      52688    1.0237    1.0237    1.0237
    21.175     19.50    0.0750         89    1.0954    1.1255    1.1722
    21.175     19.70    0.0100         20    1.0237    1.0237    1.0376
    21.175     19.70    0.0750         20    1.0518    1.0518    1.0807
    21.175     19.90   -0.0350        128    1.0099    1.0376    1.0518
    21.175     19.90   -0.0100        120    1.0376    1.0518    1.0518
    21.175     19.90    0.0350         48    1.0518    1.0518    1.0518
    21.175     19.90    0.0750         20    1.0661    1.0661    1.0807
    21.175     20.10   -0.0350         68    1.0237    1.0376    1.0376
    21.175     20.10   -0.0100       2540    1.0376    1.0376    1.0376
    21.175     20.10    0.0100       3009    1.0376    1.0376    1.0376
    21.175     20.10    0.0350         40    1.0376    1.0376    1.0518
    21.175     20.10    0.1500         24    1.0518    1.0518    1.1104
    21.175     20.30   -0.0100       4968    1.0237    1.0237    1.0376
    21.175     20.30    0.0100       2692    1.0376    1.0376    1.0518
    21.175     20.30    0.0350        116    1.0376    1.0376    1.0376
    21.175     20.30    0.0750         96    1.0518    1.0518    1.0518
    21.175     20.50   -0.0100       2336    1.0376    1.0376    1.0376
    21.175     20.50    0.0100        836    1.0376    1.0376    1.0376
    21.175     20.50    0.0750         36    1.0518    1.0518    1.0518
    21.175     20.70   -0.0100         84    1.0376    1.0376    1.0376
    21.175     20.70    0.0100        868    1.0376    1.0376    1.0376
    21.225     17.90    0.1500         20    1.8582    2.0431    2.1279
    21.225     18.30    0.0750         20    1.3607    1.3792    1.3792
    21.225     18.50    0.0350         24    1.1409    1.3243    1.3243
    21.225     18.70   -0.0750         84    0.9185    0.9310    0.9310
    21.225     18.70   -0.0350         28    0.9061    0.9566    0.9566
    21.225     18.70    0.0100         36    0.9566    0.9963    1.0376
    21.225     18.70    0.0350         60    1.1409    1.1882    1.3064
    21.225     18.90   -0.0750        176    0.9185    0.9310    0.9437
    21.225     18.90   -0.0350        812    0.9310    0.9829    0.9963
    21.225     18.90   -0.0100        220    0.9437    1.0376    1.0376
    21.225     18.90    0.0100        496    1.0376    1.0376    1.0376
    21.225     18.90    0.0350         96    1.0518    1.0807    1.3423
    21.225     19.10   -0.0750        108    0.9310    0.9437    0.9566
    21.225     19.10   -0.0350        604    0.9437    0.9829    0.9829
    21.225     19.10   -0.0100      25824    1.0376    1.0376    1.0376
    21.225     19.10    0.0100      30464    1.0376    1.0376    1.0376
    21.225     19.10    0.0350         24    1.1564    1.1722    1.2209
    21.225     19.30   -0.0100      16772    1.0376    1.0376    1.0376
    21.225     19.30    0.0100      21857    1.0376    1.0376    1.0376
    21.225     19.50   -0.0100         40    1.0237    1.0237    1.0518
    21.225     19.70   -0.0100       1076    1.0518    1.0518    1.0518
    21.225     19.70    0.0100       1660    1.0518    1.0518    1.0518
    21.225     19.70    0.0350         72    1.0661    1.0661    1.0661
    21.225     19.90   -0.0100       3324    1.0376    1.0376    1.0518
    21.225     19.90    0.0100       3136    1.0376    1.0518    1.0518
    21.225     19.90    0.0350         64    1.0376    1.0518    1.0518
    21.225     19.90    0.0750         72    1.0661    1.0661    1.0661
    21.225     19.90    0.1500         32    1.0518    1.0661    1.0661
    21.225     20.10   -0.0100       2516    1.0376    1.0376    1.0518
    21.225     20.10    0.0100       1468    1.0518    1.0518    1.0518
    21.225     20.10    0.0350         36    1.0376    1.0376    1.0376
    21.225     20.10    0.0750         60    1.0661    1.0661    1.0661
    21.225     20.30   -0.0100        832    1.0518    1.0518    1.0518
    21.225     20.30    0.0100        204    1.0518    1.0518    1.0518
    21.275     18.30   -0.0750         20    0.9185    0.9185    0.9185
    21.275     18.30    0.0750         36    1.6901    1.9093    2.6792
    21.275     18.50   -0.0750        104    0.9185    0.9185    0.9310
    21.275     18.50   -0.0350         44    0.9566    1.0237    1.0237
    21.275     18.50   -0.0100         32    0.9829    0.9829    0.9963
    21.275     18.50    0.0100         28    0.9963    1.0237    1.0518
    21.275     18.50    0.0350         36    1.0518    1.1882    1.5371
    21.275     18.50    0.0750         45    1.2544    1.3064    2.0156
    21.275     18.70   -0.0750         48    0.9185    0.9185    0.9310
    21.275     18.70   -0.0350        440    0.9963    1.0099    1.0237
    21.275     18.70   -0.0100       2128    1.0376    1.0518    1.0518
    21.275     18.70    0.0100       4341    1.0376    1.0518    1.0518
    21.275     18.70    0.0350         28    1.0518    1.0661    1.0661
    21.275     18.70    0.0750         40    1.0807    1.1722    1.7365
    21.275     18.90   -0.0350        124    0.9963    1.0099    1.0099
    21.275     18.90   -0.0100      13768    1.0376    1.0376    1.0376
    21.275     18.90    0.0100      12688    1.0376    1.0376    1.0376
    21.275     18.90    0.0350         36    1.0518    1.0518    1.0518
    21.275     19.10   -0.0100       2832    1.0376    1.0376    1.0376
    21.275     19.10    0.0100        252    1.0376    1.0376    1.0376
    21.275     19.30   -0.0100        416    1.0518    1.0518    1.0661
    21.275     19.30    0.0100       1068    1.0661    1.0661    1.0807
    21.275     19.30    0.0750         80    1.0661    1.0807    1.0807
    21.275     19.50   -0.0100       2508    1.0518    1.0518    1.0661
    21.275     19.50    0.0100       2696    1.0518    1.0661    1.0661
    21.275     19.50    0.0350        108    0.9963    1.0661    1.0661
    21.275     19.50    0.0750         60    1.0807    1.0807    1.0807
    21.275     19.70   -0.0100       3328    1.0518    1.0518    1.0661
    21.275     19.70    0.0100       1056    1.0518    1.0518    1.0661
    21.275     19.70    0.0350         52    1.0518    1.0518    1.0518
    21.275     19.70    0.0750         68    1.0807    1.0807    1.0807
    21.275     19.90   -0.0100       1156    1.0518    1.0518    1.0661
    21.275     19.90    0.0100         96    1.0518    1.0518    1.0518
    21.275     19.90    0.0350         52    1.0518    1.0518    1.0518
    21.325     17.90    0.0100         36    0.9829    0.9963    1.0099
    21.325     17.90    0.1500         32    1.8582    1.8836    1.9617
    21.325     18.10   -0.0350         68    0.9437    0.9566    0.9566
    21.325     18.10   -0.0100         48    0.9061    0.9185    0.9310
    21.325     18.10    0.0100         56    0.9185    0.9437    0.9697
    21.325     18.10    0.0750         36    1.1409    1.4171    2.4700
    21.325     18.10    0.1500         29    1.5794    1.9617    3.6589
    21.325     18.30   -0.0750         36    0.9310    0.9310    0.9310
    21.325     18.30   -0.0350         36    0.9310    1.0376    1.0376
    21.325     18.30   -0.0100         84    1.0661    1.0661    1.0661
    21.325     18.30    0.0100         36    1.0376    1.0518    1.0807
    21.325     18.30    0.0350         24    1.0807    1.0807    1.2715
    21.325     18.30    0.1500         64    1.0807    1.0954    1.0954
    21.325     18.50   -0.0350        200    1.0376    1.0376    1.0518
    21.325     18.50   -0.0100       5720    1.0518    1.0518    1.0518
    21.325     18.50    0.0100       3197    1.0518    1.0518    1.0518
    21.325     18.50    0.0350         32    0.9697    1.0954    1.1104
    21.325     18.50    0.0750         64    1.0661    1.0661    1.1104
    21.325     18.50    0.1500         76    1.0807    1.0807    1.0807
    21.325     18.70   -0.0100       6832    1.0376    1.0518    1.0518
    21.325     18.70    0.0100       3196    1.0518    1.0518    1.0518
    21.325     18.70    0.0350         32    1.0661    1.0661    1.0954
    21.325     18.70    0.1500         56    1.0518    1.0661    1.0661
    21.325     18.90   -0.0100        180    1.0661    1.0807    1.0807
    21.325     18.90    0.0100        656    1.0807    1.0807    1.0807
    21.325     18.90    0.0350        128    1.0807    1.0954    1.1104
    21.325     18.90    0.0750         24    1.1409    1.1409    1.1564
    21.325     19.10   -0.0100       1868    1.0661    1.0661    1.0807
    21.325     19.10    0.0100       1749    1.0661    1.0661    1.0807
    21.325     19.10    0.0350        220    1.0807    1.0807    1.0954
    21.325     19.10    0.0750         72    1.0807    1.0807    1.1409
    21.325     19.10    0.1500         24    1.1564    1.1564    1.1564
    21.325     19.30   -0.0100       2744    1.0661    1.0661    1.0807
    21.325     19.30    0.0100       1568    1.0661    1.0661    1.0807
    21.325     19.30    0.0350         96    1.0661    1.0661    1.0807
    21.325     19.30    0.0750         92    1.0807    1.0954    1.0954
    21.325     19.50   -0.0100        812    1.0807    1.0807    1.0807
    21.325     19.50    0.0100        348    1.0661    1.0661    1.0807
    21.325     19.50    0.0350         72    1.0661    1.0661    1.0661
    21.325     19.70    0.0100        120    1.0807    1.0807    1.0807
    21.375     17.70    0.0350         64    1.0954    1.1882    1.2209
    21.375     17.70    0.0750         88    1.0807    1.0954    1.0954
    21.375     17.70    0.1500         25    1.6228    2.3716    3.1953
    21.375     17.90   -0.0350         68    0.9566    1.0099    1.0376
    21.375     17.90    0.0100         24    1.0237    1.1255    1.1255
    21.375     17.90    0.0750        128    1.0807    1.0954    1.0954
    21.375     17.90    0.1500         36    1.0954    1.7131    1.8582
    21.375     18.10   -0.0350         24    0.9566    0.9566    0.9829
    21.375     18.10   -0.0100        888    1.0661    1.0661    1.0661
    21.375     18.10    0.0100       1084    1.0661    1.0661    1.0661
    21.375     18.10    0.0350         92    1.0807    1.0807    1.1104
    21.375     18.10    0.0750        100    1.0099    1.0954    1.1882
    21.375     18.10    0.1500         25    1.0954    1.0954    1.0954
    21.375     18.30   -0.0100       5112    1.0661    1.0661    1.0661
    21.375     18.30    0.0100       3104    1.0661    1.0661    1.0661
    21.375     18.30    0.0350        128    1.0807    1.0807    1.1409
    21.375     18.30    0.0750         73    1.0807    1.0807    1.0807
    21.375     18.50   -0.0100       1084    1.0518    1.0518    1.0518
    21.375     18.50    0.0100       1236    1.0518    1.0661    1.0954
    21.375     18.50    0.0350        156    1.1104    1.1104    1.1255
    21.375     18.50    0.0750         20    1.0099    1.0807    1.1104
    21.375     18.50    0.1500         33    1.1722    1.1722    1.1882
    21.375     18.70   -0.0100       1228    1.0807    1.0954    1.0954
    21.375     18.70    0.0100       1365    1.0807    1.0954    1.0954
    21.375     18.70    0.0350        304    1.0954    1.1104    1.1104
    21.375     18.70    0.1500         32    1.1722    1.1722    1.1882
    21.375     18.90   -0.0100       1904    1.0807    1.0807    1.0954
    21.375     18.90    0.0100       1696    1.0807    1.0807    1.0954
    21.375     18.90    0.0350        256    1.0807    1.0954    1.0954
    21.375     19.10   -0.0100        276    1.0807    1.0807    1.0807
    21.375     19.10    0.0100        964    1.0807    1.0954    1.0954
    21.375     19.10    0.0350         88    1.0807    1.0807    1.0807
    21.375     19.30   -0.0100        160    1.0807    1.0807    1.0954
    21.425     17.10   -0.0350        452    1.0661    1.0807    1.0807
    21.425     17.10   -0.0100     180860    1.0954    1.0954    1.0954
    21.425     17.10    0.0100     268244    1.0954    1.0954    1.0954
    21.425     17.30    0.0100        504    1.0661    1.0807    1.0807
    21.425     17.30    0.0350         32    1.1255    1.1564    1.2044
    21.425     17.30    0.0750        105    1.1255    1.1722    1.5371
    21.425     17.50   -0.0350         36    0.9697    0.9829    0.9963
    21.425     17.50   -0.0100         28    1.0099    1.0237    1.1104
    21.425     17.50    0.0100         68    1.0807    1.0807    1.0807
    21.425     17.50    0.0350         56    1.0954    1.1104    1.2209
    21.425     17.50    0.0750         84    1.1104    1.1104    1.1722
    21.425     17.50    0.1500         20    2.0156    2.0993    2.3082
    21.425     17.70   -0.0350         24    0.9829    0.9963    1.0099
    21.425     17.70   -0.0100         52    1.0518    1.0661    1.0807
    21.425     17.70    0.0100        164    1.0954    1.0954    1.0954
    21.425     17.70    0.0750         32    1.0807    1.0954    1.0954
    21.425     17.70    0.1500         32    1.2889    1.3064    1.9353
    21.425     17.90   -0.0100       2348    1.0807    1.0807    1.0807
    21.425     17.90    0.0100       2228    1.0807    1.0807    1.0954
    21.425     17.90    0.0350        156    1.0954    1.0954    1.0954
    21.425     17.90    0.0750         44    1.1409    1.1564    1.1882
    21.425     18.10   -0.0100       2324    1.0661    1.0661    1.0807
    21.425     18.10    0.0100       2408    1.0661    1.0807    1.0807
    21.425     18.10    0.0350        188    1.0954    1.1255    1.1409
    21.425     18.10    0.0750         44    1.0237    1.1409    1.1564
    21.425     18.10    0.1500         24    1.2209    1.2209    1.2209
    21.425     18.30   -0.0100        456    1.1104    1.1104    1.1104
    21.425     18.30    0.0100       1268    1.1104    1.1104    1.1255
    21.425     18.30    0.0350        289    1.1104    1.1255    1.1255
    21.425     18.30    0.0750         28    1.0237    1.0237    1.1409
    21.425     18.30    0.1500         44    1.1882    1.2044    1.2044
    21.425     18.50   -0.0100        868    1.0954    1.0954    1.1104
    21.425     18.50    0.0100       2124    1.0954    1.1104    1.1255
    21.425     18.50    0.0350        284    1.0954    1.1104    1.1104
    21.425     18.70   -0.0100        600    1.0954    1.0954    1.1104
    21.425     18.70    0.0100        580    1.1104    1.1104    1.1255
    21.425     18.70    0.0350         96    1.0954    1.0954    1.1104
    21.425     18.90    0.0100        216    1.1104    1.1104    1.1104
    21.475     16.70   -0.0350        120    0.9963    1.0237    1.0237
    21.475     16.70   -0.0100        356    0.9963    1.0807    1.0954
    21.475     16.70    0.0100        404    1.1104    1.1104    1.1104
    21.475     16.70    0.0350         69    1.1722    1.2715    1.5794
    21.475     16.90   -0.0350       1164    1.0376    1.0661    1.0661
    21.475     16.90   -0.0100      29916    1.0954    1.0954    1.1104
    21.475     16.90    0.0100      24920    1.0954    1.0954    1.1104
    21.475     16.90    0.0350         77    1.1409    1.2544    1.3792
    21.475     17.10   -0.0350        256    1.0661    1.0661    1.0661
    21.475     17.10   -0.0100      31760    1.0954    1.0954    1.0954
    21.475     17.10    0.0100      50761    1.0954    1.0954    1.0954
    21.475     17.10    0.0750         36    1.4364    1.6228    1.7365
    21.475     17.10    0.6000         29    1.7842    2.6075    2.7157
    21.475     17.30   -0.0100         28    1.0518    1.0518    1.0661
    21.475     17.30    0.0100         36    1.0518    1.1564    1.1564
    21.475     17.30    0.0750         36    1.2209    1.3607    1.5581
    21.475     17.50   -0.0100        480    1.0954    1.1104    1.1104
    21.475     17.50    0.0100        988    1.1104    1.1104    1.1104
    21.475     17.50    0.0350        244    1.1104    1.1255    1.1255
    21.475     17.50    0.0750         24    1.1722    1.1882    1.1882
    21.475     17.50    0.1500         20    1.3423    1.6449    1.6901
    21.475     17.70   -0.0100       2440    1.0954    1.0954    1.0954
    21.475     17.70    0.0100       2053    1.0954    1.0954    1.1104
    21.475     17.70    0.0350        256    1.1104    1.1104    1.1104
    21.475     17.70    0.0750         80    1.0807    1.1564    1.2209
    21.475     17.70    0.1500         25    1.2375    1.2375    1.2375
    21.475     17.90   -0.0100        876    1.0954    1.0954    1.0954
    21.475     17.90    0.0100       1164    1.1409    1.1409    1.1564
    21.475     17.90    0.0350        213    1.1409    1.1409    1.1564
    21.475     17.90    0.0750         56    1.0661    1.0807    1.2044
    21.475     17.90    0.1500         48    1.1722    1.2209    1.2375
    21.475     18.10   -0.0100        440    1.1104    1.1255    1.1409
    21.475     18.10    0.0100       2040    1.1255    1.1255    1.1409
    21.475     18.10    0.0350        232    1.1255    1.1409    1.1409
    21.475     18.10    0.1500         20    1.2044    1.2209    1.2209
    21.475     18.30   -0.0100        188    1.1104    1.1104    1.1255
    21.475     18.30    0.0100       1108    1.1255    1.1255    1.1409
    21.475     18.30    0.0350         92    1.1255    1.1255    1.1409
    21.475     18.50    0.0100        144    1.1409    1.1409    1.1409
    21.525     16.30    0.0100         20    1.0518    1.0518    1.0518
    21.525     16.50   -0.0350        164    0.9829    1.0237    1.0376
    21.525     16.50   -0.0100       1788    1.1255    1.1255    1.1255
    21.525     16.50    0.0100       1768    1.1255    1.1255    1.1255
    21.525     16.50    0.0350         73    1.1255    1.1722    1.3243
    21.525     16.50    0.0750         38    1.3607    1.9617    2.5378
    21.525     16.70   -0.0350        124    0.9963    1.0237    1.0237
    21.525     16.70   -0.0100      13464    1.1104    1.1104    1.1104
    21.525     16.70    0.0100       9606    1.1104    1.1104    1.1104
    21.525     16.70    0.0350        156    1.1255    1.1255    1.2544
    21.525     16.70    0.1500         20    2.3082    2.4039    2.5378
    21.525     16.90   -0.0100       3388    1.1104    1.1104    1.1104
    21.525     16.90    0.0100       1032    1.1104    1.1104    1.1104
    21.525     16.90    0.1500         28    1.6009    1.9093    2.0431
    21.525     17.10   -0.0100         76    1.1255    1.1409    1.1409
    21.525     17.10    0.0100        312    1.1409    1.1409    1.1409
    21.525     17.10    0.0350        189    1.0807    1.1409    1.2044
    21.525     17.10    0.0750         52    1.2209    1.2889    1.3064
    21.525     17.30   -0.0100        820    1.1104    1.1255    1.1255
    21.525     17.30    0.0100       1820    1.1255    1.1255    1.1409
    21.525     17.30    0.0350        340    1.1255    1.1409    1.1409
    21.525     17.30    0.0750         68    1.1564    1.2044    1.2715
    21.525     17.50   -0.0100       1056    1.1104    1.1104    1.1104
    21.525     17.50    0.0100       1648    1.1104    1.1722    1.1882
    21.525     17.50    0.0350        276    1.1255    1.1722    1.1882
    21.525     17.50    0.0750         92    1.0954    1.1255    1.2544
    21.525     17.50    0.1500         45    1.1104    1.2375    1.2544
    21.525     17.70   -0.0100        268    1.1409    1.1564    1.1722
    21.525     17.70    0.0100       1776    1.1564    1.1722    1.1722
    21.525     17.70    0.0350        224    1.1564    1.1722    1.1722
    21.525     17.70    0.1500         24    1.2044    1.2044    1.2375
    21.525     17.90   -0.0100        180    1.1409    1.1564    1.1564
    21.525     17.90    0.0100       1040    1.1409    1.1564    1.1722
    21.525     17.90    0.0350         80    1.1564    1.1564    1.1564
    21.525     18.10    0.0100        156    1.1722    1.1722    1.1722
    21.575     16.10   -0.0100         36    1.0376    1.0518    1.1409
    21.575     16.10    0.0350         40    1.1564    1.2044    1.3792
    21.575     16.30   -0.0350         56    0.9963    1.0237    1.0518
    21.575     16.30   -0.0100       2896    1.1409    1.1409    1.1409
    21.575     16.30    0.0100       3344    1.1409    1.1409    1.1409
    21.575     16.30    0.0350        104    1.1722    1.1882    1.2044
    21.575     16.30    0.0750         73    1.2375    1.2715    1.6901
    21.575     16.50   -0.0100       4996    1.1255    1.1255    1.1255
    21.575     16.50    0.0100       4696    1.1255    1.1255    1.1255
    21.575     16.50    0.0750         44    1.2044    1.2209    1.2209
    21.575     16.50    0.1500         44    1.2209    1.2209    2.4367
    21.575     16.70    0.0350         56    1.1564    1.1882    1.2209
    21.575     16.70    0.1500         80    1.2044    1.2044    2.1864
    21.575     16.70    0.6000         32    1.9353    3.1098    3.1953
    21.575     16.90   -0.0100        168    1.1409    1.1409    1.1564
    21.575     16.90    0.0100       1261    1.1564    1.1564    1.1722
    21.575     16.90    0.0350        220    1.1564    1.1722    1.2375
    21.575     16.90    0.0750         24    1.2544    1.2715    1.3792
    21.575     16.90    0.1500         61    1.1882    1.2209    1.2375
    21.575     16.90    0.6000         28    1.8836    2.9859    3.0680
    21.575     17.10   -0.0100        472    1.1255    1.1409    1.1409
    21.575     17.10    0.0100       2045    1.1409    1.1564    1.2209
    21.575     17.10    0.0350        380    1.1564    1.2209    1.2375
    21.575     17.10    0.0750         44    1.1882    1.2209    1.2889
    21.575     17.10    0.1500         68    1.2209    1.2209    1.3243
    21.575     17.30   -0.0100         92    1.1564    1.1882    1.2044
    21.575     17.30    0.0100       1620    1.1882    1.2044    1.2209
    21.575     17.30    0.0350        276    1.1882    1.2044    1.2044
    21.575     17.30    0.0750         44    1.1409    1.2044    1.3064
    21.575     17.30    0.1500         28    1.1564    1.2715    1.2889
    21.575     17.50   -0.0100        128    1.1722    1.1882    1.1882
    21.575     17.50    0.0100       1048    1.1882    1.1882    1.2209
    21.575     17.50    0.0350         36    1.1882    1.1882    1.1882
    21.575     17.70    0.0100        160    1.2044    1.2044    1.2044
    21.625     15.70    0.0350         28    1.2375    1.2375    1.2375
    21.625     15.70    0.0750         72    1.2544    1.2544    1.2715
    21.625     15.90   -0.0100         64    1.1104    1.1564    1.1722
    21.625     15.90    0.0100        356    1.1722    1.1722    1.1882
    21.625     15.90    0.0350         28    1.2375    1.3064    1.3243
    21.625     15.90    0.0750        152    1.2375    1.2544    1.5371
    21.625     16.10   -0.0100       2236    1.1564    1.1564    1.1564
    21.625     16.10    0.0100       3221    1.1564    1.1564    1.1722
    21.625     16.10    0.0350         64    1.2044    1.2209    1.3980
    21.625     16.10    0.0750        148    1.2209    1.2375    1.2544
    21.625     16.30   -0.0100       2084    1.1409    1.1409    1.1564
    21.625     16.30    0.0100        976    1.1409    1.1409    1.1564
    21.625     16.30    0.0750         76    1.2209    1.2209    1.2375
    21.625     16.30    0.6000         40    2.7528    3.1098    4.0779
    21.625     16.50   -0.0100         40    1.1722    1.1882    1.1882
    21.625     16.50    0.0100        692    1.2044    1.2044    1.2209
    21.625     16.50    0.0350         68    1.2889    1.3064    1.3064
    21.625     16.50    0.0750         60    1.1882    1.3243    1.3243
    21.625     16.50    0.6000         40    2.0156    2.0431    3.6589
    21.625     16.70   -0.0100        180    1.1564    1.1722    1.1882
    21.625     16.70    0.0100       1644    1.1722    1.1882    1.2044
    21.625     16.70    0.0350        352    1.1882    1.2715    1.2889
    21.625     16.70    0.0750         56    1.1722    1.3064    1.3243
    21.625     16.70    0.1500         96    1.3423    1.4171    1.4560
    21.625     16.90   -0.0100         64    1.1564    1.1564    1.1722
    21.625     16.90    0.0100       1192    1.1722    1.2375    1.2544
    21.625     16.90    0.0350        252    1.2375    1.2544    1.2544
    21.625     16.90    0.1500         88    1.2715    1.3607    1.3792
    21.625     17.10   -0.0100         40    1.2044    1.2044    1.2209
    21.625     17.10    0.0100        984    1.2209    1.2375    1.2544
    21.625     17.30    0.0100        272    1.2209    1.2375    1.2375
    21.675     15.10   -0.0100      10856    1.2375    1.2375    1.2375
    21.675     15.10    0.0100       6299    1.2375    1.2375    1.2544
    21.675     15.30   -0.0100      48516    1.2375    1.2544    1.2544
    21.675     15.30    0.0100      13312    1.2544    1.2544    1.2544
    21.675     15.30    0.0350         45    1.3064    1.3792    1.5581
    21.675     15.30    0.0750         34    1.2889    1.3064    1.3423
    21.675     15.50    0.0100        272    1.2044    1.2044    1.2044
    21.675     15.50    0.0350         44    1.2375    1.2544    1.2715
    21.675     15.50    0.0750         68    1.2715    1.2715    1.2889
    21.675     15.70   -0.0100        332    1.1882    1.2044    1.2044
    21.675     15.70    0.0100       1020    1.2044    1.2044    1.2044
    21.675     15.70    0.0350         92    1.1564    1.2375    1.3064
    21.675     15.70    0.0750         77    1.2544    1.5164    2.0156
    21.675     15.90   -0.0100        972    1.1722    1.1722    1.1882
    21.675     15.90    0.0100       2825    1.1722    1.1882    1.1882
    21.675     15.90    0.0350         32    1.1409    1.2375    1.2544
    21.675     15.90    0.0750         52    1.2375    1.2544    1.2544
    21.675     16.10   -0.0100         40    1.1564    1.1722    1.1722
    21.675     16.10    0.0100        324    1.1722    1.1722    1.1722
    21.675     16.10    0.0350        180    1.2715    1.3423    1.3607
    21.675     16.10    0.0750         52    1.3423    1.3980    1.4560
    21.675     16.10    0.6000         39    1.9617    2.1279    3.5132
    21.675     16.30    0.0100        828    1.2375    1.2375    1.2544
    21.675     16.30    0.0350        320    1.2544    1.3243    1.3423
    21.675     16.30    0.0750         72    1.2544    1.3243    1.3792
    21.675     16.30    0.1500        104    1.4960    1.5164    1.6009
    21.675     16.50   -0.0100         64    1.2044    1.2044    1.2044
    21.675     16.50    0.0100       1125    1.2044    1.2209    1.3064
    21.675     16.50    0.0350        280    1.2889    1.3064    1.3243
    21.675     16.50    0.1500         88    1.4560    1.4759    1.6228
    21.675     16.70    0.0100        842    1.2715    1.2715    1.3064
    21.675     16.70    0.0350         52    1.2715    1.2889    1.2889
    21.675     16.70    0.0750         20    1.4171    1.4560    1.4560
    21.675     16.70    0.1500         32    1.3792    1.4364    1.4364
    21.675     16.90    0.0100        404    1.2544    1.2715    1.2889
    21.725     14.90   -0.0100       2604    1.2715    1.2715    1.2715
    21.725     14.90    0.0100       2329    1.2544    1.2715    1.2715
    21.725     14.90    0.0350         78    1.3423    1.4364    2.0156
    21.725     15.10   -0.0350        136    1.1722    1.1882    1.1882
    21.725     15.10   -0.0100      17868    1.2544    1.2544    1.2715
    21.725     15.10    0.0100       9482    1.2375    1.2544    1.2544
    21.725     15.10    0.0350         74    1.3064    1.4960    1.8332
    21.725     15.30   -0.0100       6132    1.2544    1.2544    1.2544
    21.725     15.30    0.0100         28    1.2715    1.2715    1.2715
    21.725     15.30    0.1500         36    1.7602    2.5037    2.6075
    21.725     15.50   -0.0100        184    1.2044    1.2209    1.2375
    21.725     15.50    0.0100       1665    1.2209    1.2375    1.2375
    21.725     15.50    0.0350        116    1.2044    1.2889    1.3243
    21.725     15.50    0.1500         32    1.6228    1.6901    2.6792
    21.725     15.70   -0.0100        192    1.1882    1.2044    1.2044
    21.725     15.70    0.0100       1536    1.2044    1.2209    1.2209
    21.725     15.70    0.0350         84    1.1722    1.3423    1.3607
    21.725     15.70    0.0750         20    1.4960    1.4960    1.4960
    21.725     15.70    0.1500         24    1.6009    1.6228    1.6673
    21.725     15.90    0.0100        148    1.2889    1.3064    1.3064
    21.725     15.90    0.0350        244    1.3064    1.3243    1.3423
    21.725     15.90    0.0750         40    1.4560    1.4759    1.5794
    21.725     15.90    0.1500         80    1.5581    1.5794    1.7131
    21.725     16.10    0.0100        829    1.2715    1.2889    1.3792
    21.725     16.10    0.0350        362    1.2889    1.3792    1.3980
    21.725     16.10    0.0750         52    1.4171    1.4171    1.4364
    21.725     16.10    0.1500        116    1.5581    1.6673    1.8086
    21.725     16.30    0.0100        428    1.2544    1.3423    1.3607
    21.725     16.30    0.0350        120    1.3243    1.3423    1.3792
    21.725     16.30    0.1500         48    1.5164    1.6228    1.7365
    21.725     16.50    0.0100         60    1.3243    1.3243    1.3423
    21.775     14.70   -0.0100        960    1.2889    1.2889    1.3064
    21.775     14.70    0.0100       2429    1.2889    1.2889    1.3064
    21.775     14.70    0.0350        188    1.3243    1.3607    1.4960
    21.775     14.70    0.0750         22    1.4364    1.4759    1.8582
    21.775     14.90   -0.0100       3980    1.2715    1.2715    1.2889
    21.775     14.90    0.0100       4052    1.2715    1.2715    1.2889
    21.775     14.90    0.0350         45    1.2889    1.3792    1.6228
    21.775     15.10   -0.0100        188    1.2715    1.2715    1.2715
    21.775     15.10    0.0100        256    1.2889    1.3064    1.3243
    21.775     15.10    0.0750        128    1.3980    1.4560    1.4759
    21.775     15.10    0.1500         29    1.9353    2.8670    3.2830
    21.775     15.30    0.0100       1345    1.2544    1.2715    1.2889
    21.775     15.30    0.0350         28    1.2715    1.2889    1.2889
    21.775     15.30    0.0750         88    1.3243    1.3792    1.4364
    21.775     15.30    0.1500         52    1.4364    1.4364    1.8332
    21.775     15.50   -0.0100         56    1.2375    1.2375    1.2544
    21.775     15.50    0.0100        352    1.2544    1.2544    1.2544
    21.775     15.50    0.0350         52    1.3980    1.4171    1.5371
    21.775     15.50    0.0750         28    1.5581    1.5794    1.5794
    21.775     15.50    0.1500         37    1.6449    1.7602    1.8836
    21.775     15.70    0.0100        200    1.3423    1.3607    1.3792
    21.775     15.70    0.0350        321    1.3607    1.4759    1.4960
    21.775     15.70    0.0750         44    1.5164    1.5371    1.5371
    21.775     15.70    0.1500        137    1.6228    1.7365    2.1569
    21.775     15.90    0.0100        116    1.3243    1.3243    1.4171
    21.775     15.90    0.0350        388    1.4171    1.4364    1.4560
    21.775     15.90    0.0750         20    1.4364    1.4759    1.4960
    21.775     15.90    0.1500         48    1.9353    1.9885    2.2771
    21.775     16.10    0.0100         32    1.4171    1.4171    1.4171
    21.775     16.10    0.0350         88    1.3980    1.4171    1.4171
    21.825     14.30    0.0750         40    1.5371    1.5371    1.5371
    21.825     14.50   -0.0100        448    1.3064    1.3243    1.3243
    21.825     14.50    0.0100       1996    1.3243    1.3243    1.3423
    21.825     14.50    0.0350        157    1.3607    1.4171    1.5164
    21.825     14.50    0.0750        140    1.5164    1.5371    1.8836
    21.825     14.70   -0.0100       1132    1.3064    1.3064    1.3243
    21.825     14.70    0.0100       1121    1.3064    1.3064    1.3064
    21.825     14.70    0.0350         64    1.3607    1.4960    1.5581
    21.825     14.70    0.0750         92    1.4759    1.5164    1.5164
    21.825     14.90    0.0100        180    1.3423    1.3607    1.3607
    21.825     14.90    0.0350        153    1.3243    1.3607    1.3792
    21.825     14.90    0.0750        236    1.4759    1.4960    1.6228
    21.825     15.10    0.0100        412    1.3064    1.3243    1.3423
    21.825     15.10    0.0350         32    1.3064    1.3423    1.5371
    21.825     15.10    0.0750         48    1.4560    1.4759    1.6901
    21.825     15.30    0.0350        200    1.4560    1.4759    1.4960
    21.825     15.30    0.0750         93    1.5164    1.6228    1.6673
    21.825     15.30    0.1500         84    1.9093    2.1864    2.5037
    21.825     15.50    0.0100         48    1.3980    1.4171    1.4171
    21.825     15.50    0.0350        298    1.4171    1.4560    1.5371
    21.825     15.50    0.0750         80    1.5794    1.6228    1.6901
    21.825     15.50    0.1500         80    1.9885    2.0993    2.6792
    21.825     15.70    0.0350        188    1.4960    1.4960    1.5371
    21.825     15.70    0.0750         32    1.5371    1.5581    1.5794
    21.875     13.90   -0.0100      14470    1.4960    1.5164    1.5164
    21.875     13.90    0.0100        436    1.4560    1.4759    1.4960
    21.875     13.90    0.0350         34    1.5581    1.6009    1.6449
    21.875     14.10   -0.0100      41656    1.5164    1.5164    1.5164
    21.875     14.10    0.0100      14784    1.5164    1.5164    1.5164
    21.875     14.10    0.0350        180    1.5164    1.5371    1.5581
    21.875     14.30   -0.0100         52    1.3423    1.3607    1.3607
    21.875     14.30    0.0100        992    1.3607    1.3792    1.3792
    21.875     14.30    0.0350        248    1.3792    1.4560    1.5164
    21.875     14.30    0.0750         68    1.5371    1.8086    2.3716
    21.875     14.50   -0.0100        176    1.3243    1.3423    1.3423
    21.875     14.50    0.0100        293    1.3423    1.3423    1.3607
    21.875     14.50    0.0350         76    1.3243    1.4171    1.4960
    21.875     14.70    0.0100        112    1.3980    1.4171    1.4364
    21.875     14.70    0.0350        244    1.3980    1.4364    1.4560
    21.875     14.70    0.0750         45    1.5371    1.5581    1.6901
    21.875     14.70    0.1500         44    1.7842    1.8332    2.0431
    21.875     14.90    0.0100        108    1.3792    1.3792    1.3980
    21.875     14.90    0.0350         24    1.3792    1.3980    1.3980
    21.875     14.90    0.0750         88    1.6673    1.7602    1.8332
    21.875     14.90    0.1500         29    2.1279    2.1864    2.5037
    21.875     14.90    0.6000         24    2.3716    2.4367    3.0267
    21.875     15.10    0.0350        101    1.5371    1.5794    1.6009
    21.875     15.10    0.0750        136    1.6901    1.7602    1.9353
    21.875     15.10    0.1500         52    2.2464    2.3716    2.7157
    21.875     15.30    0.0350         64    1.4960    1.5164    1.6449
    21.875     15.30    0.0750        124    1.6449    1.6901    1.7602
    21.875     15.50    0.0350         40    1.5794    1.6009    1.6228
    21.925     13.70   -0.0100       1268    1.4960    1.4960    1.5371
    21.925     13.70    0.0100       9512    1.5164    1.5371    1.5371
    21.925     13.70    0.0350         37    1.6449    1.7602    2.0156
    21.925     13.90   -0.0100      37008    1.4960    1.5164    1.5371
    21.925     13.90    0.0100      11653    1.4960    1.5164    1.5164
    21.925     13.90    0.0350         46    1.4364    1.4759    1.7131
    21.925     13.90    0.0750         52    1.5794    1.6673    1.6901
    21.925     14.10   -0.0100      15196    1.5164    1.5164    1.5164
    21.925     14.10    0.0100        857    1.3980    1.4171    1.4560
    21.925     14.10    0.0350         80    1.4960    1.5164    1.5581
    21.925     14.10    0.0750         60    1.5581    1.6228    1.6901
    21.925     14.30    0.0100        100    1.3792    1.3980    1.3980
    21.925     14.30    0.0350         52    1.4560    1.6009    1.6228
    21.925     14.30    0.0750         20    1.6673    1.6673    1.6673
    21.925     14.30    0.1500         29    2.0156    2.0710    2.8670
    21.925     14.50    0.0350        161    1.4759    1.5164    1.5581
    21.925     14.50    0.0750         25    1.5371    1.6009    1.8836
    21.925     14.50    0.1500         46    1.9353    2.1279    2.5037
    21.925     14.70    0.0750         97    1.7602    1.8582    1.9093
    21.925     14.70    0.1500         32    2.2771    2.3396    2.9061
    21.925     14.90    0.0350         28    1.6228    1.6673    1.6901
    21.925     14.90    0.0750        117    1.7131    1.8836    1.8836
    21.925     14.90    0.1500         44    2.0431    2.1569    2.6075
    21.925     15.10    0.0750         68    1.7602    1.8086    1.8332
    21.975     13.50   -0.0100         36    1.5794    1.5794    1.5794
    21.975     13.50    0.0100        929    1.5794    1.5794    1.6009
    21.975     13.50    0.0350         89    1.6901    1.7842    1.9353
    21.975     13.70   -0.0100       2000    1.5581    1.5581    1.5794
    21.975     13.70    0.0100       3237    1.5581    1.5581    1.5581
    21.975     13.70    0.0350        142    1.5581    1.6673    1.8582
    21.975     13.90   -0.0100        424    1.5371    1.5581    1.5581
    21.975     13.90    0.0100        237    1.4560    1.4759    1.4960
    21.975     13.90    0.0350        168    1.4759    1.5164    1.5371
    21.975     13.90    0.0750        125    1.6009    1.8582    1.9353
    21.975     14.10    0.0750        125    1.7842    1.8086    1.8582
    21.975     14.10    0.1500         30    2.1569    2.2771    2.8284
    21.975     14.30    0.0350         64    1.6449    1.6673    1.7365
    21.975     14.30    0.0750         44    1.6673    1.7131    1.8332
    21.975     14.50    0.0750         29    1.8836    1.9353    2.1569
    21.975     14.50    0.1500         26    2.2771    2.4367    2.5037
    21.975     14.70    0.0750         38    1.8086    1.8582    2.0993
    21.975     14.70    0.1500         28    2.3082    2.3396    2.4039
    21.975     14.90    0.0750         40    1.9353    1.9353    1.9617
    22.025     13.30    0.0100        313    1.6228    1.6228    1.6449
    22.025     13.30    0.0350        212    1.6673    1.6901    1.9353
    22.025     13.30    0.0750         35    1.9093    1.9885    2.5037
    22.025     13.50    0.0100       1176    1.6009    1.6009    1.6228
    22.025     13.50    0.0350        280    1.6449    1.7365    1.9353
    22.025     13.50    0.0750         85    1.8086    1.9353    2.5037
    22.025     13.50    0.1500         32    2.0710    2.1569    2.4039
    22.025     13.70    0.0100         44    1.5581    1.6009    1.6009
    22.025     13.70    0.0350        220    1.6009    1.6673    1.8836
    22.025     13.70    0.0750        120    1.9093    1.9353    2.0156
    22.025     13.90    0.0350         32    1.8582    1.8582    1.8582
    22.025     13.90    0.0750         48    1.8836    1.8836    2.1864
    22.025     14.10    0.0750         37    1.8332    1.8836    2.0710
    22.075     12.90    0.0350         30    1.9353    1.9353    1.9617
    22.075     13.10    0.0100         88    1.8086    1.8086    1.8086
    22.075     13.10    0.0350        277    1.7365    1.9093    1.9353
    22.075     13.10    0.0750         40    1.9617    2.0156    2.1279
    22.075     13.30    0.0100        357    1.6673    1.6901    1.6901
    22.075     13.30    0.0350        244    1.7131    1.9093    1.9093
    22.075     13.30    0.0750         32    2.0993    2.1279    2.3082
    22.075     13.50    0.0350         40    1.7602    1.8086    1.8582
    22.075     13.50    0.0750         38    1.8836    1.8836    1.9885
    22.125     12.70   -0.0100       5065    1.8332    1.8332    1.8332
    22.125     12.70    0.0100       5053    1.8332    1.8332    1.8582
    22.125     12.90   -0.0100      28382    1.8582    1.8582    1.8582
    22.125     12.90    0.0100      14698    1.8582    1.8582    1.8836
    22.125     12.90    0.0350         42    1.8582    1.8836    1.9617
    22.125     12.90    0.0750         46    2.0431    2.1279    2.5037
    22.125     13.10   -0.0100     104004    1.8332    1.8332    1.8582
    22.125     13.10    0.0100      22088    1.8332    1.8582    1.8582
    22.125     13.10    0.0350        181    1.7842    1.8332    1.9353
    22.125     13.10    0.0750         29    2.0431    2.3082    2.6431
    22.175     12.50    0.0350         21    1.9885    1.9885    1.9885
    22.175     12.70    0.0100       1570    1.8836    1.9093    1.9353
    22.175     12.70    0.0350        152    1.9885    2.0993    2.4367
    22.175     12.90   -0.0100        556    1.8582    1.8582    1.8582
    22.175     12.90    0.0100       1216    1.8582    1.8836    1.8836
    22.175     12.90    0.0350         32    2.0993    2.1279    2.2771
    22.175     12.90    0.0750         21    2.1569    2.1864    2.2771
    22.175     13.10    0.0750         28    2.2464    2.2771    2.3082
    22.225     12.50    0.0100         52    1.9885    1.9885    2.0156
    22.225     12.50    0.0350        259    2.0431    2.1279    2.4039
    22.225     12.70    0.0100        256    1.9093    1.9617    1.9885
    22.225     12.70    0.0350        188    2.0156    2.2771    2.4039
    22.225     12.70    0.0750         24    2.3716    2.3716    2.3716
    22.225     12.90    0.0350         60    2.2464    2.2464    2.2771
    22.225     12.90    0.0750         80    2.3082    2.3396    2.3396
    22.225     13.10    0.0750         40    2.2464    2.2464    2.2771
    22.275     12.10    0.0350         32    2.3396    2.3396    2.3396
    22.275     12.30    0.0100         40    2.2771    2.2771    2.2771
    22.275     12.30    0.0350         96    2.3396    2.3716    2.3716
    22.275     12.50    0.0100         64    2.2771    2.2771    2.2771
    22.275     12.50    0.0350         90    2.1569    2.3396    2.4039
    22.275     12.70    0.0350         36    2.2771    2.2771    2.2771
    22.325     11.90   -0.0100      12317    2.1569    2.1569    2.1864
    22.325     11.90    0.0100       9161    2.1569    2.1569    2.1864
    22.325     12.10   -0.0100      39840    2.1279    2.1279    2.1864
    22.325     12.10    0.0100      14021    2.1569    2.1569    2.1864
    22.325     12.10    0.0350         83    2.2162    2.2464    2.3082
    22.325     12.30    0.0100         52    2.0993    2.0993    2.2771
    22.325     12.30    0.0350         20    2.2464    2.2464    2.2464
    22.375     11.90   -0.0100        312    2.0710    2.1279    2.1569
    22.375     11.90    0.0100       4013    2.0993    2.1279    2.1864
    22.375     12.10   -0.0100     112724    2.0431    2.0431    2.0993
    22.375     12.10    0.0100      23526    2.0431    2.0993    2.1279
    22.425     11.70    0.0350         39    2.3082    2.3716    2.5037
    22.425     11.90    0.0100        675    2.0710    2.1279    2.2162
    22.425     11.90    0.0350         53    2.3396    2.3716    2.4700
    22.425     11.90    0.0750         24    2.7528    2.7903    2.7903
    22.425     12.10    0.0750         72    2.5724    2.6075    2.7157
    22.425     12.30    0.0750         20    2.6792    2.6792    2.6792
    22.475     11.50    0.0350         32    2.7903    2.7903    2.7903
    22.475     11.70    0.0350        128    2.7157    2.7528    2.7903
    22.475     11.90    0.0350         84    2.5037    2.6792    2.7903
    22.525     11.30    0.0100         20    2.5378    2.5378    2.5378
    22.525     11.30    0.0350         64    2.6431    2.6792    2.7157
    22.525     11.50    0.0100         76    2.5378    2.5724    2.5724
    22.525     11.50    0.0350         72    2.6792    2.7157    2.7528
    22.525     11.70    0.0100         56    2.5378    2.5724    2.5724
    22.575     11.10   -0.0100      18630    2.4039    2.4367    2.4367
    22.575     11.10    0.0100      13191    2.4039    2.4367    2.4367
    22.575     11.10    0.0350         43    2.4367    2.4700    2.4700
    22.575     11.30    0.0100         64    2.4039    2.4039    2.5037
    22.575     11.30    0.0350         56    2.4700    2.5037    2.6075
    22.625     10.90   -0.0100     227600    2.1569    2.1569    2.1569
    22.625     10.90    0.0100      33910    2.1864    2.1864    2.1864
    22.625     11.10   -0.0100     542500    2.1569    2.1569    2.2162
    22.625     11.10    0.0100     110080    2.1569    2.1569    2.3082
    22.675     10.90    0.0100        456    2.1569    2.2162    2.3396
    22.675     11.10    0.0750         48    2.9859    3.0267    3.0680
    22.725     10.70    0.0350         88    2.9457    3.0680    3.1098
    22.725     10.90    0.0350         84    2.8670    2.9061    3.0680
    22.725     11.10    0.0750         36    2.7528    2.7528    2.8284
    22.775     10.50    0.0100         52    2.7157    2.7157    2.7157
    22.775     10.50    0.0350        100    2.9061    2.9457    3.0267
    22.775     10.70    0.0100         40    2.6792    2.6792    2.6792
    22.775     10.70    0.0350         88    2.6431    2.9457    3.0680
    22.825     10.10   -0.0100       1902    2.6431    2.6431    2.6431
    22.825     10.30    0.0100        192    2.6075    2.6075    2.6792
    22.825     10.30    0.0350         78    2.7528    2.8670    2.8670
    22.825     10.50    0.0100         48    2.6792    2.7157    2.7157
    22.875     10.10   -0.0100      62464    2.4039    2.4039    2.5724
    22.875     10.10    0.0100      23684    2.4700    2.5724    2.6431
    22.875     10.10    0.0350         37    2.5724    2.5724    2.6075
    22.875     10.30    0.0100        176    2.5724    2.5724    2.6075
    22.925      9.90   -0.0100      73188    2.2771    2.2771    2.2771
    22.925      9.90    0.0100      26056    2.2464    2.2771    2.4039
    22.925     10.10   -0.0100       1700    2.4039    2.4039    2.4039
    22.925     10.10    0.0100         32    2.4039    2.4039    2.4039
