! harvest_calib3.py -- the correction factor against the three quantities the reconstruction reports
!
! 334 nodes measured, 0 not measured, 4038358 pixels
! x = log10 of the surface density of the finest image, cm^-2
! y = the temperature fitted at that resolution, K
! z = log10 of the ratio of the finest to the coarsest surface density
! f = the factor that restores the true surface density; f16 and f84 bracket its spread in the cell
!
!        x         y         z     pixels       f16         f       f84
    20.425     16.70    0.1500         48    0.9829    0.9963    0.9963
    20.475     16.50    0.0750         60    0.9697    0.9697    0.9829
    20.475     16.50    0.1500         28    0.9697    0.9829    0.9829
    20.475     16.70    0.1500         96    0.9829    0.9829    0.9963
    20.525     16.50    0.0750        176    0.9566    0.9697    0.9697
    20.525     16.50    0.1500         48    0.9829    0.9829    0.9829
    20.575     16.30   -0.6000        100    0.9437    0.9566    0.9566
    20.575     16.30   -0.1500        348    0.9437    0.9566    0.9566
    20.575     16.30   -0.0750        372    0.9437    0.9566    0.9697
    20.575     16.30   -0.0350        112    0.9310    0.9437    0.9566
    20.575     16.30   -0.0100        112    0.9185    0.9310    0.9437
    20.575     16.30    0.0100         36    0.9437    0.9437    0.9437
    20.575     16.30    0.0750        112    0.9310    0.9310    1.0376
    20.575     16.50   -0.6000         64    0.9697    0.9697    0.9829
    20.575     16.50   -0.1500       1480    0.9697    0.9829    0.9963
    20.575     16.50   -0.0750       3260    0.9697    0.9829    0.9963
    20.575     16.50   -0.0350       5840    0.9829    0.9963    0.9963
    20.575     16.50   -0.0100      24320    0.9963    0.9963    0.9963
    20.575     16.50    0.0100      24448    1.0099    1.0099    1.0099
    20.575     16.50    0.0750         36    0.9697    0.9963    1.0099
    20.625     16.10   -0.1500        196    0.9061    0.9061    0.9185
    20.625     16.10   -0.0750         20    0.9061    0.9185    0.9185
    20.625     16.10    0.0350         20    0.9697    0.9963    0.9963
    20.625     16.10    0.0750         36    0.9829    1.0518    1.1882
    20.625     16.10    0.1500         24    1.2209    1.2889    1.3792
    20.625     16.30   -0.6000        180    0.9061    0.9310    0.9437
    20.625     16.30   -0.1500        828    0.9185    0.9310    0.9437
    20.625     16.30   -0.0750       2020    0.9437    0.9437    0.9566
    20.625     16.30   -0.0350       1404    0.9697    0.9697    0.9697
    20.625     16.30   -0.0100         36    0.9061    0.9061    0.9061
    20.625     16.30    0.0100         32    0.9437    0.9437    0.9566
    20.625     16.50   -0.0350        224    0.9697    0.9697    0.9697
    20.625     16.50   -0.0100      36580    0.9963    1.0099    1.0099
    20.625     16.50    0.0100      81664    1.0099    1.0099    1.0099
    20.675     15.90    0.0350         20    0.9437    0.9566    0.9566
    20.675     15.90    0.0750         20    1.1255    1.3980    1.6228
    20.675     15.90    0.1500         20    1.5581    1.6449    1.9353
    20.675     16.10   -0.1500         68    0.9061    0.9061    0.9061
    20.675     16.10   -0.0750        408    0.9061    0.9310    0.9566
    20.675     16.10   -0.0350        136    0.9566    0.9566    0.9697
    20.675     16.30   -0.0750        576    0.9437    0.9437    0.9566
    20.675     16.30   -0.0350        600    0.9566    0.9829    0.9963
    20.675     16.30   -0.0100        560    0.9963    0.9963    1.0099
    20.675     16.30    0.0100        884    1.0099    1.0099    1.0099
    20.675     16.50   -0.0100      20040    0.9963    1.0099    1.0099
    20.675     16.50    0.0100      72176    1.0099    1.0099    1.0099
    20.725     16.10   -0.0750        328    0.9437    0.9566    0.9697
    20.725     16.10   -0.0350        584    0.9566    0.9697    0.9829
    20.725     16.10    0.1500         48    0.9963    0.9963    0.9963
    20.725     16.30   -0.0350        104    0.9697    0.9697    0.9829
    20.725     16.30   -0.0100      16444    0.9963    1.0099    1.0099
    20.725     16.30    0.0100      28889    1.0099    1.0099    1.0099
    20.725     16.50   -0.0100       5952    1.0099    1.0099    1.0099
    20.725     16.50    0.0100      15056    1.0099    1.0099    1.0099
    20.775     15.30    0.0350         20    1.0954    1.1409    1.1409
    20.775     15.90   -0.0100         20    0.9437    0.9566    0.9566
    20.775     15.90    0.0350         28    0.9437    0.9566    0.9697
    20.775     16.10   -0.0350        664    0.9829    0.9963    0.9963
    20.775     16.10   -0.0100        204    1.0099    1.0099    1.0099
    20.775     16.10    0.0100        432    1.0099    1.0099    1.0099
    20.775     16.10    0.0750         60    0.9963    0.9963    0.9963
    20.775     16.10    0.1500        140    0.9963    0.9963    0.9963
    20.775     16.30   -0.0100      18156    0.9963    1.0099    1.0099
    20.775     16.30    0.0100      18760    1.0099    1.0099    1.0099
    20.775     16.30    0.0350        168    1.0099    1.0099    1.0099
    20.825     15.70   -0.1500        116    0.9061    0.9061    0.9185
    20.825     15.70   -0.0750         76    0.9061    0.9061    0.9185
    20.825     15.90    0.0100         44    0.9697    0.9963    0.9963
    20.825     15.90    0.0750        208    0.9697    0.9963    0.9963
    20.825     16.10   -0.0350        236    0.9963    1.0099    1.0099
    20.825     16.10   -0.0100       7696    1.0099    1.0099    1.0099
    20.825     16.10    0.0100       4660    1.0099    1.0099    1.0099
    20.825     16.10    0.0350        192    1.0099    1.0099    1.0099
    20.825     16.10    0.0750         44    0.9829    0.9963    0.9963
    20.825     16.10    0.1500         36    0.9963    0.9963    0.9963
    20.825     16.30   -0.0100       4164    1.0099    1.0099    1.0099
    20.825     16.30    0.0100       9296    1.0099    1.0099    1.0099
    20.825     16.30    0.0350        312    1.0099    1.0099    1.0099
    20.875     15.50   -0.1500        108    0.9061    0.9185    0.9310
    20.875     15.70   -0.1500        316    0.9310    0.9566    0.9697
    20.875     15.70   -0.0750       1068    0.9566    0.9697    0.9829
    20.875     15.70   -0.0350       1284    0.9697    0.9697    0.9829
    20.875     15.70   -0.0100        420    0.9437    0.9829    0.9829
    20.875     15.70    0.0100         96    0.9437    0.9566    0.9697
    20.875     15.70    0.0750         76    0.9963    1.0237    1.1564
    20.875     15.90   -0.1500        148    0.9829    0.9829    0.9829
    20.875     15.90   -0.0750       1576    0.9829    0.9963    0.9963
    20.875     15.90   -0.0350       4648    0.9829    0.9963    0.9963
    20.875     15.90   -0.0100      43020    0.9963    1.0099    1.0099
    20.875     15.90    0.0100      88700    1.0099    1.0099    1.0099
    20.875     15.90    0.0350         20    1.0099    1.0099    1.0099
    20.875     15.90    0.0750         88    0.9697    1.0237    1.0376
    20.875     16.10   -0.0100       6944    1.0099    1.0099    1.0099
    20.875     16.10    0.0100      11000    1.0099    1.0099    1.0099
    20.875     16.10    0.0350        120    1.0099    1.0099    1.0099
    20.925     15.50   -0.1500        316    0.9061    0.9310    0.9437
    20.925     15.50   -0.0750        384    0.9061    0.9185    0.9310
    20.925     15.50   -0.0100         60    0.9061    0.9185    0.9437
    20.925     15.50    0.0100         88    0.9061    0.9061    0.9697
    20.925     15.50    0.0750         32    1.2209    1.3423    1.6228
    20.925     15.70   -0.1500        176    0.9310    0.9310    0.9437
    20.925     15.70   -0.0750        904    0.9310    0.9437    0.9566
    20.925     15.70   -0.0350       2548    0.9697    0.9697    0.9829
    20.925     15.70   -0.0100       9520    0.9963    1.0099    1.0099
    20.925     15.70    0.0100       6608    0.9963    1.0099    1.0099
    20.925     15.70    0.0350         32    0.9963    1.0099    1.0376
    20.925     15.70    0.1500         29    1.0376    1.1409    1.3243
    20.925     15.90   -0.0100      53824    1.0099    1.0099    1.0099
    20.925     15.90    0.0100     108812    1.0099    1.0099    1.0099
    20.925     15.90    0.0350        164    1.0099    1.0099    1.0099
    20.925     15.90    0.0750         80    1.0099    1.0099    1.0237
    20.925     16.10   -0.0100       5680    1.0099    1.0099    1.0099
    20.925     16.10    0.0100       1404    1.0099    1.0099    1.0099
    20.925     16.10    0.0350         32    1.0099    1.0099    1.0099
    20.975     15.30   -0.0750         84    0.9185    0.9697    0.9697
    20.975     15.30    0.0100         28    0.9310    0.9310    0.9310
    20.975     15.30    0.0350         48    0.9697    1.0518    1.0954
    20.975     15.30    0.0750         20    1.1882    1.2044    2.0431
    20.975     15.50   -0.1500         72    0.9310    0.9310    0.9566
    20.975     15.50   -0.0750        584    0.9185    0.9310    0.9566
    20.975     15.50   -0.0100         96    0.9566    0.9697    1.0099
    20.975     15.50    0.0100         28    0.9185    0.9437    0.9697
    20.975     15.50    0.0350         24    0.9829    0.9829    1.0661
    20.975     15.70   -0.0350        732    0.9829    0.9829    0.9963
    20.975     15.70   -0.0100      28568    1.0099    1.0099    1.0099
    20.975     15.70    0.0100      46125    1.0099    1.0099    1.0099
    20.975     15.70    0.0350        172    1.0099    1.0099    1.0099
    20.975     15.90   -0.0100       7564    1.0099    1.0099    1.0099
    20.975     15.90    0.0100       3661    1.0099    1.0099    1.0099
    20.975     15.90    0.0350        312    1.0099    1.0099    1.0099
    20.975     15.90    0.0750         64    1.0099    1.0099    1.0099
    21.025     14.90    0.0750         32    1.0099    1.0237    1.8582
    21.025     15.10   -0.0100         24    0.9566    0.9566    0.9697
    21.025     15.10    0.0350         32    1.0099    1.0376    1.4759
    21.025     15.10    0.0750         28    1.0807    1.3423    1.4560
    21.025     15.30   -0.0750        480    0.9310    0.9437    0.9829
    21.025     15.30   -0.0350         72    0.9437    0.9566    0.9566
    21.025     15.30    0.1500         57    0.9963    0.9963    1.0099
    21.025     15.50   -0.0750         80    0.9437    0.9437    0.9963
    21.025     15.50   -0.0100        912    1.0099    1.0099    1.0099
    21.025     15.50    0.0100       1836    1.0099    1.0099    1.0099
    21.025     15.50    0.0350         40    1.0099    1.0099    1.0099
    21.025     15.70   -0.0100      18356    1.0099    1.0099    1.0099
    21.025     15.70    0.0100      22072    1.0099    1.0099    1.0099
    21.025     15.70    0.0350        648    1.0099    1.0099    1.0099
    21.025     15.70    0.1500         32    1.0237    1.0237    1.0237
    21.025     15.90    0.0100       1756    1.0099    1.0099    1.0099
    21.025     15.90    0.0350         56    1.0099    1.0099    1.0099
    21.075     15.10   -0.0750         32    0.9566    0.9566    0.9697
    21.075     15.10   -0.0350         28    0.9061    0.9061    0.9185
    21.075     15.30   -0.0750        312    0.9437    0.9697    1.0099
    21.075     15.30   -0.0350        180    0.9697    0.9963    1.0099
    21.075     15.30    0.0750        104    0.9963    1.0099    1.0099
    21.075     15.30    0.1500        156    1.0099    1.0099    1.0099
    21.075     15.50   -0.0100      13144    1.0099    1.0099    1.0099
    21.075     15.50    0.0100      11368    1.0099    1.0099    1.0099
    21.075     15.50    0.0350        340    1.0099    1.0099    1.0099
    21.075     15.50    0.1500         24    1.0237    1.0237    1.0237
    21.075     15.70   -0.0100       1900    1.0099    1.0099    1.0099
    21.075     15.70    0.0100       5272    1.0099    1.0099    1.0099
    21.075     15.70    0.0350        269    1.0099    1.0099    1.0099
    21.075     15.70    0.1500         20    1.0237    1.0237    1.0237
    21.125     14.50    0.1500         20    2.0156    2.1569    3.2830
    21.125     14.90    0.0350         20    0.9437    0.9697    1.0237
    21.125     15.10   -0.0750        208    0.9697    0.9829    0.9963
    21.125     15.10   -0.0350         84    0.9829    0.9963    1.0376
    21.125     15.10    0.0100         44    1.0099    1.0099    1.0099
    21.125     15.10    0.0750        224    0.9963    1.0099    1.0099
    21.125     15.10    0.1500         24    1.0099    1.0099    1.0099
    21.125     15.30   -0.0750         88    0.9697    0.9829    1.0237
    21.125     15.30   -0.0350         72    1.0237    1.0237    1.0376
    21.125     15.30   -0.0100       3028    1.0099    1.0099    1.0099
    21.125     15.30    0.0100       2764    1.0099    1.0099    1.0237
    21.125     15.30    0.0350        124    1.0099    1.0237    1.0237
    21.125     15.30    0.0750         60    0.9963    1.0237    1.0237
    21.125     15.30    0.1500         32    1.0099    1.0099    1.0376
    21.125     15.50   -0.0100      11544    1.0099    1.0099    1.0099
    21.125     15.50    0.0100       5181    1.0099    1.0099    1.0237
    21.125     15.50    0.0350        252    1.0099    1.0099    1.0099
    21.125     15.50    0.1500         45    1.0237    1.0237    1.0237
    21.175     14.70    0.1500         20    1.1255    1.1255    1.2375
    21.175     14.90   -0.0750        772    0.9697    0.9829    0.9963
    21.175     14.90   -0.0350       4372    0.9829    0.9963    1.0099
    21.175     14.90   -0.0100     124200    1.0099    1.0099    1.0099
    21.175     14.90    0.0100     216232    1.0099    1.0099    1.0099
    21.175     14.90    0.0350         20    1.0099    1.0099    1.0237
    21.175     14.90    0.0750        165    1.0237    1.0518    1.1722
    21.175     15.10   -0.0750         76    0.9829    0.9829    1.0099
    21.175     15.10   -0.0350        276    0.9963    1.0099    1.0376
    21.175     15.10   -0.0100        448    1.0099    1.0237    1.0237
    21.175     15.10    0.0100        748    0.9963    1.0099    1.0237
    21.175     15.10    0.0750         76    1.0237    1.0237    1.0237
    21.175     15.30   -0.0100       9568    1.0099    1.0099    1.0237
    21.175     15.30    0.0100       5829    1.0099    1.0099    1.0237
    21.175     15.30    0.0350        236    1.0099    1.0099    1.0099
    21.175     15.30    0.0750         84    1.0237    1.0237    1.0237
    21.175     15.50    0.0100        796    1.0237    1.0237    1.0237
    21.225     13.50    0.0750         20    1.1722    1.2209    1.2209
    21.225     13.90    0.0750         20    1.1255    1.1722    1.1722
    21.225     14.50    0.0100         24    0.9061    0.9963    1.0099
    21.225     14.70   -0.1500         28    0.9061    0.9185    0.9185
    21.225     14.70   -0.0750        824    0.9185    0.9566    0.9697
    21.225     14.70   -0.0350        584    0.9185    0.9437    0.9697
    21.225     14.70   -0.0100        104    0.9061    0.9185    0.9185
    21.225     14.70    0.0100        152    0.9310    0.9566    0.9963
    21.225     14.70    0.0350         84    1.0099    1.0376    1.1255
    21.225     14.70    0.0750         61    1.0954    1.2375    1.6673
    21.225     14.90   -0.0750        260    0.9566    0.9697    0.9697
    21.225     14.90   -0.0350        276    0.9697    0.9963    1.0376
    21.225     14.90   -0.0100      47232    1.0099    1.0099    1.0099
    21.225     14.90    0.0100      77201    1.0099    1.0099    1.0099
    21.225     14.90    0.0350         28    1.0237    1.0376    1.0518
    21.225     14.90    0.0750         21    1.0376    1.0376    1.2889
    21.225     15.10   -0.0350        240    1.0237    1.0237    1.0237
    21.225     15.10   -0.0100       4780    1.0099    1.0237    1.0237
    21.225     15.10    0.0100       4964    1.0237    1.0237    1.0237
    21.225     15.10    0.0350         96    1.0237    1.0237    1.0376
    21.225     15.10    0.0750        108    1.0237    1.0376    1.0376
    21.225     15.10    0.1500         45    1.0237    1.0237    1.0237
    21.225     15.30   -0.0100       3508    1.0099    1.0099    1.0237
    21.225     15.30    0.0100        436    1.0099    1.0099    1.0237
    21.275     13.90    0.0350         24    1.0237    1.1104    1.1409
    21.275     14.30   -0.0350         24    0.9566    0.9566    0.9697
    21.275     14.50   -0.0750         64    0.9061    0.9061    0.9185
    21.275     14.50   -0.0350        128    0.9310    0.9829    0.9829
    21.275     14.50   -0.0100         24    0.9185    0.9310    0.9310
    21.275     14.50    0.0100         48    0.9185    0.9437    0.9697
    21.275     14.50    0.0350         52    1.1255    1.2209    1.3243
    21.275     14.50    0.0750         28    1.0807    1.2715    1.3980
    21.275     14.70   -0.0750         88    0.9697    0.9697    0.9829
    21.275     14.70   -0.0350        508    0.9697    0.9829    0.9963
    21.275     14.70   -0.0100      11264    1.0099    1.0099    1.0099
    21.275     14.70    0.0100       9624    1.0099    1.0099    1.0099
    21.275     14.70    0.0350        188    1.0099    1.0099    1.0237
    21.275     14.70    0.1500         40    1.0518    1.0518    1.1104
    21.275     14.90   -0.0350        264    1.0237    1.0237    1.0376
    21.275     14.90   -0.0100      11092    1.0099    1.0099    1.0237
    21.275     14.90    0.0100      15140    1.0099    1.0099    1.0237
    21.275     14.90    0.0350        204    1.0237    1.0376    1.0376
    21.275     14.90    0.0750        112    1.0376    1.0376    1.0376
    21.275     15.10   -0.0100       4888    1.0237    1.0237    1.0237
    21.275     15.10    0.0100       1940    1.0237    1.0237    1.0237
    21.275     15.10    0.0750         20    1.0376    1.0376    1.0376
    21.325     13.30    0.1500         24    1.4960    1.6228    1.8086
    21.325     13.90    0.0750         24    1.1564    1.1564    1.1882
    21.325     14.10    0.0750         20    1.1104    1.1722    1.8332
    21.325     14.30   -0.0750         24    0.9061    0.9061    0.9061
    21.325     14.30   -0.0350         28    0.9829    0.9829    0.9963
    21.325     14.30    0.0350         32    1.0099    1.0237    1.0661
    21.325     14.30    0.0750         40    1.1409    1.5794    2.4367
    21.325     14.30    0.1500         49    1.0237    1.0237    1.1564
    21.325     14.50   -0.0350        428    0.9963    1.0099    1.0099
    21.325     14.50   -0.0100        508    1.0237    1.0237    1.0237
    21.325     14.50    0.0100        632    1.0237    1.0237    1.0237
    21.325     14.50    0.1500         72    1.0099    1.0237    1.0661
    21.325     14.70   -0.0350        100    1.0237    1.0237    1.0237
    21.325     14.70   -0.0100      11288    1.0099    1.0099    1.0099
    21.325     14.70    0.0100      11327    1.0099    1.0099    1.0237
    21.325     14.70    0.0350        340    1.0099    1.0237    1.0376
    21.325     14.70    0.0750        172    1.0237    1.0376    1.0376
    21.325     14.90   -0.0100       4612    1.0237    1.0237    1.0376
    21.325     14.90    0.0100       3044    1.0237    1.0237    1.0237
    21.325     14.90    0.0350         60    1.0376    1.0376    1.0376
    21.325     14.90    0.0750         52    1.0376    1.0376    1.0376
    21.375     13.50    0.1500         40    1.2044    1.2209    1.5581
    21.375     13.90    0.0100         20    0.9185    0.9310    0.9566
    21.375     14.10   -0.0750         28    0.9061    0.9061    0.9061
    21.375     14.10   -0.0350         24    0.9061    0.9310    0.9310
    21.375     14.10   -0.0100         28    0.9061    1.0237    1.0376
    21.375     14.10    0.0100         28    0.9185    1.0237    1.0237
    21.375     14.10    0.0750         44    1.0237    1.0237    1.2715
    21.375     14.10    0.1500         32    1.0237    1.0237    3.0267
    21.375     14.30   -0.0750         28    0.9061    0.9061    0.9061
    21.375     14.30   -0.0350         32    0.9061    0.9963    0.9963
    21.375     14.30   -0.0100         64    1.0376    1.0376    1.0376
    21.375     14.30    0.0100         20    1.0237    1.0237    1.0237
    21.375     14.30    0.0350         20    0.9437    0.9437    1.0376
    21.375     14.30    0.0750        104    1.0237    1.0237    1.0237
    21.375     14.30    0.1500        128    1.0237    1.0237    1.0237
    21.375     14.50   -0.0350        288    1.0237    1.0237    1.0237
    21.375     14.50   -0.0100       7240    1.0237    1.0237    1.0237
    21.375     14.50    0.0100       5432    1.0237    1.0237    1.0237
    21.375     14.50    0.0350        400    1.0376    1.0376    1.0376
    21.375     14.50    0.0750         73    1.0237    1.0237    1.0237
    21.375     14.50    0.1500         53    1.0518    1.0661    1.0661
    21.375     14.70   -0.0350        132    1.0237    1.0237    1.0237
    21.375     14.70   -0.0100       5636    1.0099    1.0376    1.0376
    21.375     14.70    0.0100       2233    1.0237    1.0376    1.0376
    21.375     14.70    0.0350        284    1.0376    1.0376    1.0376
    21.375     14.90   -0.0100        468    1.0237    1.0237    1.0376
    21.425     13.50   -0.0100         20    0.9697    0.9697    0.9829
    21.425     13.70    0.0350         20    1.1104    1.1409    1.1409
    21.425     13.70    0.1500         28    1.2209    1.4560    1.5164
    21.425     13.90    0.0100        224    1.0099    1.0099    1.0237
    21.425     13.90    0.0350         76    0.9061    1.0807    1.1104
    21.425     13.90    0.0750        100    1.0237    1.0237    1.0376
    21.425     13.90    0.1500         20    1.3980    1.4364    2.6075
    21.425     14.10   -0.0350         64    0.9185    0.9437    0.9697
    21.425     14.10   -0.0100         20    0.9310    0.9310    0.9437
    21.425     14.10    0.0100         24    1.0376    1.0518    1.0518
    21.425     14.10    0.0750        192    1.0237    1.0237    1.0237
    21.425     14.10    0.1500         41    1.0237    1.0237    1.1104
    21.425     14.30   -0.0350        128    0.9963    1.0237    1.0237
    21.425     14.30   -0.0100       3116    1.0237    1.0237    1.0237
    21.425     14.30    0.0100       2460    1.0237    1.0237    1.0376
    21.425     14.30    0.0350        461    1.0376    1.0518    1.0518
    21.425     14.30    0.1500         56    1.0661    1.0807    1.0807
    21.425     14.50   -0.0350        128    1.0237    1.0237    1.0237
    21.425     14.50   -0.0100       5512    1.0237    1.0376    1.0376
    21.425     14.50    0.0100       3384    1.0237    1.0237    1.0376
    21.425     14.50    0.0350        464    1.0376    1.0376    1.0518
    21.425     14.70   -0.0100        900    1.0376    1.0376    1.0518
    21.475     13.50    0.0750         20    1.3423    1.4364    1.4960
    21.475     13.70   -0.0750         56    0.9697    0.9697    0.9829
    21.475     13.70   -0.0350       2288    0.9829    0.9963    1.0099
    21.475     13.70   -0.0100      18924    1.0237    1.0237    1.0237
    21.475     13.70    0.0100      23072    1.0237    1.0237    1.0237
    21.475     13.70    0.0350         60    1.0376    1.0518    1.0807
    21.475     13.70    0.0750         53    1.1722    1.2889    1.3423
    21.475     13.90   -0.0350        640    1.0099    1.0099    1.0099
    21.475     13.90   -0.0100     193632    1.0237    1.0237    1.0237
    21.475     13.90    0.0100     298489    1.0237    1.0237    1.0237
    21.475     13.90    0.0350         32    0.9437    0.9437    1.0661
    21.475     13.90    0.0750        133    1.0376    1.0661    1.1104
    21.475     14.10   -0.0350         44    1.0237    1.0237    1.0237
    21.475     14.10   -0.0100        908    1.0237    1.0376    1.0376
    21.475     14.10    0.0100       1212    1.0376    1.0376    1.0518
    21.475     14.10    0.0350        268    0.9566    1.0376    1.0518
    21.475     14.10    0.0750         48    0.9437    1.0661    1.0661
    21.475     14.10    0.1500         40    1.0807    1.0807    1.1409
    21.475     14.30   -0.0350        112    1.0237    1.0237    1.0237
    21.475     14.30   -0.0100       4892    1.0237    1.0376    1.0518
    21.475     14.30    0.0100       4312    1.0237    1.0376    1.0518
    21.475     14.30    0.0350        517    1.0376    1.0518    1.0518
    21.475     14.30    0.1500         48    1.0807    1.0807    1.0807
    21.475     14.50   -0.0100        968    1.0376    1.0376    1.0518
    21.475     14.50    0.0100        208    1.0518    1.0518    1.0518
    21.525     13.30    0.6000         24    1.3064    1.3423    2.2162
    21.525     13.50   -0.0750         64    0.9185    0.9185    0.9310
    21.525     13.50   -0.0350        180    0.9310    0.9437    0.9437
    21.525     13.50   -0.0100        220    0.9061    0.9061    0.9963
    21.525     13.50    0.0100         68    0.9829    0.9963    1.0099
    21.525     13.50    0.0350         68    1.0518    1.1564    1.4560
    21.525     13.50    0.0750         40    1.1882    1.3423    1.4960
    21.525     13.50    0.1500         24    1.3243    1.3423    1.5581
    21.525     13.70   -0.0750         52    0.9437    0.9437    0.9566
    21.525     13.70   -0.0350        996    0.9566    0.9963    1.0099
    21.525     13.70   -0.0100      34440    1.0237    1.0237    1.0237
    21.525     13.70    0.0100      29961    1.0237    1.0237    1.0237
    21.525     13.70    0.0350        169    1.0376    1.0518    1.1409
    21.525     13.70    0.0750         73    0.9697    1.0518    1.1722
    21.525     13.90   -0.0100        284    1.0237    1.0376    1.0518
    21.525     13.90    0.0100        456    1.0376    1.0518    1.0518
    21.525     13.90    0.0350        248    1.0518    1.0518    1.0661
    21.525     13.90    0.0750         56    0.9566    1.0807    1.0807
    21.525     14.10   -0.0100       3996    1.0376    1.0376    1.0518
    21.525     14.10    0.0100       3329    1.0376    1.0518    1.0518
    21.525     14.10    0.0350        460    1.0376    1.0518    1.0661
    21.525     14.10    0.0750         24    1.0661    1.0661    1.0661
    21.525     14.10    0.1500         52    1.0807    1.0807    1.0807
    21.525     14.30   -0.0100        200    1.0376    1.0518    1.0518
    21.525     14.30    0.0100       1200    1.0518    1.0518    1.0518
    21.575     13.10    0.6000         24    2.0431    2.0431    2.4039
    21.575     13.30   -0.0350         84    0.9061    0.9061    0.9697
    21.575     13.30   -0.0100         40    0.9061    0.9310    0.9437
    21.575     13.30    0.0100         88    0.9185    0.9437    0.9697
    21.575     13.30    0.0750         45    1.0376    1.1722    2.2464
    21.575     13.30    0.1500         28    1.6228    1.7131    1.7842
    21.575     13.50   -0.0350        196    0.9437    0.9566    1.0099
    21.575     13.50   -0.0100       7184    1.0237    1.0376    1.0376
    21.575     13.50    0.0100       4696    1.0376    1.0376    1.0376
    21.575     13.50    0.0350        109    1.0237    1.0376    1.0954
    21.575     13.50    0.0750         98    0.9437    1.0518    1.5164
    21.575     13.50    0.1500         28    1.0661    1.2889    1.3607
    21.575     13.70   -0.0100       6640    1.0237    1.0237    1.0237
    21.575     13.70    0.0100       4177    1.0237    1.0237    1.0237
    21.575     13.70    0.0350        288    1.0376    1.0807    1.0807
    21.575     13.70    0.0750         76    0.9829    0.9829    1.0954
    21.575     13.70    0.1500         32    1.0661    1.0661    1.0807
    21.575     13.90   -0.0100       1740    1.0376    1.0518    1.0661
    21.575     13.90    0.0100       3864    1.0518    1.0518    1.0661
    21.575     13.90    0.0350        585    1.0518    1.0518    1.0661
    21.575     13.90    0.1500         61    1.0807    1.0807    1.0954
    21.575     14.10   -0.0100        492    1.0376    1.0376    1.0661
    21.575     14.10    0.0100       1212    1.0661    1.0661    1.0661
    21.625     13.10   -0.0350         28    0.9310    0.9310    0.9437
    21.625     13.10    0.0350         52    1.0661    1.0807    1.0954
    21.625     13.10    0.1500         61    1.0661    1.0661    2.1279
    21.625     13.30   -0.0350         60    0.9310    0.9566    0.9829
    21.625     13.30   -0.0100       1132    1.0376    1.0376    1.0376
    21.625     13.30    0.0100       1116    1.0376    1.0376    1.0376
    21.625     13.30    0.0350        180    1.0518    1.0518    1.0661
    21.625     13.30    0.0750         64    1.0954    1.1104    1.2889
    21.625     13.30    0.1500        144    1.0518    1.0661    1.3423
    21.625     13.50   -0.0100       6252    1.0376    1.0376    1.0376
    21.625     13.50    0.0100       4308    1.0376    1.0376    1.0376
    21.625     13.50    0.0350        384    1.0376    1.0518    1.0954
    21.625     13.50    0.0750         96    1.0099    1.0376    1.1255
    21.625     13.50    0.1500         65    1.0807    1.0954    1.1255
    21.625     13.70   -0.0100        960    1.0376    1.0661    1.0661
    21.625     13.70    0.0100       3369    1.0518    1.0661    1.0807
    21.625     13.70    0.0350        432    1.0661    1.0807    1.0807
    21.625     13.70    0.1500         45    1.0807    1.0954    1.0954
    21.625     13.90   -0.0100        152    1.0518    1.0661    1.0661
    21.625     13.90    0.0100       1680    1.0518    1.0807    1.0807
    21.675     12.90    0.0750        168    1.0661    1.0661    1.0807
    21.675     12.90    0.1500         28    1.0807    1.0807    1.0807
    21.675     12.90    0.6000         36    1.4171    2.0431    2.4039
    21.675     13.10   -0.0100        112    0.9829    1.0376    1.0518
    21.675     13.10    0.0100        132    1.0099    1.0661    1.0661
    21.675     13.10    0.0750        188    1.0661    1.0661    1.2375
    21.675     13.10    0.1500        120    1.0807    1.0807    1.3980
    21.675     13.10    0.6000         24    1.4560    1.4560    2.3396
    21.675     13.30   -0.0100       4536    1.0376    1.0518    1.0518
    21.675     13.30    0.0100       2605    1.0376    1.0518    1.0518
    21.675     13.30    0.0350        428    1.0518    1.0954    1.1104
    21.675     13.30    0.0750        128    1.0376    1.0807    1.1409
    21.675     13.30    0.1500        112    1.0661    1.1255    1.1564
    21.675     13.50   -0.0100        272    1.0518    1.0661    1.0954
    21.675     13.50    0.0100       2452    1.0661    1.0807    1.0954
    21.675     13.50    0.0350        476    1.0807    1.0954    1.0954
    21.675     13.50    0.0750         40    1.0099    1.0661    1.1409
    21.675     13.70   -0.0100        160    1.0661    1.0807    1.0807
    21.675     13.70    0.0100       1545    1.0661    1.0807    1.0954
    21.725     12.50   -0.0100     324684    1.0661    1.0661    1.0661
    21.725     12.50    0.0100     249893    1.0661    1.0661    1.0661
    21.725     12.50    0.0750         22    1.1409    1.1409    1.1564
    21.725     12.70    0.0100        572    1.0518    1.0518    1.0661
    21.725     12.70    0.0350         24    1.0807    1.0954    1.1104
    21.725     12.70    0.0750        200    1.0661    1.0807    1.0954
    21.725     12.90    0.0100         36    1.0099    1.0237    1.0518
    21.725     12.90    0.0350         28    1.0099    1.0661    1.1104
    21.725     12.90    0.0750         96    1.0661    1.0807    1.2715
    21.725     12.90    0.1500         57    1.1409    1.2209    1.5164
    21.725     12.90    0.6000         40    1.4759    2.2162    2.5037
    21.725     13.10   -0.0100       1220    1.0518    1.0661    1.0661
    21.725     13.10    0.0100       2905    1.0518    1.0661    1.0661
    21.725     13.10    0.0350        316    1.0954    1.1255    1.1255
    21.725     13.10    0.0750        136    1.0807    1.0954    1.1722
    21.725     13.10    0.1500        121    1.1409    1.1882    1.1882
    21.725     13.30   -0.0100        512    1.0518    1.0518    1.0807
    21.725     13.30    0.0100       1623    1.0661    1.1104    1.1255
    21.725     13.30    0.0350        492    1.0954    1.1104    1.1255
    21.725     13.30    0.0750         36    1.0661    1.0807    1.1722
    21.725     13.30    0.1500         72    1.1409    1.2044    1.2209
    21.725     13.50   -0.0100         40    1.0807    1.0807    1.0807
    21.725     13.50    0.0100       1448    1.0807    1.1104    1.1255
    21.775     12.30   -0.0350         60    0.9963    0.9963    1.0237
    21.775     12.30   -0.0100        180    0.9963    0.9963    1.0237
    21.775     12.30    0.0100         60    1.0661    1.0661    1.0954
    21.775     12.30    0.0350         25    1.1409    1.2544    1.3064
    21.775     12.50   -0.0350        660    1.0237    1.0376    1.0376
    21.775     12.50   -0.0100     107256    1.0661    1.0661    1.0661
    21.775     12.50    0.0100      80323    1.0661    1.0661    1.0661
    21.775     12.50    0.0350        101    1.0954    1.1255    1.2544
    21.775     12.50    0.0750         25    1.1722    1.2544    1.3607
    21.775     12.70    0.0350         40    1.0661    1.1104    1.1255
    21.775     12.70    0.1500         56    1.2209    1.3423    1.7602
    21.775     12.70    0.6000         37    1.4759    2.7157    2.9061
    21.775     12.90   -0.0100        268    1.0518    1.0661    1.0807
    21.775     12.90    0.0100       1836    1.0807    1.0807    1.0807
    21.775     12.90    0.0350        350    1.0376    1.1409    1.1564
    21.775     12.90    0.0750         36    1.1409    1.1409    1.2209
    21.775     12.90    0.1500        200    1.2044    1.2375    1.2889
    21.775     12.90    0.6000         32    1.5164    1.5164    2.5037
    21.775     13.10   -0.0100        244    1.0661    1.0661    1.0807
    21.775     13.10    0.0100       1717    1.0661    1.0661    1.1409
    21.775     13.10    0.0350        648    1.1104    1.1255    1.1564
    21.775     13.10    0.0750         37    1.1409    1.2044    1.2209
    21.775     13.10    0.1500         56    1.2044    1.2044    1.3423
    21.775     13.30   -0.0100         28    1.0954    1.0954    1.0954
    21.775     13.30    0.0100        712    1.0954    1.1104    1.1255
    21.825     12.30   -0.0350         96    0.9963    0.9963    1.0237
    21.825     12.30   -0.0100      11988    1.0807    1.0807    1.0807
    21.825     12.30    0.0100       6729    1.0807    1.0807    1.0807
    21.825     12.30    0.0350        152    1.0954    1.1255    1.3423
    21.825     12.30    0.0750         26    1.1409    1.5164    1.8582
    21.825     12.50   -0.0100       5344    1.0661    1.0807    1.0807
    21.825     12.50    0.0100        720    1.0661    1.0807    1.0807
    21.825     12.50    0.1500         72    1.2715    1.3423    2.1864
    21.825     12.70   -0.0100         72    1.0954    1.0954    1.0954
    21.825     12.70    0.0100        664    1.0807    1.1104    1.1104
    21.825     12.70    0.0350         56    1.1722    1.1882    1.1882
    21.825     12.70    0.0750        144    1.0954    1.1722    1.1882
    21.825     12.70    0.1500        176    1.2544    1.3243    1.4364
    21.825     12.70    0.6000         27    1.5581    1.5794    2.6075
    21.825     12.90   -0.0100         96    1.0661    1.0807    1.0954
    21.825     12.90    0.0100       1205    1.0807    1.0807    1.1409
    21.825     12.90    0.0350        717    1.1409    1.1722    1.1882
    21.825     12.90    0.0750         68    1.1722    1.1882    1.1882
    21.825     12.90    0.1500        112    1.2375    1.2889    1.4759
    21.825     13.10    0.0100        140    1.1255    1.1409    1.1409
    21.825     13.10    0.0350         72    1.1564    1.1564    1.1564
    21.875     12.10   -0.0100       1032    1.0807    1.0954    1.0954
    21.875     12.10    0.0100       1905    1.0807    1.0954    1.0954
    21.875     12.10    0.0350        152    1.1255    1.1409    1.2375
    21.875     12.10    0.0750         33    1.1882    1.3607    1.4364
    21.875     12.10    0.1500         61    1.1564    1.1722    1.1722
    21.875     12.30   -0.0100       3244    1.0807    1.0807    1.0954
    21.875     12.30    0.0100       2944    1.0807    1.0807    1.0954
    21.875     12.30    0.0350         60    1.1104    1.1104    1.1104
    21.875     12.30    0.0750         20    1.1564    1.1722    1.3243
    21.875     12.30    0.1500         29    1.1564    1.1564    1.1564
    21.875     12.50    0.0100        212    1.1255    1.1409    1.1409
    21.875     12.50    0.0350        249    1.1409    1.1564    1.2375
    21.875     12.50    0.0750        200    1.1882    1.2375    1.2715
    21.875     12.50    0.1500        117    1.2889    1.3064    1.5164
    21.875     12.50    0.6000         29    1.4364    1.6901    2.2771
    21.875     12.70    0.0100        581    1.0954    1.1104    1.1255
    21.875     12.70    0.0350        680    1.1882    1.2044    1.2209
    21.875     12.70    0.0750        112    1.2209    1.2375    1.2544
    21.875     12.70    0.1500        108    1.2715    1.4364    1.7602
    21.875     12.90    0.0100         64    1.1564    1.1564    1.1722
    21.875     12.90    0.0350        144    1.1722    1.1882    1.2044
    21.925     11.70    0.0750         68    1.1722    1.1882    1.1882
    21.925     11.90   -0.0100         40    1.0954    1.0954    1.1104
    21.925     11.90    0.0100        220    1.1255    1.1255    1.1255
    21.925     11.90    0.0350         88    1.0807    1.1255    1.1722
    21.925     11.90    0.0750        236    1.1722    1.1882    1.4960
    21.925     12.10   -0.0100        728    1.0954    1.1104    1.1104
    21.925     12.10    0.0100       3461    1.0954    1.1104    1.1104
    21.925     12.10    0.0350         72    1.1255    1.1409    1.1564
    21.925     12.10    0.0750         65    1.1722    1.1882    1.3607
    21.925     12.10    0.1500         40    1.1722    1.1722    1.1882
    21.925     12.30    0.0100         36    1.1722    1.1722    1.1722
    21.925     12.30    0.0350        152    1.1722    1.1882    1.2044
    21.925     12.30    0.0750        148    1.2544    1.3064    1.3423
    21.925     12.30    0.1500         52    1.3792    1.3980    1.5371
    21.925     12.30    0.6000         71    1.5164    1.8086    1.9093
    21.925     12.50    0.0100        236    1.1409    1.1564    1.1722
    21.925     12.50    0.0350        283    1.1564    1.2375    1.2544
    21.925     12.50    0.0750        244    1.2715    1.3064    1.3423
    21.925     12.50    0.1500         61    1.4759    1.6673    1.8332
    21.925     12.50    0.6000         24    2.0993    2.1279    2.2162
    21.925     12.70    0.0350        176    1.2209    1.2209    1.2715
    21.925     12.70    0.0750         32    1.2209    1.2715    1.2889
    21.975     11.30   -0.0100       1153    1.1882    1.1882    1.1882
    21.975     11.50    0.0100        564    1.1564    1.1722    1.1722
    21.975     11.50    0.0350         80    1.1882    1.1882    1.2209
    21.975     11.50    0.0750        126    1.2044    1.2044    1.2209
    21.975     11.70    0.0350         36    1.1882    1.1882    1.1882
    21.975     11.70    0.0750        136    1.1722    1.2044    1.2044
    21.975     11.70    0.1500         24    1.3980    1.7365    2.0993
    21.975     11.90   -0.0100        160    1.1104    1.1255    1.1255
    21.975     11.90    0.0100       1449    1.1255    1.1409    1.1564
    21.975     11.90    0.0350        176    1.1255    1.1722    1.2044
    21.975     11.90    0.0750         32    1.2044    1.2044    1.3243
    21.975     11.90    0.1500         32    1.3607    1.7602    1.8582
    21.975     12.10    0.0100        172    1.1104    1.1104    1.1104
    21.975     12.10    0.0350         44    1.2375    1.2715    1.2889
    21.975     12.10    0.0750         97    1.2889    1.3980    1.4364
    21.975     12.10    0.1500         68    1.4759    1.5581    1.6901
    21.975     12.10    0.6000         57    1.6673    1.7131    2.0993
    21.975     12.30    0.0350        293    1.1882    1.2044    1.2209
    21.975     12.30    0.0750        236    1.3243    1.3792    1.3980
    21.975     12.30    0.1500         84    1.4960    1.5581    1.7842
    21.975     12.30    0.6000         25    1.9353    2.4039    2.5037
    21.975     12.50    0.0350         40    1.2715    1.2889    1.3064
    21.975     12.50    0.0750         56    1.3423    1.3607    1.4364
    22.025     11.30   -0.0100     106629    1.1882    1.1882    1.1882
    22.025     11.30    0.0100      34075    1.1882    1.1882    1.1882
    22.025     11.30    0.0350         80    1.2544    1.3243    1.4759
    22.025     11.50    0.0100        184    1.1564    1.1564    1.1722
    22.025     11.70    0.0100        437    1.1564    1.1722    1.1882
    22.025     11.70    0.0350         96    1.1722    1.1882    1.2044
    22.025     11.70    0.0750        184    1.2209    1.2544    1.3423
    22.025     11.70    0.1500         36    1.4364    1.9885    2.1569
    22.025     11.90    0.0100        116    1.1409    1.1564    1.1722
    22.025     11.90    0.0750         59    1.3607    1.4560    1.4960
    22.025     11.90    0.1500         40    1.6009    1.7365    2.1569
    22.025     11.90    0.6000         43    1.8086    1.9093    2.3396
    22.025     12.10    0.0350         92    1.2375    1.2715    1.3064
    22.025     12.10    0.0750        220    1.3423    1.4560    1.5164
    22.025     12.10    0.1500         76    1.6228    1.6901    1.7131
    22.025     12.10    0.6000         37    1.7842    1.8086    2.1279
    22.025     12.30    0.0750         84    1.3792    1.4364    1.4560
    22.075     11.10   -0.0100       1308    1.1882    1.2044    1.2044
    22.075     11.10    0.0100       2538    1.2044    1.2044    1.2044
    22.075     11.10    0.0350        195    1.2209    1.2715    1.3423
    22.075     11.30   -0.0100       2532    1.1882    1.1882    1.2044
    22.075     11.30    0.0100       2724    1.1882    1.2044    1.2044
    22.075     11.30    0.0350         40    1.2375    1.2544    1.5164
    22.075     11.50    0.0350        136    1.2209    1.2375    1.2715
    22.075     11.50    0.0750         52    1.3792    1.4171    1.5164
    22.075     11.70    0.0100         40    1.1722    1.1882    1.1882
    22.075     11.70    0.0350        173    1.1882    1.2044    1.2209
    22.075     11.70    0.1500         22    1.7365    1.8332    2.1279
    22.075     11.90    0.0750        150    1.3607    1.4171    1.4960
    22.075     11.90    0.1500         73    1.7365    1.8332    1.9617
    22.075     12.10    0.0750         61    1.4759    1.5164    1.5581
    22.125     10.90    0.0100        125    1.2375    1.2375    1.2375
    22.125     10.90    0.0350         72    1.2375    1.2715    1.2889
    22.125     10.90    0.0750         44    1.3980    1.6009    1.6901
    22.125     11.10   -0.0100        336    1.2044    1.2044    1.2209
    22.125     11.10    0.0100       1524    1.2209    1.2209    1.2375
    22.125     11.10    0.0350        164    1.2209    1.2544    1.4364
    22.125     11.10    0.0750        176    1.3607    1.3792    1.3980
    22.125     11.30    0.0750         56    1.3607    1.3792    1.4171
    22.125     11.30    0.1500         81    1.3423    1.5371    1.7842
    22.125     11.50    0.0350        128    1.2375    1.2889    1.3243
    22.125     11.50    0.0750         20    1.3243    1.3423    1.3423
    22.125     11.50    0.1500         40    1.4759    1.6009    1.7602
    22.125     11.70    0.0750         21    1.4560    1.4560    1.4759
    22.125     11.70    0.1500         33    1.6228    1.7365    1.7602
    22.175     10.70    0.0350         56    1.3792    1.3792    1.3792
    22.175     10.70    0.0750        104    1.4171    1.4171    1.4171
    22.175     10.90    0.0100        661    1.2375    1.2544    1.2544
    22.175     10.90    0.0350        253    1.2889    1.3064    1.3423
    22.175     10.90    0.0750        261    1.3792    1.3980    1.4171
    22.175     11.30    0.0750        101    1.3243    1.3980    1.4759
    22.175     11.30    0.1500         21    1.6673    1.8332    1.9885
    22.225     10.50   -0.0100     119346    1.3607    1.3607    1.3607
    22.225     10.50    0.0100      32846    1.3607    1.3607    1.3607
    22.225     10.50    0.0350         90    1.3792    1.4171    1.4364
    22.225     10.50    0.0750         61    1.3980    1.3980    1.4171
    22.225     10.70    0.0350        228    1.3243    1.3423    1.3792
    22.225     10.70    0.0750        100    1.4171    1.4759    1.6009
    22.225     10.90    0.0100         24    1.2715    1.2715    1.2715
    22.225     10.90    0.0350         76    1.2889    1.2889    1.3064
    22.225     10.90    0.0750         24    1.3980    1.4171    1.5581
    22.225     11.10    0.1500         21    1.6228    1.6449    1.7131
    22.275     10.30   -0.0100       3636    1.3607    1.3607    1.3607
    22.275     10.30    0.0100       6510    1.3607    1.3792    1.3792
    22.275     10.30    0.0350         51    1.4364    1.4560    1.5581
    22.275     10.50   -0.0100      14308    1.3607    1.3607    1.3607
    22.275     10.50    0.0100       4113    1.3607    1.3607    1.3607
    22.275     10.70    0.0350         45    1.3607    1.3607    1.3980
    22.275     10.70    0.0750         77    1.3980    1.4960    1.6009
    22.325     10.10    0.0100         52    1.3792    1.4171    1.4171
    22.325     10.10    0.0350         37    1.4364    1.4364    1.4364
    22.325     10.30   -0.0100        120    1.3607    1.3607    1.3607
    22.325     10.30    0.0100       1786    1.3607    1.3792    1.3980
    22.325     10.30    0.0350        209    1.4171    1.4960    1.6009
    22.325     10.30    0.0750         40    1.6449    1.6673    1.7842
    22.325     10.50    0.0750         49    1.6009    1.6228    1.6228
    22.375     10.10    0.0100        152    1.3980    1.4171    1.4171
    22.375     10.10    0.0350        349    1.4364    1.4759    1.6009
    22.375     10.10    0.0750        164    1.6673    1.6673    1.6901
    22.375     10.30    0.0750        112    1.6449    1.6449    1.6673
    22.425      9.90    0.0350        148    1.6009    1.6228    1.6449
    22.425      9.90    0.0750         90    1.6449    1.6673    1.6901
    22.425     10.10    0.0350         73    1.4759    1.6228    1.6228
    22.425     10.10    0.0750         50    1.5794    1.6673    1.7602
    22.475      9.70   -0.0100     138761    1.4960    1.5164    1.5371
    22.475      9.70    0.0100      30107    1.5371    1.5371    1.5581
    22.475      9.70    0.0350        106    1.6009    1.6009    1.6228
    22.475      9.70    0.0750         21    1.6228    1.6228    1.6449
    22.475      9.90    0.0350         20    1.6009    1.6009    1.6009
    22.525      9.50   -0.0100       1644    1.4960    1.4960    1.5164
    22.525      9.50    0.0100       3366    1.4960    1.5164    1.5371
    22.525      9.50    0.0350         62    1.6449    1.6901    1.7365
    22.525      9.70   -0.0100      25204    1.4960    1.4960    1.4960
    22.525      9.70    0.0100      16987    1.4960    1.4960    1.5164
    22.575      9.50    0.0100        409    1.5164    1.5371    1.5581
    22.575      9.50    0.0350        176    1.5794    1.6228    1.6901
    22.575      9.50    0.0750         60    1.9093    1.9617    1.9617
    22.575      9.70    0.0750         68    1.8582    1.9093    1.9617
    22.625      9.30    0.0350         85    1.8086    1.8086    1.9093
    22.625      9.30    0.0750        104    1.9093    1.9353    1.9617
    22.625      9.50    0.0750         60    1.9093    1.9093    1.9617
    22.675      9.10    0.0350        144    1.7842    1.8086    1.8836
    22.675      9.10    0.0750         56    1.8582    1.8836    1.9093
    22.675      9.30    0.0350         60    1.8086    1.8086    1.9093
    22.725      8.90   -0.0100      18762    1.6901    1.7365    1.7365
    22.725      8.90    0.0100      13804    1.7131    1.7365    1.7365
    22.725      8.90    0.0350         90    1.7365    1.7602    1.8086
    22.725      9.10    0.0100         36    1.7365    1.7365    1.7365
    22.725      9.10    0.0350         40    1.7602    1.7602    1.8332
    22.775      8.70   -0.0100      60772    1.6009    1.6009    1.6009
    22.775      8.70    0.0100      16519    1.5794    1.6009    1.6228
    22.775      8.90   -0.0100      45092    1.6449    1.6449    1.6449
    22.775      8.90    0.0100      16475    1.6449    1.6449    1.6901
    22.825      8.70    0.0100        214    1.5794    1.6228    1.6673
    22.825      8.70    0.0350         43    1.6449    1.6901    1.7131
    22.825      8.70    0.0750         40    2.0710    2.2162    2.2162
    22.825      8.90    0.0750         68    2.0431    2.1864    2.2162
    22.875      8.50    0.0750         80    2.0993    2.0993    2.1864
    22.875      8.70    0.0750         80    2.0993    2.0993    2.2162
    22.925      8.30    0.0350         44    1.9093    1.9093    1.9093
    22.925      8.30    0.0750         88    2.0156    2.0431    2.0993
    22.925      8.50    0.0350         72    1.9093    1.9353    1.9353
    22.925      8.50    0.0750         56    2.0431    2.0710    2.1569
    22.975      8.10   -0.0100       4783    1.9093    1.9093    1.9093
    22.975      8.10    0.0100        897    1.8836    1.9093    1.9093
    22.975      8.10    0.0350         48    1.8332    1.8332    1.8582
    22.975      8.10    0.0750         37    1.9353    1.9353    1.9617
    22.975      8.30    0.0100         56    1.8836    1.8836    1.8836
    22.975      8.30    0.0350         68    1.8582    1.8836    1.8836
    22.975      8.30    0.0750         53    1.9885    2.0156    2.0431
    23.025      7.90   -0.0100      11501    1.6901    1.7602    1.7602
    23.025      7.90    0.0100       7633    1.7131    1.7602    1.7602
    23.025      8.10   -0.0100       7378    1.7842    1.8332    1.8582
    23.025      8.10    0.0100      10415    1.8086    1.8582    1.9093
    23.025      8.10    0.0350         61    1.8086    1.8332    1.8332
    23.075      7.70   -0.0100       2320    1.5371    1.5581    1.5581
    23.075      7.70    0.0100       4552    1.5371    1.5581    1.5581
    23.075      7.90   -0.0100     111928    1.5794    1.5794    1.6673
    23.075      7.90    0.0100      27695    1.5794    1.6228    1.6673
    23.125      7.70    0.0100        145    1.5371    1.5581    1.5794
    23.125      7.70    0.0350         27    1.5581    1.5581    1.6228
