# MODFITS = Modify FITS Image & Header = Aug 18 2026 20:57    
# Alexander Men’shchikov, DAp IRFU CEA Saclay, France.
# Using CFITSIO library version 4.010 by William D Pence.
#
# AZIMUTHALLY-AVERAGED RADIAL PROFILE EXTRACTED FROM IMAGE: thin.+hires.r250.cfg.00.surfden.fits
# ABOUT CENTRAL POSITION (X1,Y1): 182,182 (PIXELS)
# TOTAL VALUE:  4.2376165E+26
# TOTAL STDEV:  4.4646868E+22
#
# TABULATED QUANTITIES:
#
#   N ........ Radial coordinate in pixels
#   ARCSEC ... Radial coordinate in acseconds
#   ARCSECM .. Radial coordinate in acseconds (zero in the middle)
#   VALUE .... Azimuthally-averaged image value at radial coordinate
#   STDEV .... Azimuthal standard deviations of image values
#   SLOPE .... Logarithmic slope of the radial profile
#
#   N      ARCSEC        ARCSECM         VALUE          STDEV          SLOPE
#
    1   0.0000000E+00  0.0000000E+00  8.1722218E+21  1.0000000E-33 -1.0000000E-33
    2   3.0000000E+00  0.0000000E+00  8.1446775E+21  1.0000000E-33 -1.0000000E-33
    3   6.0000000E+00  0.0000000E+00  7.9922748E+21  1.0000000E-33 -1.0000000E-33
    4   9.0000000E+00  0.0000000E+00  7.8781958E+21  1.0000000E-33  2.7251378E-02
    5   1.2000000E+01  0.0000000E+00  7.7358847E+21  2.1778382E+19  3.5456827E-02
    6   1.5000000E+01  0.0000000E+00  7.5148592E+21  7.4025509E+19  6.3365322E-02
    7   1.8000000E+01  0.0000000E+00  7.2759309E+21  4.0010481E+19  1.2990544E-01
    8   2.1000000E+01  0.0000000E+00  7.0500297E+21  6.2899676E+19  1.7721724E-01
    9   2.4000000E+01  0.0000000E+00  6.8091201E+21  6.5808210E+19  2.0460456E-01
   10   2.7000000E+01  0.0000000E+00  6.5911279E+21  5.3960071E+19  2.6038024E-01
   11   3.0000000E+01  0.0000000E+00  6.3962504E+21  5.5259983E+19  2.7625723E-01
   12   3.3000000E+01  0.0000000E+00  6.2164198E+21  3.5797505E+19  2.8485567E-01
   13   3.6000000E+01  0.0000000E+00  6.0517293E+21  4.4160541E+19  2.9921039E-01
   14   3.9000000E+01  0.0000000E+00  5.8857478E+21  4.5650278E+19  3.0858137E-01
   15   4.2000000E+01  0.0000000E+00  5.7394275E+21  3.6058517E+19  3.3969816E-01
   16   4.5000000E+01  0.0000000E+00  5.6162224E+21  3.2875427E+19  3.3969816E-01
   17   4.8000000E+01  0.0000000E+00  5.5034425E+21  2.7119945E+19  3.3969816E-01
   18   5.1000000E+01  0.0000000E+00  5.3988973E+21  2.9838055E+19  3.1635813E-01
   19   5.4000000E+01  0.0000000E+00  5.2986312E+21  2.6722596E+19  3.1635813E-01
   20   5.7000000E+01  0.0000000E+00  5.2116174E+21  2.2671729E+19  3.1635813E-01
   21   6.0000000E+01  0.0000000E+00  5.1362397E+21  1.9882464E+19  3.1635813E-01
   22   6.3000000E+01  0.0000000E+00  5.0624399E+21  2.0868527E+19  3.0625361E-01
   23   6.6000000E+01  0.0000000E+00  4.9974445E+21  1.7178545E+19  2.9663085E-01
   24   6.9000000E+01  0.0000000E+00  4.9399153E+21  1.4697064E+19  2.8403355E-01
   25   7.2000000E+01  0.0000000E+00  4.8860851E+21  1.4239455E+19  2.7777059E-01
   26   7.5000000E+01  0.0000000E+00  4.8337757E+21  1.4700190E+19  2.6366946E-01
   27   7.8000000E+01  0.0000000E+00  4.7841571E+21  1.3880125E+19  2.6307558E-01
   28   8.1000000E+01  0.0000000E+00  4.7415385E+21  1.1185575E+19  2.6307558E-01
   29   8.4000000E+01  0.0000000E+00  4.7040134E+21  9.7578238E+18  2.6307558E-01
   30   8.7000000E+01  0.0000000E+00  4.6677804E+21  1.0337332E+19  2.3709909E-01
   31   9.0000000E+01  0.0000000E+00  4.6337930E+21  9.1113106E+18  2.2035019E-01
   32   9.3000000E+01  0.0000000E+00  4.6017439E+21  9.0583033E+18  2.1848007E-01
   33   9.6000000E+01  0.0000000E+00  4.5727792E+21  7.8057219E+18  2.1556289E-01
   34   9.9000000E+01  0.0000000E+00  4.5464471E+21  7.3705537E+18  2.1166388E-01
   35   1.0200000E+02  0.0000000E+00  4.5213972E+21  7.4585290E+18  1.9888003E-01
   36   1.0500000E+02  0.0000000E+00  4.4982472E+21  6.0916124E+18  1.8767528E-01
   37   1.0800000E+02  0.0000000E+00  4.4765001E+21  6.1846784E+18  1.8507451E-01
   38   1.1100000E+02  0.0000000E+00  4.4559035E+21  5.5187644E+18  1.7708504E-01
   39   1.1400000E+02  0.0000000E+00  4.4361517E+21  5.6737256E+18  1.7203190E-01
   40   1.1700000E+02  0.0000000E+00  4.4182329E+21  4.9587989E+18  1.6831548E-01
   41   1.2000000E+02  0.0000000E+00  4.4025323E+21  4.1091286E+18  1.6658630E-01
   42   1.2300000E+02  0.0000000E+00  4.3871237E+21  4.5170059E+18  1.5581804E-01
   43   1.2600000E+02  0.0000000E+00  4.3717934E+21  4.3067188E+18  1.4526466E-01
   44   1.2900000E+02  0.0000000E+00  4.3566466E+21  4.4891423E+18  1.4526466E-01
   45   1.3200000E+02  0.0000000E+00  4.3423565E+21  3.9435916E+18  1.4526466E-01
   46   1.3500000E+02  0.0000000E+00  4.3296221E+21  3.4233472E+18  1.4526466E-01
   47   1.3800000E+02  0.0000000E+00  4.3179753E+21  3.3095632E+18  1.4291172E-01
   48   1.4100000E+02  0.0000000E+00  4.3071750E+21  2.9388003E+18  1.3068719E-01
   49   1.4400000E+02  0.0000000E+00  4.2968594E+21  2.9498695E+18  1.2255550E-01
   50   1.4700000E+02  0.0000000E+00  4.2867398E+21  2.8398723E+18  1.1644864E-01
   51   1.5000000E+02  0.0000000E+00  4.2761243E+21  3.2516882E+18  1.1644864E-01
   52   1.5300000E+02  0.0000000E+00  4.2654891E+21  3.0989481E+18  1.2272717E-01
   53   1.5600000E+02  0.0000000E+00  4.2555013E+21  2.7143918E+18  1.2272717E-01
   54   1.5900000E+02  0.0000000E+00  4.2460562E+21  2.6425221E+18  1.2272717E-01
   55   1.6200000E+02  0.0000000E+00  4.2375557E+21  2.1281276E+18  1.2072667E-01
   56   1.6500000E+02  0.0000000E+00  4.2297798E+21  2.2182229E+18  1.1665006E-01
   57   1.6800000E+02  0.0000000E+00  4.2228637E+21  1.8484499E+18  1.0721036E-01
   58   1.7100000E+02  0.0000000E+00  4.2164816E+21  1.8494365E+18  1.0009588E-01
   59   1.7400000E+02  0.0000000E+00  4.2101038E+21  1.8752166E+18  9.0819564E-02
   60   1.7700000E+02  0.0000000E+00  4.2034156E+21  1.9545410E+18  9.0819564E-02
   61   1.8000000E+02  0.0000000E+00  4.1962274E+21  2.1654173E+18  9.3004753E-02
   62   1.8300000E+02  0.0000000E+00  4.1888104E+21  2.1205681E+18  1.0183525E-01
   63   1.8600000E+02  0.0000000E+00  4.1815480E+21  2.0363199E+18  1.0671621E-01
   64   1.8900000E+02  0.0000000E+00  4.1748984E+21  1.8645381E+18  1.0671621E-01
   65   1.9200000E+02  0.0000000E+00  4.1690583E+21  1.5221840E+18  1.0671621E-01
   66   1.9500000E+02  0.0000000E+00  4.1638863E+21  1.4272121E+18  9.9464987E-02
   67   1.9800000E+02  0.0000000E+00  4.1594145E+21  1.1383149E+18  8.8889009E-02
   68   2.0100000E+02  0.0000000E+00  4.1553945E+21  1.1437904E+18  8.0064049E-02
   69   2.0400000E+02  0.0000000E+00  4.1513741E+21  1.2253140E+18  7.0380688E-02
   70   2.0700000E+02  0.0000000E+00  4.1472791E+21  1.1660616E+18  6.7602395E-02
   71   2.1000000E+02  0.0000000E+00  4.1430025E+21  1.3179517E+18  6.7602395E-02
   72   2.1300000E+02  0.0000000E+00  4.1383828E+21  1.3077457E+18  7.1702119E-02
   73   2.1600000E+02  0.0000000E+00  4.1332957E+21  1.5650839E+18  7.8653854E-02
   74   2.1900000E+02  0.0000000E+00  4.1280339E+21  1.5188286E+18  8.7944710E-02
   75   2.2200000E+02  0.0000000E+00  4.1229816E+21  1.4112812E+18  9.0009438E-02
   76   2.2500000E+02  0.0000000E+00  4.1183950E+21  1.2767218E+18  9.0009438E-02
   77   2.2800000E+02  0.0000000E+00  4.1143436E+21  1.0783675E+18  9.0009438E-02
   78   2.3100000E+02  0.0000000E+00  4.1108964E+21  9.2421816E+17  8.2922296E-02
   79   2.3400000E+02  0.0000000E+00  4.1080218E+21  7.4886143E+17  7.4306627E-02
   80   2.3700000E+02  0.0000000E+00  4.1054610E+21  7.0812495E+17  6.4121776E-02
   81   2.4000000E+02  0.0000000E+00  4.1029827E+21  7.3767427E+17  5.4211405E-02
   82   2.4300000E+02  0.0000000E+00  4.1005031E+21  7.2757261E+17  4.8948801E-02
   83   2.4600000E+02  0.0000000E+00  4.0978823E+21  8.1367413E+17  4.8948801E-02
   84   2.4900000E+02  0.0000000E+00  4.0950872E+21  8.1161511E+17  5.2105924E-02
   85   2.5200000E+02  0.0000000E+00  4.0920330E+21  9.4128313E+17  5.6289824E-02
   86   2.5500000E+02  0.0000000E+00  4.0886410E+21  1.0455177E+18  6.2299858E-02
   87   2.5800000E+02  0.0000000E+00  4.0849871E+21  1.0841354E+18  7.0071833E-02
   88   2.6100000E+02  0.0000000E+00  4.0812836E+21  1.0824541E+18  7.6441612E-02
   89   2.6400000E+02  0.0000000E+00  4.0777619E+21  9.4201309E+17  7.6441612E-02
   90   2.6700000E+02  0.0000000E+00  4.0744230E+21  9.4848173E+17  7.6441612E-02
   91   2.7000000E+02  0.0000000E+00  4.0715373E+21  7.2541043E+17  7.5534655E-02
   92   2.7300000E+02  0.0000000E+00  4.0692105E+21  6.0721976E+17  7.2491749E-02
   93   2.7600000E+02  0.0000000E+00  4.0672918E+21  5.0604630E+17  6.3409793E-02
   94   2.7900000E+02  0.0000000E+00  4.0656597E+21  4.4570468E+17  5.1733216E-02
   95   2.8200000E+02  0.0000000E+00  4.0641673E+21  4.3013726E+17  4.3155020E-02
   96   2.8500000E+02  0.0000000E+00  4.0627388E+21  3.9937907E+17  3.7123948E-02
   97   2.8800000E+02  0.0000000E+00  4.0613006E+21  4.2206543E+17  3.4328047E-02
   98   2.9100000E+02  0.0000000E+00  4.0597529E+21  4.7448465E+17  3.4328047E-02
   99   2.9400000E+02  0.0000000E+00  4.0581037E+21  4.9495180E+17  3.6780916E-02
  100   2.9700000E+02  0.0000000E+00  4.0563248E+21  5.5996668E+17  3.9614896E-02
  101   3.0000000E+02  0.0000000E+00  4.0543896E+21  5.7083392E+17  4.3186961E-02
  102   3.0300000E+02  0.0000000E+00  4.0522321E+21  6.8464155E+17  4.7482940E-02
  103   3.0600000E+02  0.0000000E+00  4.0498557E+21  7.1677783E+17  5.3492139E-02
  104   3.0900000E+02  0.0000000E+00  4.0474083E+21  7.1183605E+17  5.9540772E-02
  105   3.1200000E+02  0.0000000E+00  4.0449101E+21  7.4663725E+17  6.1960364E-02
  106   3.1500000E+02  0.0000000E+00  4.0425045E+21  6.5736628E+17  6.2166418E-02
  107   3.1800000E+02  0.0000000E+00  4.0403619E+21  6.0150636E+17  6.2166418E-02
  108   3.2100000E+02  0.0000000E+00  4.0385672E+21  4.6055146E+17  6.2166418E-02
  109   3.2400000E+02  0.0000000E+00  4.0371851E+21  3.4851289E+17  5.5931388E-02
  110   3.2700000E+02  0.0000000E+00  4.0361035E+21  2.8322371E+17  4.7318503E-02
  111   3.3000000E+02  0.0000000E+00  4.0352018E+21  2.4149734E+17  3.6793636E-02
  112   3.3300000E+02  0.0000000E+00  4.0343981E+21  2.3177234E+17  2.9071906E-02
  113   3.3600000E+02  0.0000000E+00  4.0336296E+21  2.1808184E+17  2.4465472E-02
  114   3.3900000E+02  0.0000000E+00  4.0328630E+21  2.2594023E+17  2.2011504E-02
  115   3.4200000E+02  0.0000000E+00  4.0320577E+21  2.4674795E+17  2.2011504E-02
  116   3.4500000E+02  0.0000000E+00  4.0312090E+21  2.5206601E+17  2.2667407E-02
  117   3.4800000E+02  0.0000000E+00  4.0303406E+21  2.6131044E+17  2.4104772E-02
  118   3.5100000E+02  0.0000000E+00  4.0294009E+21  2.8440414E+17  2.4881878E-02
  119   3.5400000E+02  0.0000000E+00  4.0283689E+21  3.1792337E+17  2.7164930E-02
  120   3.5700000E+02  0.0000000E+00  4.0272368E+21  3.5033692E+17  3.0097528E-02
  121   3.6000000E+02  0.0000000E+00  4.0259772E+21  3.8392080E+17  3.3308421E-02
  122   3.6300000E+02  0.0000000E+00  4.0246177E+21  4.0834066E+17  3.7381143E-02
  123   3.6600000E+02  0.0000000E+00  4.0230962E+21  4.6613104E+17  4.0696784E-02
  124   3.6900000E+02  0.0000000E+00  4.0214121E+21  5.1967339E+17  4.5941715E-02
  125   3.7200000E+02  0.0000000E+00  4.0197598E+21  4.5720137E+17  5.0753502E-02
  126   3.7500000E+02  0.0000000E+00  4.0182436E+21  4.2785765E+17  5.0753502E-02
  127   3.7800000E+02  0.0000000E+00  4.0169666E+21  3.2332502E+17  5.0753502E-02
  128   3.8100000E+02  0.0000000E+00  4.0159667E+21  2.5744529E+17  4.6968464E-02
  129   3.8400000E+02  0.0000000E+00  4.0152312E+21  1.7982246E+17  3.9890214E-02
  130   3.8700000E+02  0.0000000E+00  4.0147398E+21  1.1456860E+17  3.1491127E-02
  131   3.9000000E+02  0.0000000E+00  4.0144002E+21  8.6066363E+16  2.3353828E-02
  132   3.9300000E+02  0.0000000E+00  4.0141447E+21  6.6554652E+16  1.5727385E-02
  133   3.9600000E+02  0.0000000E+00  4.0139232E+21  6.4144476E+16  1.0954882E-02
  134   3.9900000E+02  0.0000000E+00  4.0137106E+21  6.1588865E+16  8.3052314E-03
  135   4.0200000E+02  0.0000000E+00  4.0135032E+21  5.9130001E+16  7.2555760E-03
  136   4.0500000E+02  0.0000000E+00  4.0132828E+21  6.8562798E+16  7.2555760E-03
  137   4.0800000E+02  0.0000000E+00  4.0130468E+21  7.0468018E+16  7.3869542E-03
  138   4.1100000E+02  0.0000000E+00  4.0127966E+21  7.5966201E+16  7.9664325E-03
  139   4.1400000E+02  0.0000000E+00  4.0125303E+21  7.9936696E+16  8.5116475E-03
  140   4.1700000E+02  0.0000000E+00  4.0122463E+21  8.5044860E+16  9.1236197E-03
  141   4.2000000E+02  0.0000000E+00  4.0119315E+21  9.9410308E+16  9.8031804E-03
  142   4.2300000E+02  0.0000000E+00  4.0115812E+21  1.0557227E+17  1.0947885E-02
  143   4.2600000E+02  0.0000000E+00  4.0111912E+21  1.2177089E+17  1.2267666E-02
  144   4.2900000E+02  0.0000000E+00  4.0107415E+21  1.4051721E+17  1.3756440E-02
  145   4.3200000E+02  0.0000000E+00  4.0102167E+21  1.6523326E+17  1.5977208E-02
  146   4.3500000E+02  0.0000000E+00  4.0096093E+21  1.9036216E+17  1.8776724E-02
  147   4.3800000E+02  0.0000000E+00  4.0089365E+21  1.9678912E+17  2.1889126E-02
  148   4.4100000E+02  0.0000000E+00  4.0082519E+21  1.9445136E+17  2.4415441E-02
  149   4.4400000E+02  0.0000000E+00  4.0075958E+21  1.7898716E+17  2.4415441E-02
  150   4.4700000E+02  0.0000000E+00  4.0070449E+21  1.3220576E+17  2.4415441E-02
  151   4.5000000E+02  0.0000000E+00  4.0066752E+21  7.6915979E+16  2.4146649E-02
  152   4.5300000E+02  0.0000000E+00  4.0064987E+21  2.1274135E+16  2.0416327E-02
  153   4.5600000E+02  0.0000000E+00  4.0064993E+21  2.6216130E+16  1.3792733E-02
  154   4.5900000E+02  0.0000000E+00  4.0066386E+21  5.8111886E+16  6.6295064E-03
  155   4.6200000E+02  0.0000000E+00  4.0068837E+21  8.5892644E+16 -2.3722508E-05
  156   4.6500000E+02  0.0000000E+00  4.0072000E+21  9.9737673E+16 -5.3017228E-03
  157   4.6800000E+02  0.0000000E+00  4.0075724E+21  1.1800267E+17 -9.3876929E-03
  158   4.7100000E+02  0.0000000E+00  4.0080060E+21  1.3911914E+17 -1.2198320E-02
  159   4.7400000E+02  0.0000000E+00  4.0084885E+21  1.4222177E+17 -1.4447914E-02
  160   4.7700000E+02  0.0000000E+00  4.0090028E+21  1.5427439E+17 -1.6931155E-02
  161   4.8000000E+02  0.0000000E+00  4.0095350E+21  1.5258304E+17 -1.8961288E-02
  162   4.8300000E+02  0.0000000E+00  4.0100502E+21  1.4526188E+17 -2.0335071E-02
  163   4.8600000E+02  0.0000000E+00  4.0104868E+21  1.1328901E+17 -2.0335071E-02
  164   4.8900000E+02  0.0000000E+00  4.0108122E+21  7.6999008E+16 -1.7580674E-02
  165   4.9200000E+02  0.0000000E+00  4.0110316E+21  5.0531663E+16 -1.3184040E-02
  166   4.9500000E+02  0.0000000E+00  4.0111638E+21  2.7433123E+16 -8.9438841E-03
  167   4.9800000E+02  0.0000000E+00  4.0112316E+21  1.2769895E+16 -5.4234806E-03
  168   5.0100000E+02  0.0000000E+00  4.0112594E+21  4.5103495E+15 -2.7955180E-03
  169   5.0400000E+02  0.0000000E+00  4.0112677E+21  8.6574522E+14 -1.1554940E-03
  170   5.0700000E+02  0.0000000E+00  4.0112674E+21  8.0413546E+14 -3.4495491E-04
  171   5.1000000E+02  0.0000000E+00  4.0112642E+21  1.1861045E+15  1.0893244E-05
  172   5.1300000E+02  0.0000000E+00  4.0112601E+21  1.2394664E+15  1.3488664E-04
  173   5.1600000E+02  0.0000000E+00  4.0112560E+21  1.2415453E+15  1.7489656E-04
  174   5.1900000E+02  0.0000000E+00  4.0112521E+21  1.1344359E+15  1.7489656E-04
  175   5.2200000E+02  0.0000000E+00  4.0112485E+21  1.1190833E+15  1.7489656E-04
  176   5.2500000E+02  0.0000000E+00  4.0112453E+21  1.0693962E+15  1.6924150E-04
  177   5.2800000E+02  0.0000000E+00  4.0112424E+21  1.2966405E+15  1.5746324E-04
  178   5.3100000E+02  0.0000000E+00  4.0112401E+21  3.0598797E+15  1.3713640E-04
  179   5.3400000E+02  0.0000000E+00  4.0112389E+21  7.9252926E+15  1.2876584E-04
  180   5.3700000E+02  0.0000000E+00  4.0112400E+21  1.7989104E+16  9.8474284E-05
  181   5.4000000E+02  0.0000000E+00  3.5134885E+21  1.3230328E+21  9.8474284E-05
