! Date: 15/08/2026  Time: 08:20:44  Created by RADMC3D compiled on Aug 14 2026 12:46    
! Alexander Men’shchikov, DAp IRFU CEA Saclay, France                         
!
! PROFILES OF DENSITIES & TEMPERATURES
!
! Note: radii in this table are cell-centered
!
! Distance (pc): 2.60000000E+02  Mass-averaged Tdust (K): 8.05446215E+00
!
!   N    RADIUS(cm)    RELZONESIZE     RADIUS(au)     RADIUS(pc)     RADIUS(as)    DENS(g/cm^3)  NUMDEN(1/cm^3)   DENSDUST       NUMDENDUST     MASSFRAC      TEMPERATURE
!
    1  4.2250387E+14  9.5226467E-01  2.8242639E+01  1.3692230E-04  1.0862554E-01  1.4429566E-18  3.1034582E+05  1.4429566E-20  3.1034582E+03       Infinity  7.6037324E+00
    2  8.4103626E+14  5.1689718E-01  5.6219801E+01  2.7255754E-04  2.1623001E-01  1.4424136E-18  3.1022903E+05  1.4424136E-20  3.1022903E+03       Infinity  7.4721640E+00
    3  1.2932665E+15  3.6321299E-01  8.6449525E+01  4.1911336E-04  3.3249817E-01  1.4414334E-18  3.1001821E+05  1.4414334E-20  3.1001821E+03       Infinity  7.7166828E+00
    4  1.7819077E+15  2.8483588E-01  1.1911317E+02  5.7746902E-04  4.5812759E-01  1.4399138E-18  3.0969139E+05  1.4399138E-20  3.0969139E+03       Infinity  7.7560630E+00
    5  2.3098915E+15  2.3742084E-01  1.5440671E+02  7.4857457E-04  5.9387197E-01  1.4377351E-18  3.0922280E+05  1.4377351E-20  3.0922280E+03       Infinity  7.7720979E+00
    6  2.8803856E+15  2.0572653E-01  1.9254188E+02  9.3345656E-04  7.4054571E-01  1.4347560E-18  3.0858206E+05  1.4347560E-20  3.0858206E+03       Infinity  7.7556456E+00
    7  3.4968126E+15  1.8310453E-01  2.3374748E+02  1.1332242E-03  8.9902878E-01  1.4308100E-18  3.0773337E+05  1.4308100E-20  3.0773337E+03       Infinity  7.6288264E+00
    8  4.1628707E+15  1.6619159E-01  2.7827072E+02  1.3490760E-03  1.0702720E+00  1.4257018E-18  3.0663472E+05  1.4257018E-20  3.0663472E+03       Infinity  7.6752579E+00
    9  4.8825561E+15  1.5310354E-01  3.2637872E+02  1.5823069E-03  1.2553028E+00  1.4194094E-18  3.0528137E+05  1.4194094E-20  3.0528137E+03       Infinity  7.6790593E+00
   10  5.6601864E+15  1.4270272E-01  3.7836009E+02  1.8343163E-03  1.4552311E+00  1.4114037E-18  3.0355953E+05  1.4114037E-20  3.0355953E+03       Infinity  7.7318738E+00
   11  6.5004271E+15  1.3426154E-01  4.3452671E+02  2.1066160E-03  1.6712566E+00  1.4015385E-18  3.0143776E+05  1.4015385E-20  3.0143776E+03       Infinity  7.7580264E+00
   12  7.4083192E+15  1.2729295E-01  4.9521555E+02  2.4008397E-03  1.9046752E+00  1.3895009E-18  2.9884877E+05  1.3895009E-20  2.9884877E+03       Infinity  7.7558589E+00
   13  8.3893095E+15  1.2145861E-01  5.6079071E+02  2.7187527E-03  2.1568873E+00  1.3749557E-18  2.9572043E+05  1.3749557E-20  2.9572043E+03       Infinity  7.7696848E+00
   14  9.4492836E+15  1.1651616E-01  6.3164560E+02  3.0622622E-03  2.4294061E+00  1.3575399E-18  2.9197470E+05  1.3575399E-20  2.9197470E+03       Infinity  7.7746466E+00
   15  1.0594601E+16  1.1228739E-01  7.0820532E+02  3.4334291E-03  2.7238666E+00  1.3368736E-18  2.8752987E+05  1.3368736E-20  2.8752987E+03       Infinity  7.8206920E+00
   16  1.1832132E+16  1.0863833E-01  7.9092919E+02  3.8344802E-03  3.0420354E+00  1.3125549E-18  2.8229950E+05  1.3125549E-20  2.8229950E+03       Infinity  7.8202510E+00
   17  1.3169303E+16  1.0546633E-01  8.8031352E+02  4.2678217E-03  3.3858212E+00  1.2841990E-18  2.7620081E+05  1.2841990E-20  2.7620081E+03       Infinity  7.8575303E+00
   18  1.4614135E+16  1.0269138E-01  9.7689457E+02  4.7360534E-03  3.7572868E+00  1.2514304E-18  2.6915306E+05  1.2514304E-20  2.6915306E+03       Infinity  7.8516192E+00
   19  1.6175296E+16  1.0025023E-01  1.0812518E+03  5.2419844E-03  4.1586606E+00  1.2139348E-18  2.6108864E+05  1.2139348E-20  2.6108864E+03       Infinity  7.8543092E+00
   20  1.7862153E+16  9.8092167E-02  1.1940112E+03  5.7886501E-03  4.5923508E+00  1.1714661E-18  2.5195464E+05  1.1714661E-20  2.5195464E+03       Infinity  7.8817052E+00
   21  1.9684827E+16  9.6176078E-02  1.3158494E+03  6.3793302E-03  5.0609592E+00  1.1238910E-18  2.4172236E+05  1.1238910E-20  2.4172236E+03       Infinity  7.9006228E+00
   22  2.1654252E+16  9.4468278E-02  1.4474973E+03  7.0175685E-03  5.5672973E+00  1.0712342E-18  2.3039713E+05  1.0712342E-20  2.3039713E+03       Infinity  7.9094771E+00
   23  2.3782243E+16  9.2940901E-02  1.5897448E+03  7.7071941E-03  6.1144029E+00  1.0136942E-18  2.1802163E+05  1.0136942E-20  2.1802163E+03       Infinity  7.9228572E+00
   24  2.6081568E+16  9.1570694E-02  1.7434451E+03  8.4523444E-03  6.7055583E+00  9.5168459E-19  2.0468483E+05  9.5168459E-21  2.0468483E+03       Infinity  7.9437231E+00
   25  2.8566022E+16  9.0338101E-02  1.9095206E+03  9.2574900E-03  7.3443101E+00  8.8583960E-19  1.9052313E+05  8.8583960E-21  1.9052313E+03       Infinity  7.9644323E+00
   26  3.1250510E+16  8.9226556E-02  2.0889675E+03  1.0127461E-02  8.0344906E+00  8.1701568E-19  1.7572074E+05  8.1701568E-21  1.7572074E+03       Infinity  7.9979606E+00
   27  3.4151137E+16  8.8221936E-02  2.2828625E+03  1.1067478E-02  8.7802404E+00  7.4626846E-19  1.6050469E+05  7.4626846E-21  1.6050469E+03       Infinity  8.0381053E+00
   28  3.7285306E+16  8.7312123E-02  2.4923688E+03  1.2083179E-02  9.5860338E+00  6.7479593E-19  1.4513263E+05  6.7479593E-21  1.4513263E+03       Infinity  8.0828895E+00
   29  4.0671821E+16  8.6486667E-02  2.7187433E+03  1.3180658E-02  1.0456705E+01  6.0387690E-19  1.2987963E+05  6.0387690E-21  1.2987963E+03       Infinity  8.1203448E+00
   30  4.4330999E+16  8.5736506E-02  2.9633442E+03  1.4366501E-02  1.1397478E+01  5.3478699E-19  1.1502003E+05  5.3478699E-21  1.1502003E+03       Infinity  8.1728592E+00
   31  4.8019993E+16  7.4494033E-02  3.2099383E+03  1.5562006E-02  1.2345916E+01  4.7299425E-19  1.0172987E+05  4.7299425E-21  1.0172987E+03       Infinity  8.2478550E+00
   32  5.0073394E+16  1.0576465E-02  3.3471996E+03  1.6227459E-02  1.2873845E+01  3.7339034E-20  8.0307426E+03  3.7339034E-22  8.0307426E+01       Infinity  8.2980138E+00
   33  5.2556923E+16  8.4431479E-02  3.5132133E+03  1.7032305E-02  1.3512359E+01  3.7339034E-20  8.0307426E+03  3.7339034E-22  8.0307426E+01       Infinity  8.3179463E+00
   34  5.7173021E+16  8.3863638E-02  3.8217804E+03  1.8528260E-02  1.4699155E+01  3.7339034E-20  8.0307426E+03  3.7339034E-22  8.0307426E+01       Infinity  8.3514511E+00
   35  6.2160781E+16  8.3344874E-02  4.1551916E+03  2.0144660E-02  1.5981506E+01  3.7339034E-20  8.0307426E+03  3.7339034E-22  8.0307426E+01       Infinity  8.3798139E+00
   36  6.7566848E+16  8.3344874E-02  4.5165648E+03  2.1896623E-02  1.7371403E+01  3.7339034E-20  8.0307426E+03  3.7339034E-22  8.0307426E+01       Infinity  8.3958781E+00
   37  7.4644347E+16  1.1419014E-01  4.9896664E+03  2.4190253E-02  1.9191025E+01  3.7339034E-20  8.0307426E+03  3.7339034E-22  8.0307426E+01       Infinity  8.4088710E+00
   38  8.5423705E+16  1.5259310E-01  5.7102220E+03  2.7683557E-02  2.1962392E+01  3.7339034E-20  8.0307426E+03  3.7339034E-22  8.0307426E+01       Infinity  8.4260624E+00
   39  1.0200073E+17  1.9724348E-01  6.8183275E+03  3.3055730E-02  2.6224337E+01  3.7339034E-20  8.0307426E+03  3.7339034E-22  8.0307426E+01       Infinity  8.4410869E+00
   40  1.2765346E+17  2.4430582E-01  8.5331067E+03  4.1369100E-02  3.2819641E+01  3.7339034E-20  8.0307426E+03  3.7339034E-22  8.0307426E+01       Infinity  8.4552463E+00
   41  1.6726315E+17  2.8716962E-01  1.1180851E+04  5.4205549E-02  4.3003272E+01  3.7339034E-20  8.0307426E+03  3.7339034E-22  8.0307426E+01       Infinity  8.4731184E+00
   42  2.2739545E+17  3.1764801E-01  1.5200447E+04  7.3692834E-02  5.8463258E+01  3.7339034E-20  8.0307426E+03  3.7339034E-22  8.0307426E+01       Infinity  8.4907463E+00
   43  3.1534350E+17  3.2873481E-01  2.1079411E+04  1.0219446E-01  8.1074657E+01  3.7339034E-20  8.0307426E+03  3.7339034E-22  8.0307426E+01       Infinity  8.5188237E+00
   44  4.3650282E+17  3.1764801E-01  2.9178411E+04  1.4145898E-01  1.1222466E+02  3.7339034E-20  8.0307426E+03  3.7339034E-22  8.0307426E+01       Infinity  8.5732389E+00
   45  5.9063635E+17  2.8716962E-01  3.9481601E+04  1.9140957E-01  1.5185231E+02  3.7339034E-20  8.0307426E+03  3.7339034E-22  8.0307426E+01       Infinity  8.6771699E+00
   46  7.6943099E+17  2.4430582E-01  5.1433285E+04  2.4935217E-01  1.9782033E+02  3.7339034E-20  8.0307426E+03  3.7339034E-22  8.0307426E+01       Infinity  8.8726889E+00
   47  9.5788779E+17  1.9724348E-01  6.4030844E+04  3.1042602E-01  2.4627248E+02  3.7339034E-20  8.0307426E+03  3.7339034E-22  8.0307426E+01       Infinity  9.2360336E+00
   48  1.1392794E+18  1.5259310E-01  7.6156127E+04  3.6921025E-01  2.9290818E+02  3.7339034E-20  8.0307426E+03  3.7339034E-22  8.0307426E+01       Infinity  9.9154248E+00
   49  1.3004519E+18  1.1419014E-01  8.6929842E+04  4.2144197E-01  3.3434554E+02  3.7339034E-20  8.0307426E+03  3.7339034E-22  8.0307426E+01       Infinity  1.1277686E+01
   50  1.4344796E+18  8.3344874E-02  9.5889037E+04  4.6487678E-01  3.6880399E+02  3.7339034E-20  8.0307426E+03  3.7339034E-22  8.0307426E+01       Infinity  1.5800260E+01
