! Date: 14/08/2026  Time: 23:26:57  Created by RADMC3D compiled on Aug 14 2026 12:46    
! Alexander Men’shchikov, DAp IRFU CEA Saclay, France                         
!
! PROFILES OF DENSITIES & TEMPERATURES
!
! Note: radii in this table are cell-centered
!
! Distance (pc): 2.60000000E+02  Mass-averaged Tdust (K): 1.03356824E+01
!
!   N    RADIUS(cm)    RELZONESIZE     RADIUS(au)     RADIUS(pc)     RADIUS(as)    DENS(g/cm^3)  NUMDEN(1/cm^3)   DENSDUST       NUMDENDUST     MASSFRAC      TEMPERATURE
!
    1  2.0925780E+14  1.0962186E+00  1.3988020E+01  6.7814904E-05  5.3800078E-02  7.8539748E-18  1.6892041E+06  7.8539748E-20  1.6892041E+04       Infinity  5.6324716E+00
    2  4.5514730E+14  5.7648745E-01  3.0424718E+01  1.4750117E-04  1.1701815E-01  7.8488700E-18  1.6881062E+06  7.8488700E-20  1.6881062E+04       Infinity  6.5923553E+00
    3  7.3640408E+14  4.0755728E-01  4.9225572E+01  2.3864903E-04  1.8932912E-01  7.8385971E-18  1.6858967E+06  7.8385971E-20  1.6858967E+04       Infinity  6.3535183E+00
    4  1.0581151E+15  3.2444039E-01  7.0730629E+01  3.4290705E-04  2.7204088E-01  7.8210360E-18  1.6821198E+06  7.8210360E-20  1.6821198E+04       Infinity  6.7733735E+00
    5  1.4260992E+15  2.7534749E-01  9.5328844E+01  4.6216092E-04  3.6664940E-01  7.7933745E-18  1.6761704E+06  7.7933745E-20  1.6761704E+04       Infinity  7.8811012E+00
    6  1.8470119E+15  2.4317794E-01  1.2346512E+02  5.9856756E-04  4.7486584E-01  7.7522561E-18  1.6673268E+06  7.7522561E-20  1.6673268E+04       Infinity  7.4730581E+00
    7  2.3284662E+15  2.2064137E-01  1.5564835E+02  7.5459412E-04  5.9864750E-01  7.6934129E-18  1.6546710E+06  7.6934129E-20  1.6546710E+04       Infinity  7.3532148E+00
    8  2.8791699E+15  2.0410451E-01  1.9246062E+02  9.3306260E-04  7.4023316E-01  7.6103283E-18  1.6368015E+06  7.6103283E-20  1.6368015E+04       Infinity  7.3017465E+00
    9  3.5090836E+15  1.9155310E-01  2.3456775E+02  1.1372009E-03  9.0218366E-01  7.4962523E-18  1.6122665E+06  7.4962523E-20  1.6122665E+04       Infinity  7.3968345E+00
   10  4.2296004E+15  1.8178020E-01  2.8273132E+02  1.3707013E-03  1.0874282E+00  7.3427741E-18  1.5792569E+06  7.3427741E-20  1.5792569E+04       Infinity  7.5580842E+00
   11  5.0537519E+15  1.7401833E-01  3.3782245E+02  1.6377869E-03  1.2993171E+00  7.1403839E-18  1.5357276E+06  7.1403839E-20  1.5357276E+04       Infinity  7.7881682E+00
   12  5.9964445E+15  1.6775602E-01  4.0083756E+02  1.9432886E-03  1.5416829E+00  6.8790502E-18  1.4795209E+06  6.8790502E-20  1.4795209E+04       Infinity  7.6291021E+00
   13  7.0747283E+15  1.6263918E-01  4.7291638E+02  2.2927318E-03  1.8189092E+00  6.5493621E-18  1.4086128E+06  6.5493621E-20  1.4086128E+04       Infinity  7.6868084E+00
   14  8.3081061E+15  1.5841486E-01  5.5536259E+02  2.6924368E-03  2.1360100E+00  6.1443285E-18  1.3214997E+06  6.1443285E-20  1.3214997E+04       Infinity  7.6797027E+00
   15  9.7188855E+15  1.5489753E-01  6.4966737E+02  3.1496330E-03  2.4987207E+00  5.6617708E-18  1.2177129E+06  5.6617708E-20  1.2177129E+04       Infinity  7.6669432E+00
   16  1.1332583E+16  1.5194803E-01  7.5753639E+02  3.6725896E-03  2.9136015E+00  5.1068694E-18  1.0983667E+06  5.1068694E-20  1.0983667E+04       Infinity  7.7051862E+00
   17  1.3178385E+16  1.4945994E-01  8.8092064E+02  4.2707651E-03  3.3881563E+00  4.4940817E-18  9.6657062E+05  4.4940817E-20  9.6657062E+03       Infinity  7.8002404E+00
   18  1.5289677E+16  1.4735053E-01  1.0220517E+03  4.9549786E-03  3.9309683E+00  3.8473913E-18  8.2748281E+05  3.8473913E-20  8.2748281E+03       Infinity  7.9224130E+00
   19  1.7704643E+16  1.4555457E-01  1.1834823E+03  5.7376053E-03  4.5518550E+00  3.1978021E-18  6.8777155E+05  3.1978021E-20  6.8777155E+03       Infinity  8.0145099E+00
   20  2.0466965E+16  1.4401993E-01  1.3681321E+03  6.6328003E-03  5.2620465E+00  2.5784045E-18  5.5455379E+05  2.5784045E-20  5.5455379E+03       Infinity  8.2010461E+00
   21  2.3626602E+16  1.4270454E-01  1.5793408E+03  7.6567548E-03  6.0743876E+00  2.0181514E-18  4.3405660E+05  2.0181514E-20  4.3405660E+03       Infinity  8.3742827E+00
   22  2.7240702E+16  1.4157408E-01  1.8209284E+03  8.8279889E-03  7.0035710E+00  1.5367578E-18  3.3052024E+05  1.5367578E-20  3.3052024E+03       Infinity  8.6124578E+00
   23  3.1374633E+16  1.4060035E-01  2.0972647E+03  1.0167686E-02  8.0664025E+00  1.1424005E-18  2.4570330E+05  1.1424005E-20  2.4570330E+03       Infinity  8.8869233E+00
   24  3.6103164E+16  1.3975997E-01  2.4133474E+03  1.1700078E-02  9.2821055E+00  8.3277237E-19  1.7910963E+05  8.3277237E-21  1.7910963E+03       Infinity  9.1904261E+00
   25  4.1511818E+16  1.3903346E-01  2.7748936E+03  1.3452879E-02  1.0672668E+01  5.9822312E-19  1.2866364E+05  5.9822312E-21  1.2866364E+03       Infinity  9.5650500E+00
   26  4.7698421E+16  1.3840446E-01  3.1884425E+03  1.5457793E-02  1.2263240E+01  4.2558032E-19  9.1532256E+04  4.2558032E-21  9.1532256E+02       Infinity  9.9658990E+00
   27  5.4774868E+16  1.3785920E-01  3.6614738E+03  1.7751082E-02  1.4082591E+01  3.0122239E-19  6.4785807E+04  3.0122239E-21  6.4785807E+02       Infinity  1.0382704E+01
   28  6.2869149E+16  1.3738602E-01  4.2025430E+03  2.0374223E-02  1.6163627E+01  2.1297943E-19  4.5806836E+04  2.1297943E-21  4.5806836E+02       Infinity  1.0842060E+01
   29  7.2127663E+16  1.3697499E-01  4.8214365E+03  2.3374662E-02  1.8543986E+01  1.5092735E-19  3.2460901E+04  1.5092735E-21  3.2460901E+02       Infinity  1.1293156E+01
   30  8.2717866E+16  1.3661765E-01  5.5293478E+03  2.6806666E-02  2.1266722E+01  1.0747659E-19  2.3115670E+04  1.0747659E-21  2.3115670E+02       Infinity  1.1765004E+01
   31  9.4831301E+16  1.3630678E-01  6.3390809E+03  3.0732309E-02  2.4381080E+01  7.7050906E-20  1.6571826E+04  7.7050906E-22  1.6571826E+02       Infinity  1.2261584E+01
   32  1.0868706E+17  1.3603615E-01  7.2652812E+03  3.5222593E-02  2.7943389E+01  5.5682080E-20  1.1975898E+04  5.5682080E-22  1.1975898E+02       Infinity  1.2790509E+01
   33  1.1663075E+17  9.4487208E-03  7.7962841E+03  3.7796932E-02  2.9985708E+01  4.7259633E-20  1.0164429E+04  4.7259633E-22  1.0164429E+02       Infinity  1.3146243E+01
   34  1.2508675E+17  1.2639225E-01  8.3615330E+03  4.0537299E-02  3.2159742E+01  1.9838890E-21  4.2668758E+02  1.9838890E-23  4.2668758E+00       Infinity  1.3374881E+01
   35  1.4266402E+17  1.3559502E-01  9.5365005E+03  4.6233623E-02  3.6678848E+01  1.9838890E-21  4.2668758E+02  1.9838890E-23  4.2668758E+00       Infinity  1.3567196E+01
   36  1.6341544E+17  1.3559502E-01  1.0923648E+04  5.2958610E-02  4.2014029E+01  1.9838890E-21  4.2668758E+02  1.9838890E-23  4.2668758E+00       Infinity  1.3669889E+01
   37  1.8965030E+17  1.5982787E-01  1.2677340E+04  6.1460633E-02  4.8758999E+01  1.9838890E-21  4.2668758E+02  1.9838890E-23  4.2668758E+00       Infinity  1.3736520E+01
   38  2.2567081E+17  1.8491363E-01  1.5085162E+04  7.3133924E-02  5.8019854E+01  1.9838890E-21  4.2668758E+02  1.9838890E-23  4.2668758E+00       Infinity  1.3794496E+01
   39  2.7536493E+17  2.0938984E-01  1.8407008E+04  8.9238468E-02  7.0796186E+01  1.9838890E-21  4.2668758E+02  1.9838890E-23  4.2668758E+00       Infinity  1.3847918E+01
   40  3.4400057E+17  2.3143178E-01  2.2995018E+04  1.1148146E-01  8.8442375E+01  1.9838890E-21  4.2668758E+02  1.9838890E-23  4.2668758E+00       Infinity  1.3879803E+01
   41  4.3840289E+17  2.4906765E-01  2.9305423E+04  1.4207475E-01  1.1271316E+02  1.9838890E-21  4.2668758E+02  1.9838890E-23  4.2668758E+00       Infinity  1.3914330E+01
   42  5.6682850E+17  2.6050075E-01  3.7890145E+04  1.8369408E-01  1.4573133E+02  1.9838890E-21  4.2668758E+02  1.9838890E-23  4.2668758E+00       Infinity  1.3954399E+01
   43  7.3828285E+17  2.6446432E-01  4.9351161E+04  2.3925789E-01  1.8981216E+02  1.9838890E-21  4.2668758E+02  1.9838890E-23  4.2668758E+00       Infinity  1.4012774E+01
   44  9.6108991E+17  2.6050075E-01  6.4244892E+04  3.1146375E-01  2.4709574E+02  1.9838890E-21  4.2668758E+02  1.9838890E-23  4.2668758E+00       Infinity  1.4102092E+01
   45  1.2407929E+18  2.4906765E-01  8.2941883E+04  4.0210807E-01  3.1900724E+02  1.9838890E-21  4.2668758E+02  1.9838890E-23  4.2668758E+00       Infinity  1.4253659E+01
   46  1.5779019E+18  2.3143178E-01  1.0547623E+05  5.1135616E-01  4.0567780E+02  1.9838890E-21  4.2668758E+02  1.9838890E-23  4.2668758E+00       Infinity  1.4504327E+01
   47  1.9663579E+18  2.0938984E-01  1.3144291E+05  6.3724445E-01  5.0554965E+02  1.9838890E-21  4.2668758E+02  1.9838890E-23  4.2668758E+00       Infinity  1.4921073E+01
   48  2.3935232E+18  1.8491363E-01  1.5999714E+05  7.7567737E-01  6.1537362E+02  1.9838890E-21  4.2668758E+02  1.9838890E-23  4.2668758E+00       Infinity  1.5619591E+01
   49  2.8419306E+18  1.5982787E-01  1.8997132E+05  9.2099431E-01  7.3065894E+02  1.9838890E-21  4.2668758E+02  1.9838890E-23  4.2668758E+00       Infinity  1.6831847E+01
   50  3.2922465E+18  1.3559502E-01  2.2007309E+05  1.0669298E+00  8.4643495E+02  1.9838890E-21  4.2668758E+02  1.9838890E-23  4.2668758E+00       Infinity  1.9166748E+01
