! mass-weighted dust temperature of the middle part of the cylinder, |z| < 3.650 pc, against R
!        R(AU)    cells   frac T=0       T(K)     rms(K)
   1.96487e-01        1      0.993    26.9989     0.0000
   2.15444e-01        1      0.994    10.3742     0.0000
   3.74398e-01        1      0.995    11.9532     0.0000
   4.10520e-01        2      0.990    11.2048     1.4642
   4.29867e-01        1      0.995    23.6953     0.0000
   4.50126e-01        3      0.986    13.7356     1.1507
   4.71340e-01        2      0.991    16.9001     6.1660
   4.93553e-01        2      0.991    11.7554     1.0525
   5.16814e-01        1      0.995    22.9928     0.0000
   5.41170e-01        3      0.987    14.6662     5.4495
   5.66675e-01        4      0.983     5.3242     2.0075
   5.93381e-01        4      0.983     9.4643     0.4633
   6.21347e-01        3      0.988    13.5612     5.5274
   6.50630e-01        1      0.996    22.0887     0.0000
   6.81293e-01        4      0.984    14.1898     5.7729
   7.13401e-01        3      0.984    10.6957     2.9976
   7.47023e-01        5      0.980    13.9919     5.3800
   7.82229e-01        4      0.977    15.7454     4.6107
   8.19094e-01        4      0.981    12.3913     4.4103
   8.57697e-01        7      0.971    12.0987     4.1040
   8.98119e-01        5      0.967    10.4992     2.6976
   9.40446e-01        5      0.978    13.9049     3.5635
   9.84768e-01        7      0.975     9.8781     3.4527
   1.03118e+00       10      0.961     9.7635     3.8748
   1.07978e+00        8      0.968     8.6098     3.7933
   1.13066e+00       10      0.962    10.5665     4.5801
   1.18395e+00        5      0.976     9.1190     4.2304
   1.23975e+00       15      0.950     8.8811     3.7198
   1.29818e+00       14      0.947     8.4260     3.0903
   1.35936e+00       14      0.947     9.7539     3.5027
   1.42342e+00       14      0.948     8.4087     3.7678
   1.49051e+00       11      0.955     8.1182     3.4165
   1.56075e+00       17      0.931     8.1336     2.5900
   1.63431e+00       18      0.937     7.7086     3.2412
   1.71133e+00       17      0.915     8.7625     3.3277
   1.79198e+00       15      0.924     7.7927     3.4145
   1.87644e+00       23      0.901     8.4331     2.9743
   1.96487e+00       23      0.901     7.6318     2.7712
   2.05747e+00       27      0.881     8.5349     3.1033
   2.15444e+00       17      0.909     7.5450     3.1000
   2.25597e+00       26      0.890     7.9929     3.1913
   2.36229e+00       24      0.883     7.8154     2.7513
   2.47363e+00       31      0.860     8.3033     3.0872
   2.59020e+00       23      0.882     7.5771     3.3718
   2.71228e+00       23      0.880     8.1397     3.6172
   2.84010e+00       28      0.861     8.0084     2.7895
   2.97395e+00       35      0.842     7.6797     3.0926
   3.11411e+00       27      0.845     7.4098     2.9292
   3.26087e+00       26      0.856     7.6640     3.1545
   3.41455e+00       33      0.820     8.0127     2.8941
   3.57548e+00       35      0.821     7.1583     2.7184
   3.74398e+00       32      0.803     7.1623     2.7822
   3.92043e+00       28      0.818     7.3549     2.7859
   4.10520e+00       36      0.804     7.1550     2.9354
   4.29867e+00       37      0.781     7.5215     2.9387
   4.50126e+00       42      0.762     7.3883     3.0904
   4.71340e+00       34      0.759     7.3750     2.9890
   4.93553e+00       32      0.759     6.7330     2.8981
   5.16814e+00       42      0.728     7.1523     2.6571
   5.41170e+00       49      0.696     7.1129     3.0537
   5.66675e+00       36      0.709     7.0597     3.1643
   5.93381e+00       37      0.716     6.7830     2.8637
   6.21347e+00       49      0.653     7.6774     2.8146
   6.50630e+00       53      0.660     6.7806     2.7517
   6.81293e+00       49      0.634     7.0283     2.8999
   7.13401e+00       44      0.648     6.7238     2.7533
   7.47023e+00       59      0.604     6.5279     2.7708
   7.82229e+00       57      0.601     6.8574     2.7108
   8.19094e+00       62      0.578     6.6754     2.6775
   8.57697e+00       58      0.580     6.5601     2.9143
   8.98119e+00       62      0.566     6.7702     2.7833
   9.40446e+00       67      0.555     6.8773     2.4181
   9.84768e+00       73      0.532     6.5350     2.5892
   1.03118e+01       62      0.543     6.2027     2.7165
   1.07978e+01       66      0.532     6.5984     2.4739
   1.13066e+01       78      0.500     6.7084     2.3180
   1.18395e+01       80      0.502     6.6472     2.4899
   1.23975e+01       82      0.479     6.4209     2.6688
   1.29818e+01       83      0.469     6.7363     2.4945
   1.35936e+01       91      0.454     6.6500     2.4581
   1.42342e+01       91      0.451     6.6044     2.2312
   1.49051e+01       97      0.423     6.4323     2.6003
   1.56075e+01      101      0.416     6.7135     2.4660
   1.63431e+01      102      0.410     6.5187     2.3510
   1.71133e+01      109      0.390     6.4886     2.3717
   1.79198e+01      107      0.390     6.5734     2.3656
   1.87644e+01      118      0.359     6.1827     2.4424
   1.96487e+01      119      0.360     6.4032     2.1979
   2.05747e+01      119      0.351     6.3651     2.1383
   2.15444e+01      124      0.347     6.5592     2.2056
   2.25597e+01      134      0.316     6.4035     2.3392
   2.36229e+01      132      0.319     6.3999     2.1954
   2.47363e+01      137      0.314     6.4406     2.1962
   2.59020e+01      147      0.295     6.6702     2.0129
   2.71228e+01      144      0.292     6.5371     2.2285
   2.84010e+01      154      0.268     6.4621     2.0454
   2.97395e+01      154      0.269     6.4465     1.9447
   3.11411e+01      159      0.263     6.6134     1.7767
   3.26087e+01      173      0.234     6.4590     2.0012
   3.41455e+01      164      0.239     6.4187     1.9861
   3.57548e+01      183      0.211     6.4510     2.0896
   3.74398e+01      177      0.219     6.5115     2.0626
   3.92043e+01      190      0.200     6.5047     1.8557
   4.10520e+01      182      0.201     6.4995     1.8723
   4.29867e+01      191      0.192     6.5753     1.9211
   4.50126e+01      198      0.178     6.6405     1.8459
   4.71340e+01      201      0.173     6.7002     1.5912
   4.93553e+01      203      0.162     6.6908     1.7147
   5.16814e+01      204      0.162     6.7662     1.6230
   5.41170e+01      221      0.134     6.7014     1.6012
   5.66675e+01      229      0.127     6.7499     1.6394
   5.93381e+01      213      0.146     6.6959     1.4395
   6.21347e+01      231      0.115     6.7687     1.5077
   6.50630e+01      235      0.114     6.7955     1.5151
   6.81293e+01      223      0.128     6.7664     1.5224
   7.13401e+01      247      0.097     6.7276     1.4234
   7.47023e+01      245      0.094     6.8646     1.4264
   7.82229e+01      241      0.094     6.9226     1.5116
   8.19094e+01      256      0.072     6.8510     1.3630
   8.57697e+01      264      0.071     6.8958     1.4132
   8.98119e+01      255      0.077     6.8558     1.3664
   9.40446e+01      263      0.067     6.8160     1.2640
   9.84768e+01      256      0.078     6.8772     1.3820
   1.03118e+02      270      0.057     6.8713     1.2872
   1.07978e+02      269      0.053     6.8366     1.2435
   1.13066e+02      269      0.056     6.8538     1.3233
   1.18395e+02      279      0.046     6.8644     1.2559
   1.23975e+02      270      0.051     6.8644     1.3184
   1.29818e+02      281      0.043     6.8572     1.2027
   1.35936e+02      281      0.039     6.9483     1.1804
   1.42342e+02      287      0.026     6.9040     1.1479
   1.49051e+02      299      0.022     6.9547     1.0733
   1.56075e+02      290      0.017     6.9864     1.1091
   1.63431e+02      300      0.010     7.0074     1.0247
   1.71133e+02      301      0.022     7.0619     1.0567
   1.79198e+02      295      0.022     7.0970     1.0262
   1.87644e+02      311      0.015     7.0722     1.0735
   1.96487e+02      322      0.000     7.2210     1.1054
   2.05747e+02      322      0.010     7.2052     0.9642
   2.15444e+02      342      0.009     7.1771     0.9097
   2.25597e+02      330      0.016     7.2481     0.9080
   2.36229e+02      373      0.005     7.3027     0.8117
   2.47363e+02      340      0.006     7.1856     0.8601
   2.59020e+02      335      0.005     7.1092     0.9185
   2.71228e+02      350      0.012     7.2236     0.8451
   2.84010e+02      363      0.008     7.2166     0.7987
   2.97395e+02      359      0.005     7.1979     0.7548
   3.11411e+02      394      0.003     7.1319     0.7726
   3.26087e+02      380      0.003     7.2271     0.7208
   3.41455e+02      402      0.006     7.2173     0.7590
   3.57548e+02      429      0.001     7.2747     0.7448
   3.74398e+02      428      0.000     7.2534     0.6894
   3.92043e+02      475      0.001     7.2285     0.6974
   4.10520e+02      472      0.000     7.2420     0.6736
   4.29867e+02      500      0.003     7.2213     0.6033
   4.50126e+02      555      0.001     7.2717     0.7041
   4.71340e+02      597      0.003     7.2007     0.6263
   4.93553e+02      673      0.001     7.2549     0.6382
   5.16814e+02      673      0.001     7.2842     0.6835
   5.41170e+02      648      0.000     7.2684     0.6235
   5.66675e+02      675      0.001     7.2666     0.5826
   5.93381e+02      644      0.000     7.3106     0.5721
   6.21347e+02      656      0.000     7.2500     0.5670
   6.50630e+02      640      0.000     7.3307     0.5682
   6.81293e+02      632      0.000     7.3387     0.5167
   7.13401e+02      652      0.000     7.3127     0.5219
   7.47023e+02      642      0.000     7.3325     0.5383
   7.82229e+02      624      0.000     7.3700     0.4891
   8.19094e+02      650      0.000     7.3780     0.4967
   8.57697e+02      608      0.000     7.3620     0.4275
   8.98119e+02      624      0.000     7.3526     0.4132
   9.40446e+02      624      0.000     7.3794     0.4233
   9.84768e+02      602      0.000     7.3468     0.4083
   1.03118e+03      622      0.000     7.3677     0.4100
   1.07978e+03      606      0.000     7.4380     0.4292
   1.13066e+03      600      0.000     7.4119     0.3931
   1.18395e+03      606      0.000     7.3778     0.3726
   1.23975e+03      584      0.000     7.4263     0.3853
   1.29818e+03      598      0.000     7.4254     0.3683
   1.35936e+03      590      0.000     7.4139     0.3642
   1.42342e+03      580      0.000     7.3967     0.3370
   1.49051e+03      602      0.000     7.4028     0.3262
   1.56075e+03      562      0.000     7.4258     0.3625
   1.63431e+03      580      0.000     7.4851     0.3272
   1.71133e+03      574      0.000     7.4401     0.2989
   1.79198e+03      556      0.000     7.4628     0.3022
   1.87644e+03      570      0.000     7.4373     0.3048
   1.96487e+03      574      0.000     7.4618     0.2757
   2.05747e+03      542      0.000     7.5011     0.2761
   2.15444e+03      568      0.000     7.5304     0.2666
   2.25597e+03      540      0.000     7.5398     0.2605
   2.36229e+03      550      0.000     7.5320     0.2495
   2.47363e+03      536      0.000     7.5334     0.2467
   2.59020e+03      532      0.000     7.5480     0.2434
   2.71228e+03      544      0.000     7.5439     0.2493
   2.84010e+03      536      0.000     7.5586     0.2315
   2.97395e+03      518      0.000     7.5781     0.2007
   3.11411e+03      546      0.000     7.5971     0.2095
   3.26087e+03      502      0.000     7.5979     0.2217
   3.41455e+03      522      0.000     7.6166     0.2032
   3.57548e+03      518      0.000     7.6524     0.1947
   3.74398e+03      498      0.000     7.6450     0.1987
   3.92043e+03      520      0.000     7.6907     0.2002
   4.10520e+03      498      0.000     7.7034     0.1944
   4.29867e+03      492      0.000     7.7346     0.1982
   4.50126e+03      506      0.000     7.7691     0.1861
   4.71340e+03      480      0.000     7.7838     0.2170
   4.93553e+03      488      0.000     7.8005     0.1816
   5.16814e+03      494      0.000     7.8153     0.1705
   5.41170e+03      474      0.000     7.8147     0.1707
   5.66675e+03      492      0.000     7.8522     0.1742
   5.93381e+03      464      0.000     7.8938     0.1812
   6.21347e+03      476      0.000     7.9124     0.1650
   6.50630e+03      464      0.000     7.9257     0.1664
   6.81293e+03      458      0.000     7.9551     0.1735
   7.13401e+03      468      0.000     7.9915     0.1647
   7.47023e+03      462      0.000     7.9964     0.1576
   7.82229e+03      444      0.000     8.0322     0.1599
   8.19094e+03      452      0.000     8.0490     0.1508
   8.57697e+03      434      0.000     8.0908     0.1470
   8.98119e+03      442      0.000     8.1203     0.1430
   9.40446e+03      420      0.000     8.1439     0.1396
   9.84768e+03      416      0.000     8.1516     0.1314
   1.03118e+04      418      0.000     8.2040     0.1385
   1.07978e+04      414      0.000     8.2273     0.1321
   1.13066e+04      392      0.000     8.2516     0.1316
   1.18395e+04      404      0.000     8.2884     0.1339
   1.23975e+04      374      0.000     8.3235     0.1260
   1.29818e+04      386      0.000     8.3577     0.1160
   1.35936e+04      366      0.000     8.3891     0.1293
   1.42342e+04      360      0.000     8.4192     0.1156
   1.49051e+04      360      0.000     8.4697     0.1181
   1.56075e+04      340      0.000     8.4864     0.1071
   1.63431e+04      342      0.000     8.5374     0.1054
   1.71133e+04      322      0.000     8.5616     0.1097
   1.79198e+04      320      0.000     8.5851     0.0940
   1.87644e+04      318      0.000     8.6323     0.0986
   1.96487e+04      298      0.000     8.6584     0.0815
   2.05747e+04      296      0.000     8.7017     0.0869
   2.15444e+04      290      0.000     8.7395     0.0927
   2.25597e+04      270      0.000     8.7832     0.0901
   2.36229e+04      282      0.000     8.8184     0.0779
   2.47363e+04      246      0.000     8.8442     0.0814
   2.59020e+04      250      0.000     8.8756     0.0732
   2.71228e+04      250      0.000     8.9194     0.0746
   2.84010e+04      236      0.000     8.9507     0.0715
   2.97395e+04      228      0.000     8.9937     0.0696
   3.11411e+04      222      0.000     9.0428     0.0675
   3.26087e+04      206      0.000     9.0766     0.0672
   3.41455e+04      214      0.000     9.1090     0.0660
   3.57548e+04      188      0.000     9.1449     0.0583
   3.74398e+04      188      0.000     9.1840     0.0657
   3.92043e+04      184      0.000     9.2247     0.0542
   4.10520e+04      174      0.000     9.2630     0.0493
   4.29867e+04      168      0.000     9.2806     0.0489
   4.50126e+04      162      0.000     9.3189     0.0504
   4.71340e+04      150      0.000     9.3495     0.0470
   4.93553e+04      156      0.000     9.3898     0.0483
   5.16814e+04      136      0.000     9.4218     0.0415
   5.41170e+04      138      0.000     9.4453     0.0445
   5.66675e+04      136      0.000     9.4861     0.0460
   5.93381e+04      118      0.000     9.5131     0.0359
   6.21347e+04      130      0.000     9.5410     0.0412
   6.50630e+04      106      0.000     9.5591     0.0410
   6.81293e+04      108      0.000     9.5857     0.0390
   7.13401e+04      114      0.000     9.6120     0.0341
   7.47023e+04       94      0.000     9.6337     0.0356
   7.82229e+04       98      0.000     9.6547     0.0338
   8.19094e+04       94      0.000     9.6700     0.0317
   8.57697e+04       84      0.000     9.6740     0.0298
   8.98119e+04       94      0.000     9.6812     0.0252
   9.40446e+04       74      0.000     9.6799     0.0229
   9.84768e+04       74      0.000     9.6820     0.0230
   1.03118e+05       80      0.000     9.6638     0.0250
   1.07978e+05       68      0.000     9.6904     0.0252
   1.13066e+05       68      0.000     9.7401     0.0332
   1.18395e+05       64      0.000     9.8105     0.0373
   1.23975e+05       60      0.000     9.9090     0.0407
   1.29818e+05       68      0.000    10.0314     0.0468
   1.35936e+05       50      0.000    10.1737     0.0455
   1.42342e+05       54      0.000    10.3413     0.0630
   1.49051e+05       56      0.000    10.5663     0.0752
   1.56075e+05       42      0.000    10.8257     0.0751
   1.63431e+05       54      0.000    11.1905     0.1361
   1.71133e+05       44      0.000    11.6688     0.1545
   1.79198e+05       38      0.000    12.3169     0.2025
   1.87644e+05       50      0.000    13.4405     0.4668
   1.96487e+05       32      0.000    15.5165     0.6116
   2.05747e+05       32      0.000    18.5058     0.8925
