! mass-weighted dust temperature of the middle part of the cylinder, |z| < 2.032 pc, against R
!        R(AU)    cells   frac T=0       T(K)     rms(K)
   1.78123e-01       63      0.984     5.5436     0.0000
   2.24243e-01       72      0.986     5.9992     0.0000
   2.69599e-01       81      0.988     6.7792     0.0000
   2.82305e-01       83      0.988    55.8167     0.0000
   2.95610e-01       84      0.976    11.0335     1.8577
   3.09542e-01       88      0.989    45.3053     0.0000
   3.24130e-01       86      0.977    29.7479     0.6631
   3.39406e-01       90      0.967    10.2867     2.0026
   3.55401e-01       94      0.979    27.0788     8.0979
   3.72151e-01       92      0.967    14.0370    11.2457
   3.89690e-01      100      0.980    10.1662    11.7766
   4.08055e-01       95      0.979    10.5909     7.2992
   4.27286e-01      104      0.981    24.7551     7.9902
   4.47424e-01       99      0.970    13.1141    10.5448
   4.68510e-01      108      0.963     9.6524     8.6288
   4.90590e-01      104      0.962     4.1874     1.3261
   5.13711e-01      111      0.955    10.6669     0.7221
   5.37922e-01      108      0.981    23.1019     7.6283
   5.63273e-01      115      0.948     4.4234     1.5937
   5.89819e-01      112      0.946     9.1345     7.0235
   6.17617e-01      120      0.950     8.5013     5.4988
   6.46724e-01      115      0.939     4.1501     2.8560
   6.77203e-01      122      0.951    16.3085     8.8339
   7.09119e-01      121      0.934     9.8153     5.1210
   7.42538e-01      124      0.919     7.3124     2.3558
   7.77533e-01      128      0.922    11.6467     7.7656
   8.14177e-01      126      0.921     9.1600     1.9839
   8.52548e-01      133      0.925     8.2304     2.0860
   8.92728e-01      130      0.900     8.2497     1.6680
   9.34800e-01      138      0.920    11.9691     6.9862
   9.78856e-01      134      0.896    13.6268     6.0950
   1.02499e+00      141      0.922    17.5350     2.5784
   1.07329e+00      138      0.899     9.7520     2.0218
   1.12388e+00      145      0.883    10.1515     3.2544
   1.17684e+00      143      0.888     7.6278     2.0726
   1.23231e+00      149      0.866    11.1618     3.6641
   1.29038e+00      146      0.904     2.9173     2.2435
   1.35120e+00      151      0.874    14.2949     1.7928
   1.41488e+00      152      0.862     6.6945     1.6378
   1.48156e+00      154      0.870    11.3710     5.1772
   1.55138e+00      158      0.854    11.2490     3.7479
   1.62450e+00      155      0.858     9.9650     3.8180
   1.70106e+00      164      0.823    10.1559     4.4107
   1.78123e+00      159      0.811     9.0610     1.8264
   1.86517e+00      170      0.818     7.0956     1.8727
   1.95308e+00      162      0.802    10.5353     3.0203
   2.04512e+00      173      0.792     9.5842     3.2844
   2.14150e+00      166      0.783     9.1388     2.7236
   2.24243e+00      177      0.740    10.0069     5.9965
   2.34811e+00      172      0.750    10.7164     4.3907
   2.45878e+00      180      0.706    11.5193     3.7918
   2.57465e+00      175      0.674    11.9805     3.0609
   2.69599e+00      182      0.670     8.3176     1.6861
   2.82305e+00      181      0.619    12.4276     4.5177
   2.95610e+00      185      0.638    12.3724     2.1697
   3.09542e+00      187      0.636    13.5217     2.6439
   3.24130e+00      186      0.602     9.0120     3.7319
   3.39406e+00      193      0.580    10.1305     2.2314
   3.55401e+00      189      0.540    11.5533     2.0626
   3.72151e+00      200      0.545    11.7096     2.5621
   3.89690e+00      192      0.516    10.5934     1.9054
   4.08055e+00      204      0.505    10.4694     1.8706
   4.27286e+00      195      0.497    13.3787     2.3146
   4.47424e+00      208      0.457    10.4952     4.4807
   4.68510e+00      201      0.463    10.9226     2.1502
   4.90590e+00      211      0.455    12.1618     2.3333
   5.13711e+00      205      0.459    12.7671     2.1784
   5.37922e+00      212      0.443    11.5727     2.0706
   5.63273e+00      211      0.398    12.7811     2.0486
   5.89819e+00      215      0.428    11.0205     2.1698
   6.17617e+00      217      0.406    12.7128     2.1477
   6.46724e+00      217      0.387    11.7687     2.3668
   6.77203e+00      222      0.374    11.5699     2.0628
   7.09119e+00      219      0.347    11.6314     1.7831
   7.42538e+00      230      0.357    10.9989     2.1851
   7.77533e+00      222      0.329    11.7808     2.2827
   8.14177e+00      235      0.323    11.4178     1.8254
   8.52548e+00      224      0.321    12.9511     1.8441
   8.92728e+00      239      0.314    12.4349     1.4563
   9.34800e+00      230      0.278    12.0258     1.8756
   9.78856e+00      242      0.277    11.9055     1.5271
   1.02499e+01      235      0.260    12.1160     1.5077
   1.07329e+01      242      0.244    12.3845     1.3884
   1.12388e+01      241      0.249    12.5007     1.5654
   1.17684e+01      245      0.208    11.9826     1.5409
   1.23231e+01      247      0.194    11.8688     1.4144
   1.29038e+01      248      0.185    12.4831     1.2878
   1.35120e+01      251      0.171    12.1689     1.2662
   1.41488e+01      250      0.168    12.2785     1.0845
   1.48156e+01      259      0.154    12.2973     1.4092
   1.55138e+01      251      0.163    12.5902     1.0749
   1.62450e+01      266      0.147    12.0674     1.1986
   1.70106e+01      254      0.122    12.4787     1.2900
   1.78123e+01      270      0.119    11.9900     1.0761
   1.86517e+01      258      0.124    12.0376     0.8257
   1.95308e+01      274      0.102    12.1191     0.9853
   2.04512e+01      260      0.096    11.8002     1.9336
   2.14150e+01      275      0.095    11.8767     1.8705
   2.24243e+01      264      0.087    11.8516     1.7978
   2.34811e+01      275      0.084    11.9833     1.7559
   2.45878e+01      272      0.085    12.0346     1.8626
   2.57465e+01      277      0.079    12.1129     1.6218
   2.69599e+01      278      0.072    12.1917     1.6203
   2.82305e+01      278      0.072    12.2870     1.5084
   2.95610e+01      285      0.084    12.2906     1.5227
   3.09542e+01      280      0.082    12.3202     1.4561
   3.24130e+01      292      0.082    12.3818     1.3674
   3.39406e+01      283      0.057    12.4612     1.3497
   3.55401e+01      296      0.044    12.3625     1.2943
   3.72151e+01      287      0.042    12.4219     1.1928
   3.89690e+01      301      0.033    12.3588     1.2570
   4.08055e+01      290      0.034    12.3701     1.1213
   4.27286e+01      302      0.013    12.3720     1.1123
   4.47424e+01      289      0.028    12.3719     1.0343
   4.68510e+01      301      0.027    12.3751     0.9827
   4.90590e+01      291      0.027    12.3622     1.0066
   5.13711e+01      297      0.013    12.3507     0.9258
   5.37922e+01      295      0.020    12.5075     0.9370
   5.63273e+01      293      0.020    12.4185     0.8653
   5.89819e+01      298      0.023    12.4350     0.9029
   6.17617e+01      291      0.021    12.4456     0.8726
   6.46724e+01      301      0.017    12.4181     0.8585
   6.77203e+01      291      0.007    12.5017     0.8209
   7.09119e+01      300      0.020    12.4699     0.8152
   7.42538e+01      291      0.027    12.4867     0.7712
   7.77533e+01      300      0.007    12.4851     0.7607
   8.14177e+01      290      0.007    12.4201     0.7290
   8.52548e+01      304      0.010    12.5070     0.7006
   8.92728e+01      289      0.010    12.4222     0.6792
   9.34800e+01      304      0.007    12.4258     0.6757
   9.78856e+01      289      0.003    12.4846     0.6643
   1.02499e+02      301      0.000    12.4095     0.6006
   1.07329e+02      294      0.003    12.4471     0.6108
   1.12388e+02      296      0.000    12.4709     0.5874
   1.17684e+02      299      0.000    12.5361     0.6379
   1.23231e+02      293      0.003    12.5550     0.6155
   1.29038e+02      303      0.000    12.4684     0.5932
   1.35120e+02      291      0.000    12.5122     0.5858
   1.41488e+02      306      0.000    12.5129     0.5210
   1.48156e+02      290      0.000    12.5275     0.5503
   1.55138e+02      307      0.000    12.5486     0.5163
   1.62450e+02      291      0.000    12.5158     0.5409
   1.70106e+02      308      0.000    12.5174     0.5091
   1.78123e+02      296      0.000    12.5030     0.4881
   1.86517e+02      311      0.000    12.5309     0.5032
   1.95308e+02      299      0.000    12.5425     0.4711
   2.04512e+02      319      0.000    12.5056     0.4765
   2.14150e+02      303      0.000    12.5194     0.4414
   2.24243e+02      325      0.000    12.5181     0.4284
   2.34811e+02      324      0.000    12.4778     0.4285
   2.45878e+02      324      0.000    12.5080     0.3992
   2.57465e+02      316      0.000    12.5192     0.3883
   2.69599e+02      323      0.000    12.5213     0.4093
   2.82305e+02      329      0.000    12.5679     0.3853
   2.95610e+02      329      0.000    12.5433     0.3722
   3.09542e+02      340      0.000    12.5673     0.3623
   3.24130e+02      339      0.000    12.5799     0.3602
   3.39406e+02      354      0.000    12.5760     0.3460
   3.55401e+02      352      0.000    12.5581     0.3192
   3.72151e+02      371      0.000    12.5529     0.3243
   3.89690e+02      372      0.000    12.5414     0.3199
   4.08055e+02      392      0.000    12.5779     0.2999
   4.27286e+02      397      0.000    12.5810     0.3069
   4.47424e+02      423      0.000    12.5772     0.2795
   4.68510e+02      442      0.000    12.5834     0.2674
   4.90590e+02      494      0.000    12.5749     0.2709
   5.13711e+02      480      0.000    12.6112     0.2470
   5.37922e+02      489      0.000    12.5995     0.2370
   5.63273e+02      476      0.000    12.6145     0.2608
   5.89819e+02      483      0.000    12.6012     0.2491
   6.17617e+02      475      0.000    12.6218     0.2508
   6.46724e+02      478      0.000    12.6197     0.2468
   6.77203e+02      471      0.000    12.6360     0.2366
   7.09119e+02      474      0.000    12.6555     0.2274
   7.42538e+02      467      0.000    12.6605     0.2178
   7.77533e+02      469      0.000    12.6631     0.2157
   8.14177e+02      464      0.000    12.6899     0.2212
   8.52548e+02      466      0.000    12.6919     0.1844
   8.92728e+02      461      0.000    12.7202     0.1978
   9.34800e+02      460      0.000    12.7343     0.1885
   9.78856e+02      452      0.000    12.7351     0.1824
   1.02499e+03      461      0.000    12.7557     0.1712
   1.07329e+03      446      0.000    12.7711     0.1639
   1.12388e+03      458      0.000    12.7799     0.1639
   1.17684e+03      443      0.000    12.8196     0.1540
   1.23231e+03      455      0.000    12.8342     0.1556
   1.29038e+03      439      0.000    12.8608     0.1532
   1.35120e+03      450      0.000    12.8943     0.1468
   1.41488e+03      435      0.000    12.9035     0.1440
   1.48156e+03      447      0.000    12.9463     0.1414
   1.55138e+03      431      0.000    12.9606     0.1347
   1.62450e+03      442      0.000    13.0032     0.1276
   1.70106e+03      428      0.000    13.0417     0.1252
   1.78123e+03      438      0.000    13.0707     0.1215
   1.86517e+03      424      0.000    13.1104     0.1207
   1.95308e+03      430      0.000    13.1652     0.1172
   2.04512e+03      421      0.000    13.2141     0.1100
   2.14150e+03      426      0.000    13.2642     0.1112
   2.24243e+03      418      0.000    13.3132     0.1111
   2.34811e+03      421      0.000    13.3746     0.1072
   2.45878e+03      417      0.000    13.4390     0.1051
   2.57465e+03      415      0.000    13.4875     0.1068
   2.69599e+03      413      0.000    13.5621     0.0997
   2.82305e+03      414      0.000    13.6246     0.1031
   2.95610e+03      408      0.000    13.6914     0.1005
   3.09542e+03      410      0.000    13.7590     0.0931
   3.24130e+03      403      0.000    13.8313     0.0881
   3.39406e+03      406      0.000    13.9072     0.0822
   3.55401e+03      399      0.000    13.9910     0.0866
   3.72151e+03      402      0.000    14.0793     0.0811
   3.89690e+03      394      0.000    14.1668     0.0844
   4.08055e+03      395      0.000    14.2620     0.0838
   4.27286e+03      391      0.000    14.3432     0.0742
   4.47424e+03      395      0.000    14.4459     0.0763
   4.68510e+03      385      0.000    14.5415     0.0758
   4.90590e+03      392      0.000    14.6478     0.0683
   5.13711e+03      381      0.000    14.7455     0.0747
   5.37922e+03      389      0.000    14.8468     0.0682
   5.63273e+03      377      0.000    14.9510     0.0662
   5.89819e+03      383      0.000    15.0626     0.0670
   6.17617e+03      374      0.000    15.1710     0.0612
   6.46724e+03      378      0.000    15.2809     0.0660
   6.77203e+03      371      0.000    15.3939     0.0661
   7.09119e+03      371      0.000    15.5019     0.0641
   7.42538e+03      371      0.000    15.6157     0.0631
   7.77533e+03      366      0.000    15.7299     0.0608
   8.14177e+03      367      0.000    15.8469     0.0584
   8.52548e+03      363      0.000    15.9627     0.0570
   8.92728e+03      361      0.000    16.0783     0.0555
   9.34800e+03      358      0.000    16.2014     0.0549
   9.78856e+03      360      0.000    16.3134     0.0557
   1.02499e+04      352      0.000    16.4254     0.0550
   1.07329e+04      355      0.000    16.5458     0.0466
   1.12388e+04      349      0.000    16.6633     0.0479
   1.17684e+04      352      0.000    16.7792     0.0516
   1.23231e+04      346      0.000    16.8900     0.0528
   1.29038e+04      346      0.000    17.0128     0.0492
   1.35120e+04      342      0.000    17.1280     0.0478
   1.41488e+04      342      0.000    17.2393     0.0479
   1.48156e+04      340      0.000    17.3524     0.0440
   1.55138e+04      337      0.000    17.4661     0.0441
   1.62450e+04      335      0.000    17.5806     0.0451
   1.70106e+04      335      0.000    17.6889     0.0438
   1.78123e+04      330      0.000    17.8004     0.0440
   1.86517e+04      331      0.000    17.9070     0.0438
   1.95308e+04      324      0.000    18.0110     0.0395
   2.04512e+04      328      0.000    18.1211     0.0419
   2.14150e+04      320      0.000    18.2202     0.0403
   2.24243e+04      325      0.000    18.3254     0.0390
   2.34811e+04      316      0.000    18.4318     0.0408
   2.45878e+04      319      0.000    18.5264     0.0396
   2.57465e+04      314      0.000    18.6258     0.0391
   2.69599e+04      316      0.000    18.7227     0.0360
   2.82305e+04      309      0.000    18.8207     0.0375
   2.95610e+04      313      0.000    18.9140     0.0381
   3.09542e+04      303      0.000    19.0056     0.0394
   3.24130e+04      309      0.000    19.0944     0.0371
   3.39406e+04      300      0.000    19.1821     0.0324
   3.55401e+04      305      0.000    19.2772     0.0345
   3.72151e+04      296      0.000    19.3618     0.0349
   3.89690e+04      299      0.000    19.4472     0.0361
   4.08055e+04      294      0.000    19.5280     0.0357
   4.27286e+04      293      0.000    19.6097     0.0338
   4.47424e+04      292      0.000    19.6925     0.0343
   4.68510e+04      290      0.000    19.7682     0.0331
   4.90590e+04      288      0.000    19.8489     0.0357
   5.13711e+04      287      0.000    19.9264     0.0334
   5.37922e+04      283      0.000    20.0021     0.0330
   5.63273e+04      284      0.000    20.0759     0.0335
   5.89819e+04      277      0.000    20.1417     0.0311
   6.17617e+04      281      0.000    20.2192     0.0328
   6.46724e+04      272      0.000    20.2867     0.0315
   6.77203e+04      277      0.000    20.3546     0.0320
   7.09119e+04      269      0.000    20.4222     0.0312
   7.42538e+04      272      0.000    20.4902     0.0321
   7.77533e+04      266      0.000    20.5616     0.0333
   8.14177e+04      267      0.000    20.6264     0.0296
   8.52548e+04      261      0.000    20.6968     0.0324
   8.92728e+04      266      0.000    20.7604     0.0318
   9.34800e+04      256      0.000    20.8348     0.0355
   9.78856e+04      263      0.000    20.9042     0.0343
   1.02499e+05      232      0.000    20.9778     0.0333
   1.07329e+05        4      0.000    21.0633     0.0342
