! Date: 14/08/2026  Time: 20:22:17  Created by RADMC3D compiled on Aug 14 2026 12:46    
! Alexander Men’shchikov, DAp IRFU CEA Saclay, France                         
!
! RADIAL PROFILES OF SURFACE DENSITIES (cm^-2)
!
! Distance (pc): 2.60000000E+02  Mass-averaged Tdust (K): 1.19813277E+01
!
!   N   RADIUS(au)     RADIUS(pc)     RADIUS(as)      PROFILE        SLOPE          PROFILEBS      SLOPEBS
!
    1  3.6093034E+01  1.7498156E-04  1.3881936E-01  1.4173482E+22  3.9295484E-03  1.2674509E+22  4.3974828E-03
    2  8.1542696E+02  3.9532471E-03  3.1362575E+00  1.4000904E+22  3.9295484E-03  1.2501931E+22  4.3974828E-03
    3  1.5947609E+03  7.7315127E-03  6.1336957E+00  1.3502342E+22  3.9295484E-03  1.2003369E+22  4.3974828E-03
    4  2.3740948E+03  1.1509778E-02  9.1311339E+00  1.2731380E+22  3.9295484E-03  1.1232407E+22  4.3974828E-03
    5  3.1534287E+03  1.5288044E-02  1.2128572E+01  1.1764167E+22  5.4055649E-02  1.0265194E+22  6.0670471E-02
    6  3.9327627E+03  1.9066309E-02  1.5126010E+01  1.0689290E+22  1.4776190E-01  9.1903172E+21  1.6683977E-01
    7  4.7120966E+03  2.2844575E-02  1.8123448E+01  9.5586353E+21  2.7833332E-01  8.0596624E+21  3.1719753E-01
    8  5.4914305E+03  2.6622840E-02  2.1120887E+01  8.4002384E+21  4.3384697E-01  6.9012655E+21  5.0082675E-01
    9  6.2707644E+03  3.0401106E-02  2.4118325E+01  7.3299755E+21  6.1837964E-01  5.8310026E+21  7.2613642E-01
   10  7.0500984E+03  3.4179372E-02  2.7115763E+01  6.2558688E+21  8.4403755E-01  4.7568958E+21  1.0137925E+00
   11  7.8294323E+03  3.7957637E-02  3.0113201E+01  5.2773050E+21  1.0269644E+00  3.7783321E+21  1.2698101E+00
   12  8.6087662E+03  4.1735903E-02  3.3110639E+01  4.2999455E+21  1.3526352E+00  2.8009725E+21  1.7379879E+00
   13  9.3881001E+03  4.5514168E-02  3.6108077E+01  3.2393729E+21  1.6223845E+00  1.7403999E+21  2.1966247E+00
   14  1.0167434E+04  4.9292434E-02  3.9105516E+01  1.4991446E+21  2.1584049E+00  1.0000000E-99  2.1966247E+00
   15  1.0946768E+04  5.3070699E-02  4.2102954E+01  1.4990079E+21  2.1584049E+00  1.0000000E-99  1.0000000E-99
   16  1.1726102E+04  5.6848965E-02  4.5100392E+01  1.4988611E+21  1.4244446E-03  1.0000000E-99  1.0000000E-99
   17  1.2505436E+04  6.0627230E-02  4.8097830E+01  1.4987041E+21  1.4244446E-03  1.0000000E-99  1.0000000E-99
   18  1.3284770E+04  6.4405496E-02  5.1095268E+01  1.4985370E+21  1.4244446E-03  1.0000000E-99  1.0000000E-99
   19  1.4064104E+04  6.8183761E-02  5.4092706E+01  1.4983597E+21  1.6277701E-03  1.0000000E-99  1.0000000E-99
   20  1.4843438E+04  7.1962027E-02  5.7090145E+01  1.4981723E+21  1.8447208E-03  1.0000000E-99  1.0000000E-99
   21  1.5622772E+04  7.5740293E-02  6.0087583E+01  1.4979747E+21  2.0753141E-03  1.0000000E-99  1.0000000E-99
   22  1.6402105E+04  7.9518558E-02  6.3085021E+01  1.4977669E+21  2.3195690E-03  1.0000000E-99  1.0000000E-99
   23  1.7181439E+04  8.3296824E-02  6.6082459E+01  1.4975490E+21  2.5775052E-03  1.0000000E-99  1.0000000E-99
   24  1.7960773E+04  8.7075089E-02  6.9079897E+01  1.4973209E+21  2.8491438E-03  1.0000000E-99  1.0000000E-99
   25  1.8740107E+04  9.0853355E-02  7.2077335E+01  1.4970827E+21  3.1345069E-03  1.0000000E-99  1.0000000E-99
   26  1.9519441E+04  9.4631620E-02  7.5074774E+01  1.4968342E+21  3.4336179E-03  1.0000000E-99  1.0000000E-99
   27  2.0298775E+04  9.8409886E-02  7.8072212E+01  1.4965756E+21  3.7465012E-03  1.0000000E-99  1.0000000E-99
   28  2.1078109E+04  1.0218815E-01  8.1069650E+01  1.4963068E+21  4.0731823E-03  1.0000000E-99  1.0000000E-99
   29  2.1857443E+04  1.0596642E-01  8.4067088E+01  1.4960278E+21  4.4136881E-03  1.0000000E-99  1.0000000E-99
   30  2.2636777E+04  1.0974468E-01  8.7064526E+01  1.4957386E+21  4.7680464E-03  1.0000000E-99  1.0000000E-99
   31  2.3416111E+04  1.1352295E-01  9.0061965E+01  1.4954392E+21  5.1362863E-03  1.0000000E-99  1.0000000E-99
   32  2.4195445E+04  1.1730121E-01  9.3059403E+01  1.4951296E+21  5.5184381E-03  1.0000000E-99  1.0000000E-99
   33  2.4974779E+04  1.2107948E-01  9.6056841E+01  1.4948097E+21  5.9145331E-03  1.0000000E-99  1.0000000E-99
   34  2.5754113E+04  1.2485774E-01  9.9054279E+01  1.4944796E+21  6.3246040E-03  1.0000000E-99  1.0000000E-99
   35  2.6533446E+04  1.2863601E-01  1.0205172E+02  1.4941393E+21  6.7486845E-03  1.0000000E-99  1.0000000E-99
   36  2.7312780E+04  1.3241428E-01  1.0504916E+02  1.4937888E+21  7.1868097E-03  1.0000000E-99  1.0000000E-99
   37  2.8092114E+04  1.3619254E-01  1.0804659E+02  1.4934280E+21  7.6390158E-03  1.0000000E-99  1.0000000E-99
   38  2.8871448E+04  1.3997081E-01  1.1104403E+02  1.4930570E+21  8.1053401E-03  1.0000000E-99  1.0000000E-99
   39  2.9650782E+04  1.4374907E-01  1.1404147E+02  1.4926757E+21  8.5858214E-03  1.0000000E-99  1.0000000E-99
   40  3.0430116E+04  1.4752734E-01  1.1703891E+02  1.4922841E+21  9.0804995E-03  1.0000000E-99  1.0000000E-99
   41  3.1209450E+04  1.5130560E-01  1.2003635E+02  1.4918822E+21  9.5894154E-03  1.0000000E-99  1.0000000E-99
   42  3.1988784E+04  1.5508387E-01  1.2303378E+02  1.4914701E+21  1.0112612E-02  1.0000000E-99  1.0000000E-99
   43  3.2768118E+04  1.5886213E-01  1.2603122E+02  1.4910477E+21  1.0650132E-02  1.0000000E-99  1.0000000E-99
   44  3.3547452E+04  1.6264040E-01  1.2902866E+02  1.4906149E+21  1.1202020E-02  1.0000000E-99  1.0000000E-99
   45  3.4326786E+04  1.6641867E-01  1.3202610E+02  1.4901719E+21  1.1768324E-02  1.0000000E-99  1.0000000E-99
   46  3.5106120E+04  1.7019693E-01  1.3502354E+02  1.4897185E+21  1.2349090E-02  1.0000000E-99  1.0000000E-99
   47  3.5885454E+04  1.7397520E-01  1.3802098E+02  1.4892548E+21  1.2944366E-02  1.0000000E-99  1.0000000E-99
   48  3.6664787E+04  1.7775346E-01  1.4101841E+02  1.4887808E+21  1.3554204E-02  1.0000000E-99  1.0000000E-99
   49  3.7444121E+04  1.8153173E-01  1.4401585E+02  1.4882964E+21  1.4178654E-02  1.0000000E-99  1.0000000E-99
   50  3.8223455E+04  1.8530999E-01  1.4701329E+02  1.4878016E+21  1.4817769E-02  1.0000000E-99  1.0000000E-99
   51  3.9002789E+04  1.8908826E-01  1.5001073E+02  1.4872965E+21  1.5471604E-02  1.0000000E-99  1.0000000E-99
   52  3.9782123E+04  1.9286652E-01  1.5300817E+02  1.4867810E+21  1.6140212E-02  1.0000000E-99  1.0000000E-99
   53  4.0561457E+04  1.9664479E-01  1.5600560E+02  1.4862551E+21  1.6823652E-02  1.0000000E-99  1.0000000E-99
   54  4.1340791E+04  2.0042306E-01  1.5900304E+02  1.4857188E+21  1.7521980E-02  1.0000000E-99  1.0000000E-99
   55  4.2120125E+04  2.0420132E-01  1.6200048E+02  1.4851721E+21  1.8235258E-02  1.0000000E-99  1.0000000E-99
   56  4.2899459E+04  2.0797959E-01  1.6499792E+02  1.4846150E+21  1.8963545E-02  1.0000000E-99  1.0000000E-99
   57  4.3678793E+04  2.1175785E-01  1.6799536E+02  1.4840474E+21  1.9706903E-02  1.0000000E-99  1.0000000E-99
   58  4.4458127E+04  2.1553612E-01  1.7099280E+02  1.4834694E+21  2.0465397E-02  1.0000000E-99  1.0000000E-99
   59  4.5237461E+04  2.1931438E-01  1.7399023E+02  1.4828809E+21  2.1239092E-02  1.0000000E-99  1.0000000E-99
   60  4.6016795E+04  2.2309265E-01  1.7698767E+02  1.4822819E+21  2.2028054E-02  1.0000000E-99  1.0000000E-99
   61  4.6796129E+04  2.2687091E-01  1.7998511E+02  1.4816725E+21  2.2832351E-02  1.0000000E-99  1.0000000E-99
   62  4.7575462E+04  2.3064918E-01  1.8298255E+02  1.4810525E+21  2.3652053E-02  1.0000000E-99  1.0000000E-99
   63  4.8354796E+04  2.3442745E-01  1.8597999E+02  1.4804221E+21  2.4487230E-02  1.0000000E-99  1.0000000E-99
   64  4.9134130E+04  2.3820571E-01  1.8897742E+02  1.4797811E+21  2.5337957E-02  1.0000000E-99  1.0000000E-99
   65  4.9913464E+04  2.4198398E-01  1.9197486E+02  1.4791296E+21  2.6204305E-02  1.0000000E-99  1.0000000E-99
   66  5.0692798E+04  2.4576224E-01  1.9497230E+02  1.4784675E+21  2.7086352E-02  1.0000000E-99  1.0000000E-99
   67  5.1472132E+04  2.4954051E-01  1.9796974E+02  1.4777948E+21  2.7984174E-02  1.0000000E-99  1.0000000E-99
   68  5.2251466E+04  2.5331877E-01  2.0096718E+02  1.4771116E+21  2.8897850E-02  1.0000000E-99  1.0000000E-99
   69  5.3030800E+04  2.5709704E-01  2.0396462E+02  1.4764178E+21  2.9827461E-02  1.0000000E-99  1.0000000E-99
   70  5.3810134E+04  2.6087530E-01  2.0696205E+02  1.4757133E+21  3.0773088E-02  1.0000000E-99  1.0000000E-99
   71  5.4589468E+04  2.6465357E-01  2.0995949E+02  1.4749982E+21  3.1734816E-02  1.0000000E-99  1.0000000E-99
   72  5.5368802E+04  2.6843184E-01  2.1295693E+02  1.4742725E+21  3.2712729E-02  1.0000000E-99  1.0000000E-99
   73  5.6148136E+04  2.7221010E-01  2.1595437E+02  1.4735362E+21  3.3706914E-02  1.0000000E-99  1.0000000E-99
   74  5.6927470E+04  2.7598837E-01  2.1895181E+02  1.4727891E+21  3.4717460E-02  1.0000000E-99  1.0000000E-99
   75  5.7706803E+04  2.7976663E-01  2.2194924E+02  1.4720314E+21  3.5744458E-02  1.0000000E-99  1.0000000E-99
   76  5.8486137E+04  2.8354490E-01  2.2494668E+02  1.4712629E+21  3.6787999E-02  1.0000000E-99  1.0000000E-99
   77  5.9265471E+04  2.8732316E-01  2.2794412E+02  1.4704838E+21  3.7848178E-02  1.0000000E-99  1.0000000E-99
   78  6.0044805E+04  2.9110143E-01  2.3094156E+02  1.4696938E+21  3.8925090E-02  1.0000000E-99  1.0000000E-99
   79  6.0824139E+04  2.9487969E-01  2.3393900E+02  1.4688932E+21  4.0018833E-02  1.0000000E-99  1.0000000E-99
   80  6.1603473E+04  2.9865796E-01  2.3693643E+02  1.4680817E+21  4.1129505E-02  1.0000000E-99  1.0000000E-99
   81  6.2382807E+04  3.0243623E-01  2.3993387E+02  1.4672595E+21  4.2257209E-02  1.0000000E-99  1.0000000E-99
   82  6.3162141E+04  3.0621449E-01  2.4293131E+02  1.4664264E+21  4.3402046E-02  1.0000000E-99  1.0000000E-99
   83  6.3941475E+04  3.0999276E-01  2.4592875E+02  1.4655825E+21  4.4564122E-02  1.0000000E-99  1.0000000E-99
   84  6.4720809E+04  3.1377102E-01  2.4892619E+02  1.4647278E+21  4.5743545E-02  1.0000000E-99  1.0000000E-99
   85  6.5500143E+04  3.1754929E-01  2.5192363E+02  1.4638622E+21  4.6940422E-02  1.0000000E-99  1.0000000E-99
   86  6.6279477E+04  3.2132755E-01  2.5492106E+02  1.4629857E+21  4.8154864E-02  1.0000000E-99  1.0000000E-99
   87  6.7058811E+04  3.2510582E-01  2.5791850E+02  1.4620983E+21  4.9386984E-02  1.0000000E-99  1.0000000E-99
   88  6.7838144E+04  3.2888408E-01  2.6091594E+02  1.4612000E+21  5.0636897E-02  1.0000000E-99  1.0000000E-99
   89  6.8617478E+04  3.3266235E-01  2.6391338E+02  1.4602907E+21  5.1904720E-02  1.0000000E-99  1.0000000E-99
   90  6.9396812E+04  3.3644062E-01  2.6691082E+02  1.4593705E+21  5.3190572E-02  1.0000000E-99  1.0000000E-99
   91  7.0176146E+04  3.4021888E-01  2.6990825E+02  1.4584392E+21  5.4494573E-02  1.0000000E-99  1.0000000E-99
   92  7.0955480E+04  3.4399715E-01  2.7290569E+02  1.4574970E+21  5.5816848E-02  1.0000000E-99  1.0000000E-99
   93  7.1734814E+04  3.4777541E-01  2.7590313E+02  1.4565437E+21  5.7157520E-02  1.0000000E-99  1.0000000E-99
   94  7.2514148E+04  3.5155368E-01  2.7890057E+02  1.4555794E+21  5.8516719E-02  1.0000000E-99  1.0000000E-99
   95  7.3293482E+04  3.5533194E-01  2.8189801E+02  1.4546040E+21  5.9894574E-02  1.0000000E-99  1.0000000E-99
   96  7.4072816E+04  3.5911021E-01  2.8489545E+02  1.4536175E+21  6.1291217E-02  1.0000000E-99  1.0000000E-99
   97  7.4852150E+04  3.6288847E-01  2.8789288E+02  1.4526199E+21  6.2706782E-02  1.0000000E-99  1.0000000E-99
   98  7.5631484E+04  3.6666674E-01  2.9089032E+02  1.4516111E+21  6.4141406E-02  1.0000000E-99  1.0000000E-99
   99  7.6410818E+04  3.7044501E-01  2.9388776E+02  1.4505912E+21  6.5595228E-02  1.0000000E-99  1.0000000E-99
  100  7.7190152E+04  3.7422327E-01  2.9688520E+02  1.4495601E+21  6.7068391E-02  1.0000000E-99  1.0000000E-99
  101  7.7969486E+04  3.7800154E-01  2.9988264E+02  1.4485178E+21  6.8561037E-02  1.0000000E-99  1.0000000E-99
  102  7.8748819E+04  3.8177980E-01  3.0288007E+02  1.4474642E+21  7.0073314E-02  1.0000000E-99  1.0000000E-99
  103  7.9528153E+04  3.8555807E-01  3.0587751E+02  1.4463994E+21  7.1605370E-02  1.0000000E-99  1.0000000E-99
  104  8.0307487E+04  3.8933633E-01  3.0887495E+02  1.4453233E+21  7.3157357E-02  1.0000000E-99  1.0000000E-99
  105  8.1086821E+04  3.9311460E-01  3.1187239E+02  1.4442358E+21  7.4729430E-02  1.0000000E-99  1.0000000E-99
  106  8.1866155E+04  3.9689286E-01  3.1486983E+02  1.4431371E+21  7.6321745E-02  1.0000000E-99  1.0000000E-99
  107  8.2645489E+04  4.0067113E-01  3.1786727E+02  1.4420269E+21  7.7934461E-02  1.0000000E-99  1.0000000E-99
  108  8.3424823E+04  4.0444940E-01  3.2086470E+02  1.4409054E+21  7.9567742E-02  1.0000000E-99  1.0000000E-99
  109  8.4204157E+04  4.0822766E-01  3.2386214E+02  1.4397725E+21  8.1221751E-02  1.0000000E-99  1.0000000E-99
  110  8.4983491E+04  4.1200593E-01  3.2685958E+02  1.4386281E+21  8.2896658E-02  1.0000000E-99  1.0000000E-99
  111  8.5762825E+04  4.1578419E-01  3.2985702E+02  1.4374723E+21  8.4592633E-02  1.0000000E-99  1.0000000E-99
  112  8.6542159E+04  4.1956246E-01  3.3285446E+02  1.4363049E+21  8.6309849E-02  1.0000000E-99  1.0000000E-99
  113  8.7321493E+04  4.2334072E-01  3.3585189E+02  1.4351260E+21  8.8048483E-02  1.0000000E-99  1.0000000E-99
  114  8.8100827E+04  4.2711899E-01  3.3884933E+02  1.4339356E+21  8.9808715E-02  1.0000000E-99  1.0000000E-99
  115  8.8880160E+04  4.3089725E-01  3.4184677E+02  1.4327336E+21  9.1590728E-02  1.0000000E-99  1.0000000E-99
  116  8.9659494E+04  4.3467552E-01  3.4484421E+02  1.4315200E+21  9.3394707E-02  1.0000000E-99  1.0000000E-99
  117  9.0438828E+04  4.3845379E-01  3.4784165E+02  1.4302947E+21  9.5220842E-02  1.0000000E-99  1.0000000E-99
  118  9.1218162E+04  4.4223205E-01  3.5083909E+02  1.4290578E+21  9.7069325E-02  1.0000000E-99  1.0000000E-99
  119  9.1997496E+04  4.4601032E-01  3.5383652E+02  1.4278091E+21  9.8940351E-02  1.0000000E-99  1.0000000E-99
  120  9.2776830E+04  4.4978858E-01  3.5683396E+02  1.4265487E+21  1.0083412E-01  1.0000000E-99  1.0000000E-99
  121  9.3556164E+04  4.5356685E-01  3.5983140E+02  1.4252766E+21  1.0275083E-01  1.0000000E-99  1.0000000E-99
  122  9.4335498E+04  4.5734511E-01  3.6282884E+02  1.4239927E+21  1.0469069E-01  1.0000000E-99  1.0000000E-99
  123  9.5114832E+04  4.6112338E-01  3.6582628E+02  1.4226969E+21  1.0665392E-01  1.0000000E-99  1.0000000E-99
  124  9.5894166E+04  4.6490164E-01  3.6882371E+02  1.4213893E+21  1.0864071E-01  1.0000000E-99  1.0000000E-99
  125  9.6673500E+04  4.6867991E-01  3.7182115E+02  1.4200697E+21  1.1065130E-01  1.0000000E-99  1.0000000E-99
  126  9.7452834E+04  4.7245818E-01  3.7481859E+02  1.4187383E+21  1.1268589E-01  1.0000000E-99  1.0000000E-99
  127  9.8232168E+04  4.7623644E-01  3.7781603E+02  1.4173949E+21  1.1474471E-01  1.0000000E-99  1.0000000E-99
  128  9.9011501E+04  4.8001471E-01  3.8081347E+02  1.4160395E+21  1.1682800E-01  1.0000000E-99  1.0000000E-99
  129  9.9790835E+04  4.8379297E-01  3.8381091E+02  1.4146720E+21  1.1893598E-01  1.0000000E-99  1.0000000E-99
  130  1.0057017E+05  4.8757124E-01  3.8680834E+02  1.4132926E+21  1.2106889E-01  1.0000000E-99  1.0000000E-99
  131  1.0134950E+05  4.9134950E-01  3.8980578E+02  1.4119010E+21  1.2322696E-01  1.0000000E-99  1.0000000E-99
  132  1.0212884E+05  4.9512777E-01  3.9280322E+02  1.4104972E+21  1.2541045E-01  1.0000000E-99  1.0000000E-99
  133  1.0290817E+05  4.9890603E-01  3.9580066E+02  1.4090813E+21  1.2761960E-01  1.0000000E-99  1.0000000E-99
  134  1.0368751E+05  5.0268430E-01  3.9879810E+02  1.4076532E+21  1.2985466E-01  1.0000000E-99  1.0000000E-99
  135  1.0446684E+05  5.0646257E-01  4.0179553E+02  1.4062129E+21  1.3211589E-01  1.0000000E-99  1.0000000E-99
  136  1.0524617E+05  5.1024083E-01  4.0479297E+02  1.4047602E+21  1.3440355E-01  1.0000000E-99  1.0000000E-99
  137  1.0602551E+05  5.1401910E-01  4.0779041E+02  1.4032953E+21  1.3671790E-01  1.0000000E-99  1.0000000E-99
  138  1.0680484E+05  5.1779736E-01  4.1078785E+02  1.4018180E+21  1.3905923E-01  1.0000000E-99  1.0000000E-99
  139  1.0758417E+05  5.2157563E-01  4.1378529E+02  1.4003282E+21  1.4142779E-01  1.0000000E-99  1.0000000E-99
  140  1.0836351E+05  5.2535389E-01  4.1678273E+02  1.3988261E+21  1.4382388E-01  1.0000000E-99  1.0000000E-99
  141  1.0914284E+05  5.2913216E-01  4.1978016E+02  1.3973115E+21  1.4624777E-01  1.0000000E-99  1.0000000E-99
  142  1.0992218E+05  5.3291042E-01  4.2277760E+02  1.3957843E+21  1.4869976E-01  1.0000000E-99  1.0000000E-99
  143  1.1070151E+05  5.3668869E-01  4.2577504E+02  1.3942446E+21  1.5118015E-01  1.0000000E-99  1.0000000E-99
  144  1.1148084E+05  5.4046696E-01  4.2877248E+02  1.3926923E+21  1.5368922E-01  1.0000000E-99  1.0000000E-99
  145  1.1226018E+05  5.4424522E-01  4.3176992E+02  1.3911273E+21  1.5622729E-01  1.0000000E-99  1.0000000E-99
  146  1.1303951E+05  5.4802349E-01  4.3476735E+02  1.3895497E+21  1.5879467E-01  1.0000000E-99  1.0000000E-99
  147  1.1381885E+05  5.5180175E-01  4.3776479E+02  1.3879593E+21  1.6139167E-01  1.0000000E-99  1.0000000E-99
  148  1.1459818E+05  5.5558002E-01  4.4076223E+02  1.3863562E+21  1.6401862E-01  1.0000000E-99  1.0000000E-99
  149  1.1537751E+05  5.5935828E-01  4.4375967E+02  1.3847402E+21  1.6667584E-01  1.0000000E-99  1.0000000E-99
  150  1.1615685E+05  5.6313655E-01  4.4675711E+02  1.3831114E+21  1.6936367E-01  1.0000000E-99  1.0000000E-99
  151  1.1693618E+05  5.6691481E-01  4.4975455E+02  1.3814697E+21  1.7208245E-01  1.0000000E-99  1.0000000E-99
  152  1.1771552E+05  5.7069308E-01  4.5275198E+02  1.3798150E+21  1.7483251E-01  1.0000000E-99  1.0000000E-99
  153  1.1849485E+05  5.7447135E-01  4.5574942E+02  1.3781473E+21  1.7761423E-01  1.0000000E-99  1.0000000E-99
  154  1.1927418E+05  5.7824961E-01  4.5874686E+02  1.3764665E+21  1.8042794E-01  1.0000000E-99  1.0000000E-99
  155  1.2005352E+05  5.8202788E-01  4.6174430E+02  1.3747727E+21  1.8327403E-01  1.0000000E-99  1.0000000E-99
  156  1.2083285E+05  5.8580614E-01  4.6474174E+02  1.3730657E+21  1.8615285E-01  1.0000000E-99  1.0000000E-99
  157  1.2161219E+05  5.8958441E-01  4.6773917E+02  1.3713455E+21  1.8906479E-01  1.0000000E-99  1.0000000E-99
  158  1.2239152E+05  5.9336267E-01  4.7073661E+02  1.3696121E+21  1.9201022E-01  1.0000000E-99  1.0000000E-99
  159  1.2317085E+05  5.9714094E-01  4.7373405E+02  1.3678654E+21  1.9498956E-01  1.0000000E-99  1.0000000E-99
  160  1.2395019E+05  6.0091920E-01  4.7673149E+02  1.3661054E+21  1.9800318E-01  1.0000000E-99  1.0000000E-99
  161  1.2472952E+05  6.0469747E-01  4.7972893E+02  1.3643319E+21  2.0105151E-01  1.0000000E-99  1.0000000E-99
  162  1.2550885E+05  6.0847573E-01  4.8272637E+02  1.3625450E+21  2.0413495E-01  1.0000000E-99  1.0000000E-99
  163  1.2628819E+05  6.1225400E-01  4.8572380E+02  1.3607446E+21  2.0725392E-01  1.0000000E-99  1.0000000E-99
  164  1.2706752E+05  6.1603227E-01  4.8872124E+02  1.3589306E+21  2.1040886E-01  1.0000000E-99  1.0000000E-99
  165  1.2784686E+05  6.1981053E-01  4.9171868E+02  1.3571031E+21  2.1360020E-01  1.0000000E-99  1.0000000E-99
  166  1.2862619E+05  6.2358880E-01  4.9471612E+02  1.3552618E+21  2.1682839E-01  1.0000000E-99  1.0000000E-99
  167  1.2940552E+05  6.2736706E-01  4.9771356E+02  1.3534069E+21  2.2009389E-01  1.0000000E-99  1.0000000E-99
  168  1.3018486E+05  6.3114533E-01  5.0071099E+02  1.3515382E+21  2.2339714E-01  1.0000000E-99  1.0000000E-99
  169  1.3096419E+05  6.3492359E-01  5.0370843E+02  1.3496556E+21  2.2673864E-01  1.0000000E-99  1.0000000E-99
  170  1.3174353E+05  6.3870186E-01  5.0670587E+02  1.3477591E+21  2.3011885E-01  1.0000000E-99  1.0000000E-99
  171  1.3252286E+05  6.4248012E-01  5.0970331E+02  1.3458487E+21  2.3353827E-01  1.0000000E-99  1.0000000E-99
  172  1.3330219E+05  6.4625839E-01  5.1270075E+02  1.3439243E+21  2.3699740E-01  1.0000000E-99  1.0000000E-99
  173  1.3408153E+05  6.5003666E-01  5.1569818E+02  1.3419858E+21  2.4049674E-01  1.0000000E-99  1.0000000E-99
  174  1.3486086E+05  6.5381492E-01  5.1869562E+02  1.3400332E+21  2.4403681E-01  1.0000000E-99  1.0000000E-99
  175  1.3564020E+05  6.5759319E-01  5.2169306E+02  1.3380664E+21  2.4761815E-01  1.0000000E-99  1.0000000E-99
  176  1.3641953E+05  6.6137145E-01  5.2469050E+02  1.3360853E+21  2.5124129E-01  1.0000000E-99  1.0000000E-99
  177  1.3719886E+05  6.6514972E-01  5.2768794E+02  1.3340899E+21  2.5490677E-01  1.0000000E-99  1.0000000E-99
  178  1.3797820E+05  6.6892798E-01  5.3068538E+02  1.3320801E+21  2.5861517E-01  1.0000000E-99  1.0000000E-99
  179  1.3875753E+05  6.7270625E-01  5.3368281E+02  1.3300559E+21  2.6236705E-01  1.0000000E-99  1.0000000E-99
  180  1.3953687E+05  6.7648451E-01  5.3668025E+02  1.3280172E+21  2.6616299E-01  1.0000000E-99  1.0000000E-99
  181  1.4031620E+05  6.8026278E-01  5.3967769E+02  1.3259638E+21  2.7000358E-01  1.0000000E-99  1.0000000E-99
  182  1.4109553E+05  6.8404105E-01  5.4267513E+02  1.3238959E+21  2.7388944E-01  1.0000000E-99  1.0000000E-99
  183  1.4187487E+05  6.8781931E-01  5.4567257E+02  1.3218132E+21  2.7782118E-01  1.0000000E-99  1.0000000E-99
  184  1.4265420E+05  6.9159758E-01  5.4867000E+02  1.3197157E+21  2.8179943E-01  1.0000000E-99  1.0000000E-99
  185  1.4343354E+05  6.9537584E-01  5.5166744E+02  1.3176033E+21  2.8582483E-01  1.0000000E-99  1.0000000E-99
  186  1.4421287E+05  6.9915411E-01  5.5466488E+02  1.3154761E+21  2.8989805E-01  1.0000000E-99  1.0000000E-99
  187  1.4499220E+05  7.0293237E-01  5.5766232E+02  1.3133338E+21  2.9401974E-01  1.0000000E-99  1.0000000E-99
  188  1.4577154E+05  7.0671064E-01  5.6065976E+02  1.3111764E+21  2.9819059E-01  1.0000000E-99  1.0000000E-99
  189  1.4655087E+05  7.1048890E-01  5.6365720E+02  1.3090039E+21  3.0241129E-01  1.0000000E-99  1.0000000E-99
  190  1.4733020E+05  7.1426717E-01  5.6665463E+02  1.3068162E+21  3.0668257E-01  1.0000000E-99  1.0000000E-99
  191  1.4810954E+05  7.1804544E-01  5.6965207E+02  1.3046132E+21  3.1100514E-01  1.0000000E-99  1.0000000E-99
  192  1.4888887E+05  7.2182370E-01  5.7264951E+02  1.3023947E+21  3.1537974E-01  1.0000000E-99  1.0000000E-99
  193  1.4966821E+05  7.2560197E-01  5.7564695E+02  1.3001609E+21  3.1980714E-01  1.0000000E-99  1.0000000E-99
  194  1.5044754E+05  7.2938023E-01  5.7864439E+02  1.2979114E+21  3.2428810E-01  1.0000000E-99  1.0000000E-99
  195  1.5122687E+05  7.3315850E-01  5.8164182E+02  1.2956464E+21  3.2882341E-01  1.0000000E-99  1.0000000E-99
  196  1.5200621E+05  7.3693676E-01  5.8463926E+02  1.2933657E+21  3.3341388E-01  1.0000000E-99  1.0000000E-99
  197  1.5278554E+05  7.4071503E-01  5.8763670E+02  1.2910691E+21  3.3806033E-01  1.0000000E-99  1.0000000E-99
  198  1.5356488E+05  7.4449329E-01  5.9063414E+02  1.2887567E+21  3.4276360E-01  1.0000000E-99  1.0000000E-99
  199  1.5434421E+05  7.4827156E-01  5.9363158E+02  1.2864284E+21  3.4752454E-01  1.0000000E-99  1.0000000E-99
  200  1.5512354E+05  7.5204983E-01  5.9662902E+02  1.2840840E+21  3.5234404E-01  1.0000000E-99  1.0000000E-99
  201  1.5590288E+05  7.5582809E-01  5.9962645E+02  1.2817234E+21  3.5722298E-01  1.0000000E-99  1.0000000E-99
  202  1.5668221E+05  7.5960636E-01  6.0262389E+02  1.2793467E+21  3.6216229E-01  1.0000000E-99  1.0000000E-99
  203  1.5746155E+05  7.6338462E-01  6.0562133E+02  1.2769536E+21  3.6716290E-01  1.0000000E-99  1.0000000E-99
  204  1.5824088E+05  7.6716289E-01  6.0861877E+02  1.2745441E+21  3.7222575E-01  1.0000000E-99  1.0000000E-99
  205  1.5902021E+05  7.7094115E-01  6.1161621E+02  1.2721182E+21  3.7735184E-01  1.0000000E-99  1.0000000E-99
  206  1.5979955E+05  7.7471942E-01  6.1461364E+02  1.2696756E+21  3.8254216E-01  1.0000000E-99  1.0000000E-99
  207  1.6057888E+05  7.7849768E-01  6.1761108E+02  1.2672164E+21  3.8779772E-01  1.0000000E-99  1.0000000E-99
  208  1.6135822E+05  7.8227595E-01  6.2060852E+02  1.2647404E+21  3.9311957E-01  1.0000000E-99  1.0000000E-99
  209  1.6213755E+05  7.8605422E-01  6.2360596E+02  1.2622475E+21  3.9850879E-01  1.0000000E-99  1.0000000E-99
  210  1.6291688E+05  7.8983248E-01  6.2660340E+02  1.2597376E+21  4.0396645E-01  1.0000000E-99  1.0000000E-99
  211  1.6369622E+05  7.9361075E-01  6.2960084E+02  1.2572106E+21  4.0949367E-01  1.0000000E-99  1.0000000E-99
  212  1.6447555E+05  7.9738901E-01  6.3259827E+02  1.2546664E+21  4.1509160E-01  1.0000000E-99  1.0000000E-99
  213  1.6525489E+05  8.0116728E-01  6.3559571E+02  1.2521050E+21  4.2076141E-01  1.0000000E-99  1.0000000E-99
  214  1.6603422E+05  8.0494554E-01  6.3859315E+02  1.2495261E+21  4.2650428E-01  1.0000000E-99  1.0000000E-99
  215  1.6681355E+05  8.0872381E-01  6.4159059E+02  1.2469298E+21  4.3232144E-01  1.0000000E-99  1.0000000E-99
  216  1.6759289E+05  8.1250207E-01  6.4458803E+02  1.2443158E+21  4.3821415E-01  1.0000000E-99  1.0000000E-99
  217  1.6837222E+05  8.1628034E-01  6.4758546E+02  1.2416841E+21  4.4418368E-01  1.0000000E-99  1.0000000E-99
  218  1.6915155E+05  8.2005861E-01  6.5058290E+02  1.2390345E+21  4.5023134E-01  1.0000000E-99  1.0000000E-99
  219  1.6993089E+05  8.2383687E-01  6.5358034E+02  1.2363670E+21  4.5635848E-01  1.0000000E-99  1.0000000E-99
  220  1.7071022E+05  8.2761514E-01  6.5657778E+02  1.2336815E+21  4.6256647E-01  1.0000000E-99  1.0000000E-99
  221  1.7148956E+05  8.3139340E-01  6.5957522E+02  1.2309777E+21  4.6885671E-01  1.0000000E-99  1.0000000E-99
  222  1.7226889E+05  8.3517167E-01  6.6257266E+02  1.2282556E+21  4.7523066E-01  1.0000000E-99  1.0000000E-99
  223  1.7304822E+05  8.3894993E-01  6.6557009E+02  1.2255151E+21  4.8168978E-01  1.0000000E-99  1.0000000E-99
  224  1.7382756E+05  8.4272820E-01  6.6856753E+02  1.2227561E+21  4.8823558E-01  1.0000000E-99  1.0000000E-99
  225  1.7460689E+05  8.4650646E-01  6.7156497E+02  1.2199783E+21  4.9486963E-01  1.0000000E-99  1.0000000E-99
  226  1.7538623E+05  8.5028473E-01  6.7456241E+02  1.2171818E+21  5.0159350E-01  1.0000000E-99  1.0000000E-99
  227  1.7616556E+05  8.5406300E-01  6.7755985E+02  1.2143663E+21  5.0840883E-01  1.0000000E-99  1.0000000E-99
  228  1.7694489E+05  8.5784126E-01  6.8055728E+02  1.2115317E+21  5.1531728E-01  1.0000000E-99  1.0000000E-99
  229  1.7772423E+05  8.6161953E-01  6.8355472E+02  1.2086779E+21  5.2232057E-01  1.0000000E-99  1.0000000E-99
  230  1.7850356E+05  8.6539779E-01  6.8655216E+02  1.2058048E+21  5.2942045E-01  1.0000000E-99  1.0000000E-99
  231  1.7928290E+05  8.6917606E-01  6.8954960E+02  1.2029122E+21  5.3661871E-01  1.0000000E-99  1.0000000E-99
  232  1.8006223E+05  8.7295432E-01  6.9254704E+02  1.2000000E+21  5.4391721E-01  1.0000000E-99  1.0000000E-99
  233  1.8084156E+05  8.7673259E-01  6.9554448E+02  1.1970680E+21  5.5131784E-01  1.0000000E-99  1.0000000E-99
  234  1.8162090E+05  8.8051085E-01  6.9854191E+02  1.1941161E+21  5.5882253E-01  1.0000000E-99  1.0000000E-99
  235  1.8240023E+05  8.8428912E-01  7.0153935E+02  1.1911442E+21  5.6643329E-01  1.0000000E-99  1.0000000E-99
  236  1.8317957E+05  8.8806739E-01  7.0453679E+02  1.1881520E+21  5.7415216E-01  1.0000000E-99  1.0000000E-99
  237  1.8395890E+05  8.9184565E-01  7.0753423E+02  1.1851395E+21  5.8198124E-01  1.0000000E-99  1.0000000E-99
  238  1.8473823E+05  8.9562392E-01  7.1053167E+02  1.1821064E+21  5.8992269E-01  1.0000000E-99  1.0000000E-99
  239  1.8551757E+05  8.9940218E-01  7.1352910E+02  1.1790527E+21  5.9797871E-01  1.0000000E-99  1.0000000E-99
  240  1.8629690E+05  9.0318045E-01  7.1652654E+02  1.1759781E+21  6.0615159E-01  1.0000000E-99  1.0000000E-99
  241  1.8707623E+05  9.0695871E-01  7.1952398E+02  1.1728826E+21  6.1444367E-01  1.0000000E-99  1.0000000E-99
  242  1.8785557E+05  9.1073698E-01  7.2252142E+02  1.1697658E+21  6.2285733E-01  1.0000000E-99  1.0000000E-99
  243  1.8863490E+05  9.1451524E-01  7.2551886E+02  1.1666278E+21  6.3139505E-01  1.0000000E-99  1.0000000E-99
  244  1.8941424E+05  9.1829351E-01  7.2851630E+02  1.1634682E+21  6.4005936E-01  1.0000000E-99  1.0000000E-99
  245  1.9019357E+05  9.2207178E-01  7.3151373E+02  1.1602869E+21  6.4885288E-01  1.0000000E-99  1.0000000E-99
  246  1.9097290E+05  9.2585004E-01  7.3451117E+02  1.1570838E+21  6.5777827E-01  1.0000000E-99  1.0000000E-99
  247  1.9175224E+05  9.2962831E-01  7.3750861E+02  1.1538586E+21  6.6683829E-01  1.0000000E-99  1.0000000E-99
  248  1.9253157E+05  9.3340657E-01  7.4050605E+02  1.1506112E+21  6.7603578E-01  1.0000000E-99  1.0000000E-99
  249  1.9331091E+05  9.3718484E-01  7.4350349E+02  1.1473414E+21  6.8537366E-01  1.0000000E-99  1.0000000E-99
  250  1.9409024E+05  9.4096310E-01  7.4650092E+02  1.1440489E+21  6.9485492E-01  1.0000000E-99  1.0000000E-99
  251  1.9486957E+05  9.4474137E-01  7.4949836E+02  1.1407337E+21  7.0448265E-01  1.0000000E-99  1.0000000E-99
  252  1.9564891E+05  9.4851963E-01  7.5249580E+02  1.1373954E+21  7.1426002E-01  1.0000000E-99  1.0000000E-99
  253  1.9642824E+05  9.5229790E-01  7.5549324E+02  1.1340340E+21  7.2419033E-01  1.0000000E-99  1.0000000E-99
  254  1.9720758E+05  9.5607617E-01  7.5849068E+02  1.1306491E+21  7.3427692E-01  1.0000000E-99  1.0000000E-99
  255  1.9798691E+05  9.5985443E-01  7.6148812E+02  1.1272405E+21  7.4452327E-01  1.0000000E-99  1.0000000E-99
  256  1.9876624E+05  9.6363270E-01  7.6448555E+02  1.1238082E+21  7.5493297E-01  1.0000000E-99  1.0000000E-99
  257  1.9954558E+05  9.6741096E-01  7.6748299E+02  1.1203517E+21  7.6550969E-01  1.0000000E-99  1.0000000E-99
  258  2.0032491E+05  9.7118923E-01  7.7048043E+02  1.1168710E+21  7.7625723E-01  1.0000000E-99  1.0000000E-99
  259  2.0110425E+05  9.7496749E-01  7.7347787E+02  1.1133658E+21  7.8717951E-01  1.0000000E-99  1.0000000E-99
  260  2.0188358E+05  9.7874576E-01  7.7647531E+02  1.1098358E+21  7.9828057E-01  1.0000000E-99  1.0000000E-99
  261  2.0266291E+05  9.8252402E-01  7.7947274E+02  1.1062808E+21  8.0956458E-01  1.0000000E-99  1.0000000E-99
  262  2.0344225E+05  9.8630229E-01  7.8247018E+02  1.1027006E+21  8.2103582E-01  1.0000000E-99  1.0000000E-99
  263  2.0422158E+05  9.9008056E-01  7.8546762E+02  1.0990950E+21  8.3269874E-01  1.0000000E-99  1.0000000E-99
  264  2.0500092E+05  9.9385882E-01  7.8846506E+02  1.0954636E+21  8.4455791E-01  1.0000000E-99  1.0000000E-99
  265  2.0578025E+05  9.9763709E-01  7.9146250E+02  1.0918062E+21  8.5661806E-01  1.0000000E-99  1.0000000E-99
  266  2.0655958E+05  1.0014154E+00  7.9445993E+02  1.0881226E+21  8.6888407E-01  1.0000000E-99  1.0000000E-99
  267  2.0733892E+05  1.0051936E+00  7.9745737E+02  1.0844125E+21  8.8136097E-01  1.0000000E-99  1.0000000E-99
  268  2.0811825E+05  1.0089719E+00  8.0045481E+02  1.0806755E+21  8.9405399E-01  1.0000000E-99  1.0000000E-99
  269  2.0889758E+05  1.0127501E+00  8.0345225E+02  1.0769116E+21  9.0696850E-01  1.0000000E-99  1.0000000E-99
  270  2.0967692E+05  1.0165284E+00  8.0644969E+02  1.0731202E+21  9.2011006E-01  1.0000000E-99  1.0000000E-99
  271  2.1045625E+05  1.0203067E+00  8.0944713E+02  1.0693013E+21  9.3348444E-01  1.0000000E-99  1.0000000E-99
  272  2.1123559E+05  1.0240849E+00  8.1244456E+02  1.0654544E+21  9.4709758E-01  1.0000000E-99  1.0000000E-99
  273  2.1201492E+05  1.0278632E+00  8.1544200E+02  1.0615793E+21  9.6095565E-01  1.0000000E-99  1.0000000E-99
  274  2.1279425E+05  1.0316415E+00  8.1843944E+02  1.0576756E+21  9.7506502E-01  1.0000000E-99  1.0000000E-99
  275  2.1357359E+05  1.0354197E+00  8.2143688E+02  1.0537430E+21  9.8943229E-01  1.0000000E-99  1.0000000E-99
  276  2.1435292E+05  1.0391980E+00  8.2443432E+02  1.0497813E+21  1.0040643E+00  1.0000000E-99  1.0000000E-99
  277  2.1513226E+05  1.0429763E+00  8.2743175E+02  1.0457900E+21  1.0189681E+00  1.0000000E-99  1.0000000E-99
  278  2.1591159E+05  1.0467545E+00  8.3042919E+02  1.0417689E+21  1.0341511E+00  1.0000000E-99  1.0000000E-99
  279  2.1669092E+05  1.0505328E+00  8.3342663E+02  1.0377176E+21  1.0496208E+00  1.0000000E-99  1.0000000E-99
  280  2.1747026E+05  1.0543111E+00  8.3642407E+02  1.0336357E+21  1.0653852E+00  1.0000000E-99  1.0000000E-99
  281  2.1824959E+05  1.0580893E+00  8.3942151E+02  1.0295229E+21  1.0814524E+00  1.0000000E-99  1.0000000E-99
  282  2.1902893E+05  1.0618676E+00  8.4241895E+02  1.0253787E+21  1.0978309E+00  1.0000000E-99  1.0000000E-99
  283  2.1980826E+05  1.0656459E+00  8.4541638E+02  1.0212029E+21  1.1145295E+00  1.0000000E-99  1.0000000E-99
  284  2.2058759E+05  1.0694241E+00  8.4841382E+02  1.0169950E+21  1.1315574E+00  1.0000000E-99  1.0000000E-99
  285  2.2136693E+05  1.0732024E+00  8.5141126E+02  1.0127547E+21  1.1489240E+00  1.0000000E-99  1.0000000E-99
  286  2.2214626E+05  1.0769807E+00  8.5440870E+02  1.0084815E+21  1.1666393E+00  1.0000000E-99  1.0000000E-99
  287  2.2292560E+05  1.0807589E+00  8.5740614E+02  1.0041749E+21  1.1847135E+00  1.0000000E-99  1.0000000E-99
  288  2.2370493E+05  1.0845372E+00  8.6040357E+02  9.9983467E+20  1.2031572E+00  1.0000000E-99  1.0000000E-99
  289  2.2448426E+05  1.0883155E+00  8.6340101E+02  9.9546024E+20  1.2219816E+00  1.0000000E-99  1.0000000E-99
  290  2.2526360E+05  1.0920937E+00  8.6639845E+02  9.9105118E+20  1.2411983E+00  1.0000000E-99  1.0000000E-99
  291  2.2604293E+05  1.0958720E+00  8.6939589E+02  9.8660703E+20  1.2608191E+00  1.0000000E-99  1.0000000E-99
  292  2.2682227E+05  1.0996503E+00  8.7239333E+02  9.8212732E+20  1.2808568E+00  1.0000000E-99  1.0000000E-99
  293  2.2760160E+05  1.1034285E+00  8.7539077E+02  9.7761155E+20  1.3013242E+00  1.0000000E-99  1.0000000E-99
  294  2.2838093E+05  1.1072068E+00  8.7838820E+02  9.7305923E+20  1.3222350E+00  1.0000000E-99  1.0000000E-99
  295  2.2916027E+05  1.1109851E+00  8.8138564E+02  9.6846984E+20  1.3436034E+00  1.0000000E-99  1.0000000E-99
  296  2.2993960E+05  1.1147633E+00  8.8438308E+02  9.6384284E+20  1.3654443E+00  1.0000000E-99  1.0000000E-99
  297  2.3071893E+05  1.1185416E+00  8.8738052E+02  9.5917770E+20  1.3877729E+00  1.0000000E-99  1.0000000E-99
  298  2.3149827E+05  1.1223198E+00  8.9037796E+02  9.5447386E+20  1.4106055E+00  1.0000000E-99  1.0000000E-99
  299  2.3227760E+05  1.1260981E+00  8.9337539E+02  9.4973074E+20  1.4339588E+00  1.0000000E-99  1.0000000E-99
  300  2.3305694E+05  1.1298764E+00  8.9637283E+02  9.4494774E+20  1.4578506E+00  1.0000000E-99  1.0000000E-99
  301  2.3383627E+05  1.1336546E+00  8.9937027E+02  9.4012427E+20  1.4822992E+00  1.0000000E-99  1.0000000E-99
  302  2.3461560E+05  1.1374329E+00  9.0236771E+02  9.3525969E+20  1.5073239E+00  1.0000000E-99  1.0000000E-99
  303  2.3539494E+05  1.1412112E+00  9.0536515E+02  9.3035336E+20  1.5329448E+00  1.0000000E-99  1.0000000E-99
  304  2.3617427E+05  1.1449894E+00  9.0836259E+02  9.2540461E+20  1.5591831E+00  1.0000000E-99  1.0000000E-99
  305  2.3695361E+05  1.1487677E+00  9.1136002E+02  9.2041277E+20  1.5860609E+00  1.0000000E-99  1.0000000E-99
  306  2.3773294E+05  1.1525460E+00  9.1435746E+02  9.1537712E+20  1.6136015E+00  1.0000000E-99  1.0000000E-99
  307  2.3851227E+05  1.1563242E+00  9.1735490E+02  9.1029694E+20  1.6418290E+00  1.0000000E-99  1.0000000E-99
  308  2.3929161E+05  1.1601025E+00  9.2035234E+02  9.0517148E+20  1.6707692E+00  1.0000000E-99  1.0000000E-99
  309  2.4007094E+05  1.1638808E+00  9.2334978E+02  8.9999997E+20  1.7004489E+00  1.0000000E-99  1.0000000E-99
  310  2.4085028E+05  1.1676590E+00  9.2634721E+02  8.9478160E+20  1.7308962E+00  1.0000000E-99  1.0000000E-99
  311  2.4162961E+05  1.1714373E+00  9.2934465E+02  8.8951555E+20  1.7621408E+00  1.0000000E-99  1.0000000E-99
  312  2.4240894E+05  1.1752156E+00  9.3234209E+02  8.8420098E+20  1.7942140E+00  1.0000000E-99  1.0000000E-99
  313  2.4318828E+05  1.1789938E+00  9.3533953E+02  8.7883700E+20  1.8271486E+00  1.0000000E-99  1.0000000E-99
  314  2.4396761E+05  1.1827721E+00  9.3833697E+02  8.7342269E+20  1.8609793E+00  1.0000000E-99  1.0000000E-99
  315  2.4474695E+05  1.1865504E+00  9.4133441E+02  8.6795713E+20  1.8957426E+00  1.0000000E-99  1.0000000E-99
  316  2.4552628E+05  1.1903286E+00  9.4433184E+02  8.6243932E+20  1.9314770E+00  1.0000000E-99  1.0000000E-99
  317  2.4630561E+05  1.1941069E+00  9.4732928E+02  8.5686828E+20  1.9682232E+00  1.0000000E-99  1.0000000E-99
  318  2.4708495E+05  1.1978852E+00  9.5032672E+02  8.5124294E+20  2.0060243E+00  1.0000000E-99  1.0000000E-99
  319  2.4786428E+05  1.2016634E+00  9.5332416E+02  8.4556223E+20  2.0449257E+00  1.0000000E-99  1.0000000E-99
  320  2.4864362E+05  1.2054417E+00  9.5632160E+02  8.3982501E+20  2.0849755E+00  1.0000000E-99  1.0000000E-99
  321  2.4942295E+05  1.2092200E+00  9.5931903E+02  8.3403014E+20  2.1262248E+00  1.0000000E-99  1.0000000E-99
  322  2.5020228E+05  1.2129982E+00  9.6231647E+02  8.2817639E+20  2.1687276E+00  1.0000000E-99  1.0000000E-99
  323  2.5098162E+05  1.2167765E+00  9.6531391E+02  8.2226251E+20  2.2125412E+00  1.0000000E-99  1.0000000E-99
  324  2.5176095E+05  1.2205548E+00  9.6831135E+02  8.1628719E+20  2.2577267E+00  1.0000000E-99  1.0000000E-99
  325  2.5254028E+05  1.2243330E+00  9.7130879E+02  8.1024907E+20  2.3043486E+00  1.0000000E-99  1.0000000E-99
  326  2.5331962E+05  1.2281113E+00  9.7430623E+02  8.0414674E+20  2.3524760E+00  1.0000000E-99  1.0000000E-99
  327  2.5409895E+05  1.2318896E+00  9.7730366E+02  7.9797872E+20  2.4021823E+00  1.0000000E-99  1.0000000E-99
  328  2.5487829E+05  1.2356678E+00  9.8030110E+02  7.9174349E+20  2.4535456E+00  1.0000000E-99  1.0000000E-99
  329  2.5565762E+05  1.2394461E+00  9.8329854E+02  7.8543943E+20  2.5066494E+00  1.0000000E-99  1.0000000E-99
  330  2.5643695E+05  1.2432243E+00  9.8629598E+02  7.7906487E+20  2.5615831E+00  1.0000000E-99  1.0000000E-99
  331  2.5721629E+05  1.2470026E+00  9.8929342E+02  7.7261808E+20  2.6184419E+00  1.0000000E-99  1.0000000E-99
  332  2.5799562E+05  1.2507809E+00  9.9229085E+02  7.6609723E+20  2.6773280E+00  1.0000000E-99  1.0000000E-99
  333  2.5877496E+05  1.2545591E+00  9.9528829E+02  7.5950041E+20  2.7383511E+00  1.0000000E-99  1.0000000E-99
  334  2.5955429E+05  1.2583374E+00  9.9828573E+02  7.5282563E+20  2.8016286E+00  1.0000000E-99  1.0000000E-99
  335  2.6033362E+05  1.2621157E+00  1.0012832E+03  7.4607079E+20  2.8672870E+00  1.0000000E-99  1.0000000E-99
  336  2.6111296E+05  1.2658939E+00  1.0042806E+03  7.3923369E+20  2.9354622E+00  1.0000000E-99  1.0000000E-99
  337  2.6189229E+05  1.2696722E+00  1.0072780E+03  7.3231204E+20  3.0063007E+00  1.0000000E-99  1.0000000E-99
  338  2.6267163E+05  1.2734505E+00  1.0102755E+03  7.2530340E+20  3.0799609E+00  1.0000000E-99  1.0000000E-99
  339  2.6345096E+05  1.2772287E+00  1.0132729E+03  7.1820525E+20  3.1566136E+00  1.0000000E-99  1.0000000E-99
  340  2.6423029E+05  1.2810070E+00  1.0162704E+03  7.1101489E+20  3.2364439E+00  1.0000000E-99  1.0000000E-99
  341  2.6500963E+05  1.2847853E+00  1.0192678E+03  7.0372950E+20  3.3196524E+00  1.0000000E-99  1.0000000E-99
  342  2.6578896E+05  1.2885635E+00  1.0222652E+03  6.9634609E+20  3.4064571E+00  1.0000000E-99  1.0000000E-99
  343  2.6656830E+05  1.2923418E+00  1.0252627E+03  6.8886152E+20  3.4970950E+00  1.0000000E-99  1.0000000E-99
  344  2.6734763E+05  1.2961201E+00  1.0282601E+03  6.8127245E+20  3.5918245E+00  1.0000000E-99  1.0000000E-99
  345  2.6812696E+05  1.2998983E+00  1.0312576E+03  6.7357535E+20  3.6909278E+00  1.0000000E-99  1.0000000E-99
  346  2.6890630E+05  1.3036766E+00  1.0342550E+03  6.6576647E+20  3.7947136E+00  1.0000000E-99  1.0000000E-99
  347  2.6968563E+05  1.3074549E+00  1.0372524E+03  6.5784182E+20  3.9035203E+00  1.0000000E-99  1.0000000E-99
  348  2.7046496E+05  1.3112331E+00  1.0402499E+03  6.4979719E+20  4.0177200E+00  1.0000000E-99  1.0000000E-99
  349  2.7124430E+05  1.3150114E+00  1.0432473E+03  6.4162804E+20  4.1377220E+00  1.0000000E-99  1.0000000E-99
  350  2.7202363E+05  1.3187897E+00  1.0462447E+03  6.3332957E+20  4.2639787E+00  1.0000000E-99  1.0000000E-99
  351  2.7280297E+05  1.3225679E+00  1.0492422E+03  6.2489662E+20  4.3969904E+00  1.0000000E-99  1.0000000E-99
  352  2.7358230E+05  1.3263462E+00  1.0522396E+03  6.1632367E+20  4.5373124E+00  1.0000000E-99  1.0000000E-99
  353  2.7436163E+05  1.3301245E+00  1.0552371E+03  6.0760480E+20  4.6855625E+00  1.0000000E-99  1.0000000E-99
  354  2.7514097E+05  1.3339027E+00  1.0582345E+03  5.9873363E+20  4.8424302E+00  1.0000000E-99  1.0000000E-99
  355  2.7592030E+05  1.3376810E+00  1.0612319E+03  5.8970328E+20  5.0086874E+00  1.0000000E-99  1.0000000E-99
  356  2.7669964E+05  1.3414593E+00  1.0642294E+03  5.8050633E+20  5.1852008E+00  1.0000000E-99  1.0000000E-99
  357  2.7747897E+05  1.3452375E+00  1.0672268E+03  5.7113474E+20  5.3729476E+00  1.0000000E-99  1.0000000E-99
  358  2.7825830E+05  1.3490158E+00  1.0702242E+03  5.6157975E+20  5.5730330E+00  1.0000000E-99  1.0000000E-99
  359  2.7903764E+05  1.3527940E+00  1.0732217E+03  5.5183184E+20  5.7867119E+00  1.0000000E-99  1.0000000E-99
  360  2.7981697E+05  1.3565723E+00  1.0762191E+03  5.4188061E+20  6.0154159E+00  1.0000000E-99  1.0000000E-99
  361  2.8059631E+05  1.3603506E+00  1.0792166E+03  5.3171462E+20  6.2607845E+00  1.0000000E-99  1.0000000E-99
  362  2.8137564E+05  1.3641288E+00  1.0822140E+03  5.2132133E+20  6.5247050E+00  1.0000000E-99  1.0000000E-99
  363  2.8215497E+05  1.3679071E+00  1.0852114E+03  5.1068685E+20  6.8093610E+00  1.0000000E-99  1.0000000E-99
  364  2.8293431E+05  1.3716854E+00  1.0882089E+03  4.9979579E+20  7.1172926E+00  1.0000000E-99  1.0000000E-99
  365  2.8371364E+05  1.3754636E+00  1.0912063E+03  4.8863099E+20  7.4514728E+00  1.0000000E-99  1.0000000E-99
  366  2.8449298E+05  1.3792419E+00  1.0942038E+03  4.7717323E+20  7.8154034E+00  1.0000000E-99  1.0000000E-99
  367  2.8527231E+05  1.3830202E+00  1.0972012E+03  4.6540089E+20  8.2132382E+00  1.0000000E-99  1.0000000E-99
  368  2.8605164E+05  1.3867984E+00  1.1001986E+03  4.5328945E+20  8.6499424E+00  1.0000000E-99  1.0000000E-99
  369  2.8683098E+05  1.3905767E+00  1.1031961E+03  4.4081095E+20  9.1315004E+00  1.0000000E-99  1.0000000E-99
  370  2.8761031E+05  1.3943550E+00  1.1061935E+03  4.2793330E+20  9.6651923E+00  1.0000000E-99  1.0000000E-99
  371  2.8838965E+05  1.3981332E+00  1.1091909E+03  4.1461931E+20  1.0259964E+01  1.0000000E-99  1.0000000E-99
  372  2.8916898E+05  1.4019115E+00  1.1121884E+03  4.0082548E+20  1.0926933E+01  1.0000000E-99  1.0000000E-99
  373  2.8994831E+05  1.4056898E+00  1.1151858E+03  3.8650046E+20  1.1680091E+01  1.0000000E-99  1.0000000E-99
  374  2.9072765E+05  1.4094680E+00  1.1181833E+03  3.7158281E+20  1.2537294E+01  1.0000000E-99  1.0000000E-99
  375  2.9150698E+05  1.4132463E+00  1.1211807E+03  3.5599804E+20  1.3521703E+01  1.0000000E-99  1.0000000E-99
  376  2.9228631E+05  1.4170246E+00  1.1241781E+03  3.3965433E+20  1.4663904E+01  1.0000000E-99  1.0000000E-99
  377  2.9306565E+05  1.4208028E+00  1.1271756E+03  3.2243629E+20  1.6005152E+01  1.0000000E-99  1.0000000E-99
  378  2.9384498E+05  1.4245811E+00  1.1301730E+03  3.0419550E+20  1.7602468E+01  1.0000000E-99  1.0000000E-99
  379  2.9462432E+05  1.4283594E+00  1.1331704E+03  2.8473547E+20  1.9536975E+01  1.0000000E-99  1.0000000E-99
  380  2.9540365E+05  1.4321376E+00  1.1361679E+03  2.6378648E+20  2.1928153E+01  1.0000000E-99  1.0000000E-99
  381  2.9618298E+05  1.4359159E+00  1.1391653E+03  2.4096052E+20  2.4959585E+01  1.0000000E-99  1.0000000E-99
  382  2.9696232E+05  1.4396942E+00  1.1421628E+03  2.1566241E+20  2.8928704E+01  1.0000000E-99  1.0000000E-99
  383  2.9774165E+05  1.4434724E+00  1.1451602E+03  1.8689094E+20  3.4351538E+01  1.0000000E-99  1.0000000E-99
  384  2.9852099E+05  1.4472507E+00  1.1481576E+03  1.5269515E+20  4.2209722E+01  1.0000000E-99  1.0000000E-99
  385  2.9930032E+05  1.4510290E+00  1.1511551E+03  1.0804182E+20  5.4633230E+01  1.0000000E-99  1.0000000E-99
  386  3.0007965E+05  1.4548072E+00  1.1541525E+03  2.1507633E-06  7.7305597E+01  1.0000000E-99  1.0000000E-99
  387  3.0085899E+05  1.4585855E+00  1.1571500E+03  2.1507633E-06  7.7305597E+01  1.0000000E-99  1.0000000E-99
  388  3.0163832E+05  1.4623637E+00  1.1601474E+03  2.1507633E-06  1.0000000E-99  1.0000000E-99  1.0000000E-99
  389  3.0241766E+05  1.4661420E+00  1.1631448E+03  2.1507633E-06  1.0000000E-99  1.0000000E-99  1.0000000E-99
  390  3.0319699E+05  1.4699203E+00  1.1661423E+03  2.1507633E-06  1.0000000E-99  1.0000000E-99  1.0000000E-99
  391  3.0397632E+05  1.4736985E+00  1.1691397E+03  2.1507633E-06  1.0000000E-99  1.0000000E-99  1.0000000E-99
  392  3.0475566E+05  1.4774768E+00  1.1721371E+03  2.1507633E-06  1.0000000E-99  1.0000000E-99  1.0000000E-99
  393  3.0553499E+05  1.4812551E+00  1.1751346E+03  2.1507633E-06  1.0000000E-99  1.0000000E-99  1.0000000E-99
  394  3.0631433E+05  1.4850333E+00  1.1781320E+03  2.1507633E-06  1.0000000E-99  1.0000000E-99  1.0000000E-99
  395  3.0709366E+05  1.4888116E+00  1.1811295E+03  2.1507633E-06  1.0000000E-99  1.0000000E-99  1.0000000E-99
  396  3.0787299E+05  1.4925899E+00  1.1841269E+03  2.1507633E-06  1.0000000E-99  1.0000000E-99  1.0000000E-99
  397  3.0865233E+05  1.4963681E+00  1.1871243E+03  2.1507633E-06  1.0000000E-99  1.0000000E-99  1.0000000E-99
  398  3.0943166E+05  1.5001464E+00  1.1901218E+03  2.1507633E-06  1.0000000E-99  1.0000000E-99  1.0000000E-99
  399  3.1021100E+05  1.5039247E+00  1.1931192E+03  2.1507633E-06  1.0000000E-99  1.0000000E-99  1.0000000E-99
  400  3.1099033E+05  1.5077029E+00  1.1961166E+03  2.1507633E-06  1.0000000E-99  1.0000000E-99  1.0000000E-99
  401  3.1176966E+05  1.5114812E+00  1.1991141E+03  2.1507633E-06  1.0000000E-99  1.0000000E-99  1.0000000E-99
  402  3.1254900E+05  1.5152595E+00  1.2021115E+03  2.1507633E-06  1.0000000E-99  1.0000000E-99  1.0000000E-99
  403  3.1332833E+05  1.5190377E+00  1.2051090E+03  2.1507633E-06  1.0000000E-99  1.0000000E-99  1.0000000E-99
  404  3.1410766E+05  1.5228160E+00  1.2081064E+03  2.1507633E-06  1.0000000E-99  1.0000000E-99  1.0000000E-99
  405  3.1488700E+05  1.5265943E+00  1.2111038E+03  2.1507633E-06  1.0000000E-99  1.0000000E-99  1.0000000E-99
  406  3.1566633E+05  1.5303725E+00  1.2141013E+03  2.1507633E-06  1.0000000E-99  1.0000000E-99  1.0000000E-99
  407  3.1644567E+05  1.5341508E+00  1.2170987E+03  2.1507633E-06  1.0000000E-99  1.0000000E-99  1.0000000E-99
  408  3.1722500E+05  1.5379291E+00  1.2200962E+03  2.1507633E-06  1.0000000E-99  1.0000000E-99  1.0000000E-99
  409  3.1800433E+05  1.5417073E+00  1.2230936E+03  2.1507633E-06  1.0000000E-99  1.0000000E-99  1.0000000E-99
  410  3.1878367E+05  1.5454856E+00  1.2260910E+03  2.1507633E-06  1.0000000E-99  1.0000000E-99  1.0000000E-99
  411  3.1956300E+05  1.5492639E+00  1.2290885E+03  2.1507633E-06  1.0000000E-99  1.0000000E-99  1.0000000E-99
  412  3.2034234E+05  1.5530421E+00  1.2320859E+03  2.1507633E-06  1.0000000E-99  1.0000000E-99  1.0000000E-99
  413  3.2112167E+05  1.5568204E+00  1.2350833E+03  2.1507633E-06  1.0000000E-99  1.0000000E-99  1.0000000E-99
  414  3.2190100E+05  1.5605987E+00  1.2380808E+03  2.1507633E-06  1.0000000E-99  1.0000000E-99  1.0000000E-99
  415  3.2268034E+05  1.5643769E+00  1.2410782E+03  2.1507633E-06  1.0000000E-99  1.0000000E-99  1.0000000E-99
  416  3.2345967E+05  1.5681552E+00  1.2440757E+03  2.1507633E-06  1.0000000E-99  1.0000000E-99  1.0000000E-99
  417  3.2423901E+05  1.5719334E+00  1.2470731E+03  2.1507633E-06  1.0000000E-99  1.0000000E-99  1.0000000E-99
  418  3.2501834E+05  1.5757117E+00  1.2500705E+03  2.1507633E-06  1.0000000E-99  1.0000000E-99  1.0000000E-99
  419  3.2579767E+05  1.5794900E+00  1.2530680E+03  2.1507633E-06  1.0000000E-99  1.0000000E-99  1.0000000E-99
  420  3.2657701E+05  1.5832682E+00  1.2560654E+03  2.1507633E-06  1.0000000E-99  1.0000000E-99  1.0000000E-99
  421  3.2735634E+05  1.5870465E+00  1.2590629E+03  2.1507633E-06  1.0000000E-99  1.0000000E-99  1.0000000E-99
  422  3.2813568E+05  1.5908248E+00  1.2620603E+03  2.1507633E-06  1.0000000E-99  1.0000000E-99  1.0000000E-99
  423  3.2891501E+05  1.5946030E+00  1.2650577E+03  2.1507633E-06  1.0000000E-99  1.0000000E-99  1.0000000E-99
