! Date: 15/08/2026  Time: 02:55:45  Created by RADMC3D compiled on Aug 14 2026 12:46    
! Alexander Men’shchikov, DAp IRFU CEA Saclay, France                         
!
! RADIAL PROFILES OF SURFACE DENSITIES (cm^-2)
!
! Distance (pc): 2.60000000E+02  Mass-averaged Tdust (K): 9.73843023E+00
!
!   N   RADIUS(au)     RADIUS(pc)     RADIUS(as)      PROFILE        SLOPE          PROFILEBS      SLOPEBS
!
    1  1.0838926E+01  5.2547872E-05  4.1688175E-02  4.5318806E+22  1.4658810E-02  3.9322766E+22  1.6972095E-02
    2  6.0915197E+02  2.9532115E-03  2.3428922E+00  4.2719815E+22  1.4658810E-02  3.6723774E+22  1.6972095E-02
    3  1.2074650E+03  5.8538751E-03  4.6440962E+00  3.6510161E+22  1.4658810E-02  3.0514120E+22  1.6972095E-02
    4  1.8057781E+03  8.7545387E-03  6.9453002E+00  2.9755066E+22  1.4658810E-02  2.3759025E+22  1.6972095E-02
    5  2.4040911E+03  1.1655202E-02  9.2465042E+00  2.3793934E+22  2.2956712E-01  1.7797893E+22  2.7072777E-01
    6  3.0024041E+03  1.4555866E-02  1.1547708E+01  1.9513014E+22  5.0834103E-01  1.3516973E+22  6.2173096E-01
    7  3.6007172E+03  1.7456530E-02  1.3848912E+01  1.6228043E+22  7.8121622E-01  1.0232003E+22  1.0094417E+00
    8  4.1990302E+03  2.0357193E-02  1.6150116E+01  1.4005367E+22  8.9249340E-01  8.0093257E+21  1.2379954E+00
    9  4.7973433E+03  2.3257857E-02  1.8451320E+01  1.2295814E+22  9.5823380E-01  6.2997735E+21  1.5321722E+00
   10  5.3956563E+03  2.6158520E-02  2.0752524E+01  1.1085030E+22  9.5823380E-01  5.0889895E+21  1.5932399E+00
   11  5.9939693E+03  2.9059184E-02  2.3053728E+01  1.0092453E+22  8.9205042E-01  4.0964120E+21  1.8023818E+00
   12  6.5922824E+03  3.1959848E-02  2.5354932E+01  9.2471844E+21  8.9205042E-01  3.2511435E+21  1.8159690E+00
   13  7.1905954E+03  3.4860511E-02  2.7656136E+01  8.5117076E+21  8.9205042E-01  2.5156667E+21  2.0632238E+00
   14  7.7889085E+03  3.7761175E-02  2.9957340E+01  8.1485285E+21  8.9205042E-01  2.1524875E+21  2.0632238E+00
   15  8.3872215E+03  4.0661838E-02  3.2258544E+01  7.6262525E+21  8.9504205E-01  1.6302116E+21  2.4289537E+00
   16  8.9855346E+03  4.3562502E-02  3.4559748E+01  7.3046737E+21  6.2522495E-01  1.3086328E+21  2.9521823E+00
   17  9.5838476E+03  4.6463166E-02  3.6860952E+01  6.8772033E+21  6.2522495E-01  8.8116239E+20  3.1887590E+00
   18  1.0182161E+04  4.9363829E-02  3.9162156E+01  6.5124434E+21  8.9504205E-01  5.1640248E+20  3.7551645E+00
   19  1.0780474E+04  5.2264493E-02  4.1463360E+01  5.9964724E+21  8.9991866E-01  1.0000000E-99  3.1887590E+00
   20  1.1378787E+04  5.5165156E-02  4.3764564E+01  5.9960695E+21  8.9991866E-01  1.0000000E-99  1.0000000E-99
   21  1.1977100E+04  5.8065820E-02  4.6065768E+01  5.9956447E+21  1.3824800E-03  1.0000000E-99  1.0000000E-99
   22  1.2575413E+04  6.0966484E-02  4.8366972E+01  5.9951981E+21  1.3824800E-03  1.0000000E-99  1.0000000E-99
   23  1.3173726E+04  6.3867147E-02  5.0668176E+01  5.9947297E+21  1.3824800E-03  1.0000000E-99  1.0000000E-99
   24  1.3772039E+04  6.6767811E-02  5.2969380E+01  5.9942394E+21  1.5280932E-03  1.0000000E-99  1.0000000E-99
   25  1.4370352E+04  6.9668474E-02  5.5270584E+01  5.9937273E+21  1.6810293E-03  1.0000000E-99  1.0000000E-99
   26  1.4968665E+04  7.2569138E-02  5.7571788E+01  5.9931934E+21  1.8412951E-03  1.0000000E-99  1.0000000E-99
   27  1.5566978E+04  7.5469802E-02  5.9872992E+01  5.9926377E+21  2.0088975E-03  1.0000000E-99  1.0000000E-99
   28  1.6165291E+04  7.8370465E-02  6.2174196E+01  5.9920601E+21  2.1838439E-03  1.0000000E-99  1.0000000E-99
   29  1.6763604E+04  8.1271129E-02  6.4475400E+01  5.9914606E+21  2.3661420E-03  1.0000000E-99  1.0000000E-99
   30  1.7361917E+04  8.4171793E-02  6.6776604E+01  5.9908393E+21  2.5557996E-03  1.0000000E-99  1.0000000E-99
   31  1.7960230E+04  8.7072456E-02  6.9077808E+01  5.9901961E+21  2.7528252E-03  1.0000000E-99  1.0000000E-99
   32  1.8558543E+04  8.9973120E-02  7.1379012E+01  5.9895310E+21  2.9572274E-03  1.0000000E-99  1.0000000E-99
   33  1.9156856E+04  9.2873783E-02  7.3680216E+01  5.9888441E+21  3.1690151E-03  1.0000000E-99  1.0000000E-99
   34  1.9755169E+04  9.5774447E-02  7.5981420E+01  5.9881352E+21  3.3881977E-03  1.0000000E-99  1.0000000E-99
   35  2.0353482E+04  9.8675111E-02  7.8282624E+01  5.9874045E+21  3.6147849E-03  1.0000000E-99  1.0000000E-99
   36  2.0951795E+04  1.0157577E-01  8.0583828E+01  5.9866518E+21  3.8487865E-03  1.0000000E-99  1.0000000E-99
   37  2.1550108E+04  1.0447644E-01  8.2885032E+01  5.9858773E+21  4.0902128E-03  1.0000000E-99  1.0000000E-99
   38  2.2148421E+04  1.0737710E-01  8.5186236E+01  5.9850808E+21  4.3390746E-03  1.0000000E-99  1.0000000E-99
   39  2.2746735E+04  1.1027776E-01  8.7487440E+01  5.9842624E+21  4.5953827E-03  1.0000000E-99  1.0000000E-99
   40  2.3345048E+04  1.1317843E-01  8.9788644E+01  5.9834220E+21  4.8591485E-03  1.0000000E-99  1.0000000E-99
   41  2.3943361E+04  1.1607909E-01  9.2089848E+01  5.9825597E+21  5.1303837E-03  1.0000000E-99  1.0000000E-99
   42  2.4541674E+04  1.1897976E-01  9.4391052E+01  5.9816754E+21  5.4091001E-03  1.0000000E-99  1.0000000E-99
   43  2.5139987E+04  1.2188042E-01  9.6692256E+01  5.9807692E+21  5.6953102E-03  1.0000000E-99  1.0000000E-99
   44  2.5738300E+04  1.2478108E-01  9.8993460E+01  5.9798410E+21  5.9890267E-03  1.0000000E-99  1.0000000E-99
   45  2.6336613E+04  1.2768175E-01  1.0129466E+02  5.9788908E+21  6.2902624E-03  1.0000000E-99  1.0000000E-99
   46  2.6934926E+04  1.3058241E-01  1.0359587E+02  5.9779186E+21  6.5990308E-03  1.0000000E-99  1.0000000E-99
   47  2.7533239E+04  1.3348307E-01  1.0589707E+02  5.9769243E+21  6.9153456E-03  1.0000000E-99  1.0000000E-99
   48  2.8131552E+04  1.3638374E-01  1.0819828E+02  5.9759081E+21  7.2392208E-03  1.0000000E-99  1.0000000E-99
   49  2.8729865E+04  1.3928440E-01  1.1049948E+02  5.9748698E+21  7.5706708E-03  1.0000000E-99  1.0000000E-99
   50  2.9328178E+04  1.4218506E-01  1.1280068E+02  5.9738095E+21  7.9097105E-03  1.0000000E-99  1.0000000E-99
   51  2.9926491E+04  1.4508573E-01  1.1510189E+02  5.9727271E+21  8.2563548E-03  1.0000000E-99  1.0000000E-99
   52  3.0524804E+04  1.4798639E-01  1.1740309E+02  5.9716227E+21  8.6106192E-03  1.0000000E-99  1.0000000E-99
   53  3.1123117E+04  1.5088706E-01  1.1970430E+02  5.9704962E+21  8.9725196E-03  1.0000000E-99  1.0000000E-99
   54  3.1721430E+04  1.5378772E-01  1.2200550E+02  5.9693476E+21  9.3420722E-03  1.0000000E-99  1.0000000E-99
   55  3.2319743E+04  1.5668838E-01  1.2430670E+02  5.9681768E+21  9.7192934E-03  1.0000000E-99  1.0000000E-99
   56  3.2918056E+04  1.5958905E-01  1.2660791E+02  5.9669840E+21  1.0104200E-02  1.0000000E-99  1.0000000E-99
   57  3.3516369E+04  1.6248971E-01  1.2890911E+02  5.9657690E+21  1.0496810E-02  1.0000000E-99  1.0000000E-99
   58  3.4114682E+04  1.6539037E-01  1.3121032E+02  5.9645319E+21  1.0897140E-02  1.0000000E-99  1.0000000E-99
   59  3.4712995E+04  1.6829104E-01  1.3351152E+02  5.9632726E+21  1.1305208E-02  1.0000000E-99  1.0000000E-99
   60  3.5311308E+04  1.7119170E-01  1.3581272E+02  5.9619912E+21  1.1721033E-02  1.0000000E-99  1.0000000E-99
   61  3.5909621E+04  1.7409236E-01  1.3811393E+02  5.9606875E+21  1.2144634E-02  1.0000000E-99  1.0000000E-99
   62  3.6507934E+04  1.7699303E-01  1.4041513E+02  5.9593617E+21  1.2576029E-02  1.0000000E-99  1.0000000E-99
   63  3.7106248E+04  1.7989369E-01  1.4271634E+02  5.9580136E+21  1.3015239E-02  1.0000000E-99  1.0000000E-99
   64  3.7704561E+04  1.8279436E-01  1.4501754E+02  5.9566433E+21  1.3462282E-02  1.0000000E-99  1.0000000E-99
   65  3.8302874E+04  1.8569502E-01  1.4731874E+02  5.9552508E+21  1.3917180E-02  1.0000000E-99  1.0000000E-99
   66  3.8901187E+04  1.8859568E-01  1.4961995E+02  5.9538360E+21  1.4379953E-02  1.0000000E-99  1.0000000E-99
   67  3.9499500E+04  1.9149635E-01  1.5192115E+02  5.9523989E+21  1.4850621E-02  1.0000000E-99  1.0000000E-99
   68  4.0097813E+04  1.9439701E-01  1.5422236E+02  5.9509396E+21  1.5329207E-02  1.0000000E-99  1.0000000E-99
   69  4.0696126E+04  1.9729767E-01  1.5652356E+02  5.9494579E+21  1.5815731E-02  1.0000000E-99  1.0000000E-99
   70  4.1294439E+04  2.0019834E-01  1.5882476E+02  5.9479539E+21  1.6310217E-02  1.0000000E-99  1.0000000E-99
   71  4.1892752E+04  2.0309900E-01  1.6112597E+02  5.9464275E+21  1.6812687E-02  1.0000000E-99  1.0000000E-99
   72  4.2491065E+04  2.0599966E-01  1.6342717E+02  5.9448788E+21  1.7323163E-02  1.0000000E-99  1.0000000E-99
   73  4.3089378E+04  2.0890033E-01  1.6572838E+02  5.9433077E+21  1.7841670E-02  1.0000000E-99  1.0000000E-99
   74  4.3687691E+04  2.1180099E-01  1.6802958E+02  5.9417142E+21  1.8368230E-02  1.0000000E-99  1.0000000E-99
   75  4.4286004E+04  2.1470165E-01  1.7033078E+02  5.9400983E+21  1.8902869E-02  1.0000000E-99  1.0000000E-99
   76  4.4884317E+04  2.1760232E-01  1.7263199E+02  5.9384599E+21  1.9445610E-02  1.0000000E-99  1.0000000E-99
   77  4.5482630E+04  2.2050298E-01  1.7493319E+02  5.9367991E+21  1.9996479E-02  1.0000000E-99  1.0000000E-99
   78  4.6080943E+04  2.2340365E-01  1.7723440E+02  5.9351158E+21  2.0555501E-02  1.0000000E-99  1.0000000E-99
   79  4.6679256E+04  2.2630431E-01  1.7953560E+02  5.9334101E+21  2.1122702E-02  1.0000000E-99  1.0000000E-99
   80  4.7277569E+04  2.2920497E-01  1.8183680E+02  5.9316818E+21  2.1698108E-02  1.0000000E-99  1.0000000E-99
   81  4.7875882E+04  2.3210564E-01  1.8413801E+02  5.9299310E+21  2.2281747E-02  1.0000000E-99  1.0000000E-99
   82  4.8474195E+04  2.3500630E-01  1.8643921E+02  5.9281576E+21  2.2873644E-02  1.0000000E-99  1.0000000E-99
   83  4.9072508E+04  2.3790696E-01  1.8874042E+02  5.9263617E+21  2.3473827E-02  1.0000000E-99  1.0000000E-99
   84  4.9670821E+04  2.4080763E-01  1.9104162E+02  5.9245432E+21  2.4082326E-02  1.0000000E-99  1.0000000E-99
   85  5.0269134E+04  2.4370829E-01  1.9334282E+02  5.9227021E+21  2.4699167E-02  1.0000000E-99  1.0000000E-99
   86  5.0867447E+04  2.4660895E-01  1.9564403E+02  5.9208383E+21  2.5324380E-02  1.0000000E-99  1.0000000E-99
   87  5.1465761E+04  2.4950962E-01  1.9794523E+02  5.9189519E+21  2.5957994E-02  1.0000000E-99  1.0000000E-99
   88  5.2064074E+04  2.5241028E-01  2.0024644E+02  5.9170428E+21  2.6600038E-02  1.0000000E-99  1.0000000E-99
   89  5.2662387E+04  2.5531095E-01  2.0254764E+02  5.9151110E+21  2.7250544E-02  1.0000000E-99  1.0000000E-99
   90  5.3260700E+04  2.5821161E-01  2.0484884E+02  5.9131565E+21  2.7909542E-02  1.0000000E-99  1.0000000E-99
   91  5.3859013E+04  2.6111227E-01  2.0715005E+02  5.9111793E+21  2.8577062E-02  1.0000000E-99  1.0000000E-99
   92  5.4457326E+04  2.6401294E-01  2.0945125E+02  5.9091793E+21  2.9253137E-02  1.0000000E-99  1.0000000E-99
   93  5.5055639E+04  2.6691360E-01  2.1175246E+02  5.9071565E+21  2.9937797E-02  1.0000000E-99  1.0000000E-99
   94  5.5653952E+04  2.6981426E-01  2.1405366E+02  5.9051109E+21  3.0631077E-02  1.0000000E-99  1.0000000E-99
   95  5.6252265E+04  2.7271493E-01  2.1635486E+02  5.9030424E+21  3.1333009E-02  1.0000000E-99  1.0000000E-99
   96  5.6850578E+04  2.7561559E-01  2.1865607E+02  5.9009511E+21  3.2043626E-02  1.0000000E-99  1.0000000E-99
   97  5.7448891E+04  2.7851625E-01  2.2095727E+02  5.8988370E+21  3.2762962E-02  1.0000000E-99  1.0000000E-99
   98  5.8047204E+04  2.8141692E-01  2.2325848E+02  5.8966999E+21  3.3491052E-02  1.0000000E-99  1.0000000E-99
   99  5.8645517E+04  2.8431758E-01  2.2555968E+02  5.8945398E+21  3.4227931E-02  1.0000000E-99  1.0000000E-99
  100  5.9243830E+04  2.8721825E-01  2.2786088E+02  5.8923569E+21  3.4973633E-02  1.0000000E-99  1.0000000E-99
  101  5.9842143E+04  2.9011891E-01  2.3016209E+02  5.8901509E+21  3.5728196E-02  1.0000000E-99  1.0000000E-99
  102  6.0440456E+04  2.9301957E-01  2.3246329E+02  5.8879219E+21  3.6491654E-02  1.0000000E-99  1.0000000E-99
  103  6.1038769E+04  2.9592024E-01  2.3476450E+02  5.8856699E+21  3.7264046E-02  1.0000000E-99  1.0000000E-99
  104  6.1637082E+04  2.9882090E-01  2.3706570E+02  5.8833948E+21  3.8045409E-02  1.0000000E-99  1.0000000E-99
  105  6.2235395E+04  3.0172156E-01  2.3936690E+02  5.8810967E+21  3.8835781E-02  1.0000000E-99  1.0000000E-99
  106  6.2833708E+04  3.0462223E-01  2.4166811E+02  5.8787754E+21  3.9635199E-02  1.0000000E-99  1.0000000E-99
  107  6.3432021E+04  3.0752289E-01  2.4396931E+02  5.8764310E+21  4.0443704E-02  1.0000000E-99  1.0000000E-99
  108  6.4030334E+04  3.1042355E-01  2.4627052E+02  5.8740634E+21  4.1261334E-02  1.0000000E-99  1.0000000E-99
  109  6.4628647E+04  3.1332422E-01  2.4857172E+02  5.8716726E+21  4.2088130E-02  1.0000000E-99  1.0000000E-99
  110  6.5226960E+04  3.1622488E-01  2.5087292E+02  5.8692585E+21  4.2924133E-02  1.0000000E-99  1.0000000E-99
  111  6.5825274E+04  3.1912554E-01  2.5317413E+02  5.8668213E+21  4.3769383E-02  1.0000000E-99  1.0000000E-99
  112  6.6423587E+04  3.2202621E-01  2.5547533E+02  5.8643607E+21  4.4623922E-02  1.0000000E-99  1.0000000E-99
  113  6.7021900E+04  3.2492687E-01  2.5777654E+02  5.8618768E+21  4.5487793E-02  1.0000000E-99  1.0000000E-99
  114  6.7620213E+04  3.2782754E-01  2.6007774E+02  5.8593696E+21  4.6361038E-02  1.0000000E-99  1.0000000E-99
  115  6.8218526E+04  3.3072820E-01  2.6237895E+02  5.8568390E+21  4.7243701E-02  1.0000000E-99  1.0000000E-99
  116  6.8816839E+04  3.3362886E-01  2.6468015E+02  5.8542850E+21  4.8135826E-02  1.0000000E-99  1.0000000E-99
  117  6.9415152E+04  3.3652953E-01  2.6698135E+02  5.8517076E+21  4.9037458E-02  1.0000000E-99  1.0000000E-99
  118  7.0013465E+04  3.3943019E-01  2.6928256E+02  5.8491067E+21  4.9948640E-02  1.0000000E-99  1.0000000E-99
  119  7.0611778E+04  3.4233085E-01  2.7158376E+02  5.8464823E+21  5.0869421E-02  1.0000000E-99  1.0000000E-99
  120  7.1210091E+04  3.4523152E-01  2.7388497E+02  5.8438344E+21  5.1799844E-02  1.0000000E-99  1.0000000E-99
  121  7.1808404E+04  3.4813218E-01  2.7618617E+02  5.8411629E+21  5.2739959E-02  1.0000000E-99  1.0000000E-99
  122  7.2406717E+04  3.5103284E-01  2.7848737E+02  5.8384678E+21  5.3689811E-02  1.0000000E-99  1.0000000E-99
  123  7.3005030E+04  3.5393351E-01  2.8078858E+02  5.8357491E+21  5.4649450E-02  1.0000000E-99  1.0000000E-99
  124  7.3603343E+04  3.5683417E-01  2.8308978E+02  5.8330067E+21  5.5618924E-02  1.0000000E-99  1.0000000E-99
  125  7.4201656E+04  3.5973484E-01  2.8539099E+02  5.8302406E+21  5.6598283E-02  1.0000000E-99  1.0000000E-99
  126  7.4799969E+04  3.6263550E-01  2.8769219E+02  5.8274509E+21  5.7587576E-02  1.0000000E-99  1.0000000E-99
  127  7.5398282E+04  3.6553616E-01  2.8999339E+02  5.8246373E+21  5.8586855E-02  1.0000000E-99  1.0000000E-99
  128  7.5996595E+04  3.6843683E-01  2.9229460E+02  5.8218000E+21  5.9596170E-02  1.0000000E-99  1.0000000E-99
  129  7.6594908E+04  3.7133749E-01  2.9459580E+02  5.8189388E+21  6.0615575E-02  1.0000000E-99  1.0000000E-99
  130  7.7193221E+04  3.7423815E-01  2.9689701E+02  5.8160538E+21  6.1645121E-02  1.0000000E-99  1.0000000E-99
  131  7.7791534E+04  3.7713882E-01  2.9919821E+02  5.8131448E+21  6.2684862E-02  1.0000000E-99  1.0000000E-99
  132  7.8389847E+04  3.8003948E-01  3.0149941E+02  5.8102120E+21  6.3734851E-02  1.0000000E-99  1.0000000E-99
  133  7.8988160E+04  3.8294014E-01  3.0380062E+02  5.8072551E+21  6.4795145E-02  1.0000000E-99  1.0000000E-99
  134  7.9586474E+04  3.8584081E-01  3.0610182E+02  5.8042743E+21  6.5865798E-02  1.0000000E-99  1.0000000E-99
  135  8.0184787E+04  3.8874147E-01  3.0840303E+02  5.8012694E+21  6.6946866E-02  1.0000000E-99  1.0000000E-99
  136  8.0783100E+04  3.9164213E-01  3.1070423E+02  5.7982404E+21  6.8038406E-02  1.0000000E-99  1.0000000E-99
  137  8.1381413E+04  3.9454280E-01  3.1300543E+02  5.7951873E+21  6.9140476E-02  1.0000000E-99  1.0000000E-99
  138  8.1979726E+04  3.9744346E-01  3.1530664E+02  5.7921100E+21  7.0253134E-02  1.0000000E-99  1.0000000E-99
  139  8.2578039E+04  4.0034413E-01  3.1760784E+02  5.7890086E+21  7.1376439E-02  1.0000000E-99  1.0000000E-99
  140  8.3176352E+04  4.0324479E-01  3.1990905E+02  5.7858829E+21  7.2510451E-02  1.0000000E-99  1.0000000E-99
  141  8.3774665E+04  4.0614545E-01  3.2221025E+02  5.7827329E+21  7.3655230E-02  1.0000000E-99  1.0000000E-99
  142  8.4372978E+04  4.0904612E-01  3.2451145E+02  5.7795586E+21  7.4810839E-02  1.0000000E-99  1.0000000E-99
  143  8.4971291E+04  4.1194678E-01  3.2681266E+02  5.7763600E+21  7.5977337E-02  1.0000000E-99  1.0000000E-99
  144  8.5569604E+04  4.1484744E-01  3.2911386E+02  5.7731369E+21  7.7154790E-02  1.0000000E-99  1.0000000E-99
  145  8.6167917E+04  4.1774811E-01  3.3141507E+02  5.7698895E+21  7.8343260E-02  1.0000000E-99  1.0000000E-99
  146  8.6766230E+04  4.2064877E-01  3.3371627E+02  5.7666175E+21  7.9542811E-02  1.0000000E-99  1.0000000E-99
  147  8.7364543E+04  4.2354943E-01  3.3601747E+02  5.7633210E+21  8.0753510E-02  1.0000000E-99  1.0000000E-99
  148  8.7962856E+04  4.2645010E-01  3.3831868E+02  5.7600000E+21  8.1975421E-02  1.0000000E-99  1.0000000E-99
  149  8.8561169E+04  4.2935076E-01  3.4061988E+02  5.7566543E+21  8.3208612E-02  1.0000000E-99  1.0000000E-99
  150  8.9159482E+04  4.3225143E-01  3.4292109E+02  5.7532841E+21  8.4453151E-02  1.0000000E-99  1.0000000E-99
  151  8.9757795E+04  4.3515209E-01  3.4522229E+02  5.7498891E+21  8.5709106E-02  1.0000000E-99  1.0000000E-99
  152  9.0356108E+04  4.3805275E-01  3.4752349E+02  5.7464694E+21  8.6976547E-02  1.0000000E-99  1.0000000E-99
  153  9.0954421E+04  4.4095342E-01  3.4982470E+02  5.7430249E+21  8.8255543E-02  1.0000000E-99  1.0000000E-99
  154  9.1552734E+04  4.4385408E-01  3.5212590E+02  5.7395555E+21  8.9546167E-02  1.0000000E-99  1.0000000E-99
  155  9.2151047E+04  4.4675474E-01  3.5442711E+02  5.7360614E+21  9.0848490E-02  1.0000000E-99  1.0000000E-99
  156  9.2749360E+04  4.4965541E-01  3.5672831E+02  5.7325423E+21  9.2162585E-02  1.0000000E-99  1.0000000E-99
  157  9.3347673E+04  4.5255607E-01  3.5902951E+02  5.7289982E+21  9.3488526E-02  1.0000000E-99  1.0000000E-99
  158  9.3945987E+04  4.5545673E-01  3.6133072E+02  5.7254291E+21  9.4826387E-02  1.0000000E-99  1.0000000E-99
  159  9.4544300E+04  4.5835740E-01  3.6363192E+02  5.7218350E+21  9.6176245E-02  1.0000000E-99  1.0000000E-99
  160  9.5142613E+04  4.6125806E-01  3.6593313E+02  5.7182158E+21  9.7538177E-02  1.0000000E-99  1.0000000E-99
  161  9.5740926E+04  4.6415873E-01  3.6823433E+02  5.7145714E+21  9.8912259E-02  1.0000000E-99  1.0000000E-99
  162  9.6339239E+04  4.6705939E-01  3.7053553E+02  5.7109018E+21  1.0029857E-01  1.0000000E-99  1.0000000E-99
  163  9.6937552E+04  4.6996005E-01  3.7283674E+02  5.7072070E+21  1.0169719E-01  1.0000000E-99  1.0000000E-99
  164  9.7535865E+04  4.7286072E-01  3.7513794E+02  5.7034869E+21  1.0310820E-01  1.0000000E-99  1.0000000E-99
  165  9.8134178E+04  4.7576138E-01  3.7743915E+02  5.6997415E+21  1.0453168E-01  1.0000000E-99  1.0000000E-99
  166  9.8732491E+04  4.7866204E-01  3.7974035E+02  5.6959706E+21  1.0596772E-01  1.0000000E-99  1.0000000E-99
  167  9.9330804E+04  4.8156271E-01  3.8204155E+02  5.6921743E+21  1.0741639E-01  1.0000000E-99  1.0000000E-99
  168  9.9929117E+04  4.8446337E-01  3.8434276E+02  5.6883526E+21  1.0887778E-01  1.0000000E-99  1.0000000E-99
  169  1.0052743E+05  4.8736403E-01  3.8664396E+02  5.6845052E+21  1.1035199E-01  1.0000000E-99  1.0000000E-99
  170  1.0112574E+05  4.9026470E-01  3.8894517E+02  5.6806323E+21  1.1183908E-01  1.0000000E-99  1.0000000E-99
  171  1.0172406E+05  4.9316536E-01  3.9124637E+02  5.6767337E+21  1.1333916E-01  1.0000000E-99  1.0000000E-99
  172  1.0232237E+05  4.9606602E-01  3.9354757E+02  5.6728095E+21  1.1485231E-01  1.0000000E-99  1.0000000E-99
  173  1.0292068E+05  4.9896669E-01  3.9584878E+02  5.6688594E+21  1.1637863E-01  1.0000000E-99  1.0000000E-99
  174  1.0351900E+05  5.0186735E-01  3.9814998E+02  5.6648836E+21  1.1791819E-01  1.0000000E-99  1.0000000E-99
  175  1.0411731E+05  5.0476802E-01  4.0045119E+02  5.6608819E+21  1.1947111E-01  1.0000000E-99  1.0000000E-99
  176  1.0471562E+05  5.0766868E-01  4.0275239E+02  5.6568542E+21  1.2103746E-01  1.0000000E-99  1.0000000E-99
  177  1.0531393E+05  5.1056934E-01  4.0505359E+02  5.6528006E+21  1.2261734E-01  1.0000000E-99  1.0000000E-99
  178  1.0591225E+05  5.1347001E-01  4.0735480E+02  5.6487210E+21  1.2421086E-01  1.0000000E-99  1.0000000E-99
  179  1.0651056E+05  5.1637067E-01  4.0965600E+02  5.6446153E+21  1.2581810E-01  1.0000000E-99  1.0000000E-99
  180  1.0710887E+05  5.1927133E-01  4.1195721E+02  5.6404834E+21  1.2743916E-01  1.0000000E-99  1.0000000E-99
  181  1.0770719E+05  5.2217200E-01  4.1425841E+02  5.6363253E+21  1.2907416E-01  1.0000000E-99  1.0000000E-99
  182  1.0830550E+05  5.2507266E-01  4.1655961E+02  5.6321410E+21  1.3072317E-01  1.0000000E-99  1.0000000E-99
  183  1.0890381E+05  5.2797332E-01  4.1886082E+02  5.6279303E+21  1.3238632E-01  1.0000000E-99  1.0000000E-99
  184  1.0950213E+05  5.3087399E-01  4.2116202E+02  5.6236933E+21  1.3406370E-01  1.0000000E-99  1.0000000E-99
  185  1.1010044E+05  5.3377465E-01  4.2346323E+02  5.6194298E+21  1.3575541E-01  1.0000000E-99  1.0000000E-99
  186  1.1069875E+05  5.3667532E-01  4.2576443E+02  5.6151399E+21  1.3746157E-01  1.0000000E-99  1.0000000E-99
  187  1.1129706E+05  5.3957598E-01  4.2806563E+02  5.6108233E+21  1.3918227E-01  1.0000000E-99  1.0000000E-99
  188  1.1189538E+05  5.4247664E-01  4.3036684E+02  5.6064802E+21  1.4091764E-01  1.0000000E-99  1.0000000E-99
  189  1.1249369E+05  5.4537731E-01  4.3266804E+02  5.6021104E+21  1.4266777E-01  1.0000000E-99  1.0000000E-99
  190  1.1309200E+05  5.4827797E-01  4.3496925E+02  5.5977138E+21  1.4443279E-01  1.0000000E-99  1.0000000E-99
  191  1.1369032E+05  5.5117863E-01  4.3727045E+02  5.5932904E+21  1.4621280E-01  1.0000000E-99  1.0000000E-99
  192  1.1428863E+05  5.5407930E-01  4.3957165E+02  5.5888402E+21  1.4800792E-01  1.0000000E-99  1.0000000E-99
  193  1.1488694E+05  5.5697996E-01  4.4187286E+02  5.5843630E+21  1.4981826E-01  1.0000000E-99  1.0000000E-99
  194  1.1548526E+05  5.5988062E-01  4.4417406E+02  5.5798588E+21  1.5164394E-01  1.0000000E-99  1.0000000E-99
  195  1.1608357E+05  5.6278129E-01  4.4647527E+02  5.5753276E+21  1.5348509E-01  1.0000000E-99  1.0000000E-99
  196  1.1668188E+05  5.6568195E-01  4.4877647E+02  5.5707692E+21  1.5534182E-01  1.0000000E-99  1.0000000E-99
  197  1.1728020E+05  5.6858262E-01  4.5107767E+02  5.5661836E+21  1.5721425E-01  1.0000000E-99  1.0000000E-99
  198  1.1787851E+05  5.7148328E-01  4.5337888E+02  5.5615707E+21  1.5910250E-01  1.0000000E-99  1.0000000E-99
  199  1.1847682E+05  5.7438394E-01  4.5568008E+02  5.5569306E+21  1.6100672E-01  1.0000000E-99  1.0000000E-99
  200  1.1907513E+05  5.7728461E-01  4.5798129E+02  5.5522630E+21  1.6292701E-01  1.0000000E-99  1.0000000E-99
  201  1.1967345E+05  5.8018527E-01  4.6028249E+02  5.5475679E+21  1.6486351E-01  1.0000000E-99  1.0000000E-99
  202  1.2027176E+05  5.8308593E-01  4.6258369E+02  5.5428453E+21  1.6681634E-01  1.0000000E-99  1.0000000E-99
  203  1.2087007E+05  5.8598660E-01  4.6488490E+02  5.5380951E+21  1.6878565E-01  1.0000000E-99  1.0000000E-99
  204  1.2146839E+05  5.8888726E-01  4.6718610E+02  5.5333172E+21  1.7077157E-01  1.0000000E-99  1.0000000E-99
  205  1.2206670E+05  5.9178792E-01  4.6948731E+02  5.5285116E+21  1.7277422E-01  1.0000000E-99  1.0000000E-99
  206  1.2266501E+05  5.9468859E-01  4.7178851E+02  5.5236781E+21  1.7479375E-01  1.0000000E-99  1.0000000E-99
  207  1.2326333E+05  5.9758925E-01  4.7408971E+02  5.5188168E+21  1.7683030E-01  1.0000000E-99  1.0000000E-99
  208  1.2386164E+05  6.0048991E-01  4.7639092E+02  5.5139274E+21  1.7888400E-01  1.0000000E-99  1.0000000E-99
  209  1.2445995E+05  6.0339058E-01  4.7869212E+02  5.5090100E+21  1.8095500E-01  1.0000000E-99  1.0000000E-99
  210  1.2505826E+05  6.0629124E-01  4.8099333E+02  5.5040645E+21  1.8304345E-01  1.0000000E-99  1.0000000E-99
  211  1.2565658E+05  6.0919191E-01  4.8329453E+02  5.4990908E+21  1.8514949E-01  1.0000000E-99  1.0000000E-99
  212  1.2625489E+05  6.1209257E-01  4.8559573E+02  5.4940888E+21  1.8727327E-01  1.0000000E-99  1.0000000E-99
  213  1.2685320E+05  6.1499323E-01  4.8789694E+02  5.4890585E+21  1.8941494E-01  1.0000000E-99  1.0000000E-99
  214  1.2745152E+05  6.1789390E-01  4.9019814E+02  5.4839997E+21  1.9157465E-01  1.0000000E-99  1.0000000E-99
  215  1.2804983E+05  6.2079456E-01  4.9249935E+02  5.4789124E+21  1.9375256E-01  1.0000000E-99  1.0000000E-99
  216  1.2864814E+05  6.2369522E-01  4.9480055E+02  5.4737966E+21  1.9594882E-01  1.0000000E-99  1.0000000E-99
  217  1.2924646E+05  6.2659589E-01  4.9710175E+02  5.4686520E+21  1.9816360E-01  1.0000000E-99  1.0000000E-99
  218  1.2984477E+05  6.2949655E-01  4.9940296E+02  5.4634787E+21  2.0039705E-01  1.0000000E-99  1.0000000E-99
  219  1.3044308E+05  6.3239721E-01  5.0170416E+02  5.4582766E+21  2.0264934E-01  1.0000000E-99  1.0000000E-99
  220  1.3104140E+05  6.3529788E-01  5.0400537E+02  5.4530456E+21  2.0492062E-01  1.0000000E-99  1.0000000E-99
  221  1.3163971E+05  6.3819854E-01  5.0630657E+02  5.4477855E+21  2.0721108E-01  1.0000000E-99  1.0000000E-99
  222  1.3223802E+05  6.4109921E-01  5.0860777E+02  5.4424964E+21  2.0952088E-01  1.0000000E-99  1.0000000E-99
  223  1.3283633E+05  6.4399987E-01  5.1090898E+02  5.4371781E+21  2.1185019E-01  1.0000000E-99  1.0000000E-99
  224  1.3343465E+05  6.4690053E-01  5.1321018E+02  5.4318306E+21  2.1419919E-01  1.0000000E-99  1.0000000E-99
  225  1.3403296E+05  6.4980120E-01  5.1551139E+02  5.4264537E+21  2.1656804E-01  1.0000000E-99  1.0000000E-99
  226  1.3463127E+05  6.5270186E-01  5.1781259E+02  5.4210474E+21  2.1895695E-01  1.0000000E-99  1.0000000E-99
  227  1.3522959E+05  6.5560252E-01  5.2011379E+02  5.4156116E+21  2.2136607E-01  1.0000000E-99  1.0000000E-99
  228  1.3582790E+05  6.5850319E-01  5.2241500E+02  5.4101461E+21  2.2379560E-01  1.0000000E-99  1.0000000E-99
  229  1.3642621E+05  6.6140385E-01  5.2471620E+02  5.4046510E+21  2.2624573E-01  1.0000000E-99  1.0000000E-99
  230  1.3702453E+05  6.6430451E-01  5.2701741E+02  5.3991261E+21  2.2871665E-01  1.0000000E-99  1.0000000E-99
  231  1.3762284E+05  6.6720518E-01  5.2931861E+02  5.3935714E+21  2.3120854E-01  1.0000000E-99  1.0000000E-99
  232  1.3822115E+05  6.7010584E-01  5.3161981E+02  5.3879866E+21  2.3372160E-01  1.0000000E-99  1.0000000E-99
  233  1.3881946E+05  6.7300650E-01  5.3392102E+02  5.3823718E+21  2.3625603E-01  1.0000000E-99  1.0000000E-99
  234  1.3941778E+05  6.7590717E-01  5.3622222E+02  5.3767268E+21  2.3881203E-01  1.0000000E-99  1.0000000E-99
  235  1.4001609E+05  6.7880783E-01  5.3852343E+02  5.3710516E+21  2.4138981E-01  1.0000000E-99  1.0000000E-99
  236  1.4061440E+05  6.8170850E-01  5.4082463E+02  5.3653461E+21  2.4398956E-01  1.0000000E-99  1.0000000E-99
  237  1.4121272E+05  6.8460916E-01  5.4312583E+02  5.3596101E+21  2.4661150E-01  1.0000000E-99  1.0000000E-99
  238  1.4181103E+05  6.8750982E-01  5.4542704E+02  5.3538435E+21  2.4925584E-01  1.0000000E-99  1.0000000E-99
  239  1.4240934E+05  6.9041049E-01  5.4772824E+02  5.3480463E+21  2.5192280E-01  1.0000000E-99  1.0000000E-99
  240  1.4300766E+05  6.9331115E-01  5.5002945E+02  5.3422184E+21  2.5461259E-01  1.0000000E-99  1.0000000E-99
  241  1.4360597E+05  6.9621181E-01  5.5233065E+02  5.3363597E+21  2.5732543E-01  1.0000000E-99  1.0000000E-99
  242  1.4420428E+05  6.9911248E-01  5.5463185E+02  5.3304699E+21  2.6006155E-01  1.0000000E-99  1.0000000E-99
  243  1.4480260E+05  7.0201314E-01  5.5693306E+02  5.3245492E+21  2.6282117E-01  1.0000000E-99  1.0000000E-99
  244  1.4540091E+05  7.0491380E-01  5.5923426E+02  5.3185973E+21  2.6560453E-01  1.0000000E-99  1.0000000E-99
  245  1.4599922E+05  7.0781447E-01  5.6153547E+02  5.3126141E+21  2.6841186E-01  1.0000000E-99  1.0000000E-99
  246  1.4659753E+05  7.1071513E-01  5.6383667E+02  5.3065996E+21  2.7124340E-01  1.0000000E-99  1.0000000E-99
  247  1.4719585E+05  7.1361580E-01  5.6613787E+02  5.3005537E+21  2.7409939E-01  1.0000000E-99  1.0000000E-99
  248  1.4779416E+05  7.1651646E-01  5.6843908E+02  5.2944761E+21  2.7698007E-01  1.0000000E-99  1.0000000E-99
  249  1.4839247E+05  7.1941712E-01  5.7074028E+02  5.2883669E+21  2.7988569E-01  1.0000000E-99  1.0000000E-99
  250  1.4899079E+05  7.2231779E-01  5.7304149E+02  5.2822258E+21  2.8281651E-01  1.0000000E-99  1.0000000E-99
  251  1.4958910E+05  7.2521845E-01  5.7534269E+02  5.2760529E+21  2.8577277E-01  1.0000000E-99  1.0000000E-99
  252  1.5018741E+05  7.2811911E-01  5.7764389E+02  5.2698480E+21  2.8875475E-01  1.0000000E-99  1.0000000E-99
  253  1.5078573E+05  7.3101978E-01  5.7994510E+02  5.2636109E+21  2.9176269E-01  1.0000000E-99  1.0000000E-99
  254  1.5138404E+05  7.3392044E-01  5.8224630E+02  5.2573416E+21  2.9479687E-01  1.0000000E-99  1.0000000E-99
  255  1.5198235E+05  7.3682110E-01  5.8454751E+02  5.2510399E+21  2.9785757E-01  1.0000000E-99  1.0000000E-99
  256  1.5258066E+05  7.3972177E-01  5.8684871E+02  5.2447058E+21  3.0094504E-01  1.0000000E-99  1.0000000E-99
  257  1.5317898E+05  7.4262243E-01  5.8914991E+02  5.2383390E+21  3.0405958E-01  1.0000000E-99  1.0000000E-99
  258  1.5377729E+05  7.4552310E-01  5.9145112E+02  5.2319396E+21  3.0720147E-01  1.0000000E-99  1.0000000E-99
  259  1.5437560E+05  7.4842376E-01  5.9375232E+02  5.2255073E+21  3.1037099E-01  1.0000000E-99  1.0000000E-99
  260  1.5497392E+05  7.5132442E-01  5.9605353E+02  5.2190420E+21  3.1356844E-01  1.0000000E-99  1.0000000E-99
  261  1.5557223E+05  7.5422509E-01  5.9835473E+02  5.2125437E+21  3.1679411E-01  1.0000000E-99  1.0000000E-99
  262  1.5617054E+05  7.5712575E-01  6.0065593E+02  5.2060122E+21  3.2004831E-01  1.0000000E-99  1.0000000E-99
  263  1.5676886E+05  7.6002641E-01  6.0295714E+02  5.1994473E+21  3.2333134E-01  1.0000000E-99  1.0000000E-99
  264  1.5736717E+05  7.6292708E-01  6.0525834E+02  5.1928490E+21  3.2664351E-01  1.0000000E-99  1.0000000E-99
  265  1.5796548E+05  7.6582774E-01  6.0755955E+02  5.1862172E+21  3.2998513E-01  1.0000000E-99  1.0000000E-99
  266  1.5856380E+05  7.6872840E-01  6.0986075E+02  5.1795516E+21  3.3335654E-01  1.0000000E-99  1.0000000E-99
  267  1.5916211E+05  7.7162907E-01  6.1216195E+02  5.1728522E+21  3.3675804E-01  1.0000000E-99  1.0000000E-99
  268  1.5976042E+05  7.7452973E-01  6.1446316E+02  5.1661188E+21  3.4018997E-01  1.0000000E-99  1.0000000E-99
  269  1.6035873E+05  7.7743039E-01  6.1676436E+02  5.1593513E+21  3.4365268E-01  1.0000000E-99  1.0000000E-99
  270  1.6095705E+05  7.8033106E-01  6.1906557E+02  5.1525496E+21  3.4714649E-01  1.0000000E-99  1.0000000E-99
  271  1.6155536E+05  7.8323172E-01  6.2136677E+02  5.1457135E+21  3.5067175E-01  1.0000000E-99  1.0000000E-99
  272  1.6215367E+05  7.8613239E-01  6.2366797E+02  5.1388428E+21  3.5422882E-01  1.0000000E-99  1.0000000E-99
  273  1.6275199E+05  7.8903305E-01  6.2596918E+02  5.1319376E+21  3.5781805E-01  1.0000000E-99  1.0000000E-99
  274  1.6335030E+05  7.9193371E-01  6.2827038E+02  5.1249975E+21  3.6143980E-01  1.0000000E-99  1.0000000E-99
  275  1.6394861E+05  7.9483438E-01  6.3057159E+02  5.1180225E+21  3.6509445E-01  1.0000000E-99  1.0000000E-99
  276  1.6454693E+05  7.9773504E-01  6.3287279E+02  5.1110125E+21  3.6878237E-01  1.0000000E-99  1.0000000E-99
  277  1.6514524E+05  8.0063570E-01  6.3517399E+02  5.1039672E+21  3.7250394E-01  1.0000000E-99  1.0000000E-99
  278  1.6574355E+05  8.0353637E-01  6.3747520E+02  5.0968866E+21  3.7625954E-01  1.0000000E-99  1.0000000E-99
  279  1.6634186E+05  8.0643703E-01  6.3977640E+02  5.0897704E+21  3.8004957E-01  1.0000000E-99  1.0000000E-99
  280  1.6694018E+05  8.0933769E-01  6.4207761E+02  5.0826186E+21  3.8387443E-01  1.0000000E-99  1.0000000E-99
  281  1.6753849E+05  8.1223836E-01  6.4437881E+02  5.0754310E+21  3.8773452E-01  1.0000000E-99  1.0000000E-99
  282  1.6813680E+05  8.1513902E-01  6.4668001E+02  5.0682074E+21  3.9163026E-01  1.0000000E-99  1.0000000E-99
  283  1.6873512E+05  8.1803969E-01  6.4898122E+02  5.0609477E+21  3.9556206E-01  1.0000000E-99  1.0000000E-99
  284  1.6933343E+05  8.2094035E-01  6.5128242E+02  5.0536517E+21  3.9953036E-01  1.0000000E-99  1.0000000E-99
  285  1.6993174E+05  8.2384101E-01  6.5358363E+02  5.0463193E+21  4.0353558E-01  1.0000000E-99  1.0000000E-99
  286  1.7053006E+05  8.2674168E-01  6.5588483E+02  5.0389503E+21  4.0757816E-01  1.0000000E-99  1.0000000E-99
  287  1.7112837E+05  8.2964234E-01  6.5818603E+02  5.0315445E+21  4.1165856E-01  1.0000000E-99  1.0000000E-99
  288  1.7172668E+05  8.3254300E-01  6.6048724E+02  5.0241019E+21  4.1577724E-01  1.0000000E-99  1.0000000E-99
  289  1.7232500E+05  8.3544367E-01  6.6278844E+02  5.0166221E+21  4.1993464E-01  1.0000000E-99  1.0000000E-99
  290  1.7292331E+05  8.3834433E-01  6.6508965E+02  5.0091051E+21  4.2413125E-01  1.0000000E-99  1.0000000E-99
  291  1.7352162E+05  8.4124499E-01  6.6739085E+02  5.0015507E+21  4.2836754E-01  1.0000000E-99  1.0000000E-99
  292  1.7411993E+05  8.4414566E-01  6.6969205E+02  4.9939588E+21  4.3264400E-01  1.0000000E-99  1.0000000E-99
  293  1.7471825E+05  8.4704632E-01  6.7199326E+02  4.9863290E+21  4.3696113E-01  1.0000000E-99  1.0000000E-99
  294  1.7531656E+05  8.4994699E-01  6.7429446E+02  4.9786614E+21  4.4131942E-01  1.0000000E-99  1.0000000E-99
  295  1.7591487E+05  8.5284765E-01  6.7659567E+02  4.9709556E+21  4.4571941E-01  1.0000000E-99  1.0000000E-99
  296  1.7651319E+05  8.5574831E-01  6.7889687E+02  4.9632116E+21  4.5016159E-01  1.0000000E-99  1.0000000E-99
  297  1.7711150E+05  8.5864898E-01  6.8119807E+02  4.9554290E+21  4.5464651E-01  1.0000000E-99  1.0000000E-99
  298  1.7770981E+05  8.6154964E-01  6.8349928E+02  4.9476079E+21  4.5917471E-01  1.0000000E-99  1.0000000E-99
  299  1.7830813E+05  8.6445030E-01  6.8580048E+02  4.9397479E+21  4.6374674E-01  1.0000000E-99  1.0000000E-99
  300  1.7890644E+05  8.6735097E-01  6.8810169E+02  4.9318490E+21  4.6836314E-01  1.0000000E-99  1.0000000E-99
  301  1.7950475E+05  8.7025163E-01  6.9040289E+02  4.9239108E+21  4.7302451E-01  1.0000000E-99  1.0000000E-99
  302  1.8010306E+05  8.7315229E-01  6.9270409E+02  4.9159332E+21  4.7773141E-01  1.0000000E-99  1.0000000E-99
  303  1.8070138E+05  8.7605296E-01  6.9500530E+02  4.9079161E+21  4.8248443E-01  1.0000000E-99  1.0000000E-99
  304  1.8129969E+05  8.7895362E-01  6.9730650E+02  4.8998592E+21  4.8728417E-01  1.0000000E-99  1.0000000E-99
  305  1.8189800E+05  8.8185428E-01  6.9960771E+02  4.8917623E+21  4.9213125E-01  1.0000000E-99  1.0000000E-99
  306  1.8249632E+05  8.8475495E-01  7.0190891E+02  4.8836252E+21  4.9702629E-01  1.0000000E-99  1.0000000E-99
  307  1.8309463E+05  8.8765561E-01  7.0421011E+02  4.8754478E+21  5.0196992E-01  1.0000000E-99  1.0000000E-99
  308  1.8369294E+05  8.9055628E-01  7.0651132E+02  4.8672298E+21  5.0696278E-01  1.0000000E-99  1.0000000E-99
  309  1.8429126E+05  8.9345694E-01  7.0881252E+02  4.8589710E+21  5.1200554E-01  1.0000000E-99  1.0000000E-99
  310  1.8488957E+05  8.9635760E-01  7.1111373E+02  4.8506713E+21  5.1709886E-01  1.0000000E-99  1.0000000E-99
  311  1.8548788E+05  8.9925827E-01  7.1341493E+02  4.8423303E+21  5.2224343E-01  1.0000000E-99  1.0000000E-99
  312  1.8608619E+05  9.0215893E-01  7.1571613E+02  4.8339479E+21  5.2743993E-01  1.0000000E-99  1.0000000E-99
  313  1.8668451E+05  9.0505959E-01  7.1801734E+02  4.8255239E+21  5.3268908E-01  1.0000000E-99  1.0000000E-99
  314  1.8728282E+05  9.0796026E-01  7.2031854E+02  4.8170581E+21  5.3799159E-01  1.0000000E-99  1.0000000E-99
  315  1.8788113E+05  9.1086092E-01  7.2261975E+02  4.8085501E+21  5.4334821E-01  1.0000000E-99  1.0000000E-99
  316  1.8847945E+05  9.1376158E-01  7.2492095E+02  4.7999999E+21  5.4875967E-01  1.0000000E-99  1.0000000E-99
  317  1.8907776E+05  9.1666225E-01  7.2722215E+02  4.7914072E+21  5.5422674E-01  1.0000000E-99  1.0000000E-99
  318  1.8967607E+05  9.1956291E-01  7.2952336E+02  4.7827717E+21  5.5975019E-01  1.0000000E-99  1.0000000E-99
  319  1.9027439E+05  9.2246358E-01  7.3182456E+02  4.7740933E+21  5.6533082E-01  1.0000000E-99  1.0000000E-99
  320  1.9087270E+05  9.2536424E-01  7.3412577E+02  4.7653716E+21  5.7096944E-01  1.0000000E-99  1.0000000E-99
  321  1.9147101E+05  9.2826490E-01  7.3642697E+02  4.7566065E+21  5.7666686E-01  1.0000000E-99  1.0000000E-99
  322  1.9206933E+05  9.3116557E-01  7.3872817E+02  4.7477977E+21  5.8242393E-01  1.0000000E-99  1.0000000E-99
  323  1.9266764E+05  9.3406623E-01  7.4102938E+02  4.7389450E+21  5.8824150E-01  1.0000000E-99  1.0000000E-99
  324  1.9326595E+05  9.3696689E-01  7.4333058E+02  4.7300480E+21  5.9412044E-01  1.0000000E-99  1.0000000E-99
  325  1.9386426E+05  9.3986756E-01  7.4563179E+02  4.7211067E+21  6.0006164E-01  1.0000000E-99  1.0000000E-99
  326  1.9446258E+05  9.4276822E-01  7.4793299E+02  4.7121207E+21  6.0606601E-01  1.0000000E-99  1.0000000E-99
  327  1.9506089E+05  9.4566888E-01  7.5023419E+02  4.7030897E+21  6.1213446E-01  1.0000000E-99  1.0000000E-99
  328  1.9565920E+05  9.4856955E-01  7.5253540E+02  4.6940135E+21  6.1826795E-01  1.0000000E-99  1.0000000E-99
  329  1.9625752E+05  9.5147021E-01  7.5483660E+02  4.6848918E+21  6.2446744E-01  1.0000000E-99  1.0000000E-99
  330  1.9685583E+05  9.5437087E-01  7.5713781E+02  4.6757245E+21  6.3073391E-01  1.0000000E-99  1.0000000E-99
  331  1.9745414E+05  9.5727154E-01  7.5943901E+02  4.6665111E+21  6.3706835E-01  1.0000000E-99  1.0000000E-99
  332  1.9805246E+05  9.6017220E-01  7.6174021E+02  4.6572515E+21  6.4347179E-01  1.0000000E-99  1.0000000E-99
  333  1.9865077E+05  9.6307287E-01  7.6404142E+02  4.6479453E+21  6.4994528E-01  1.0000000E-99  1.0000000E-99
  334  1.9924908E+05  9.6597353E-01  7.6634262E+02  4.6385923E+21  6.5648988E-01  1.0000000E-99  1.0000000E-99
  335  1.9984739E+05  9.6887419E-01  7.6864383E+02  4.6291921E+21  6.6310667E-01  1.0000000E-99  1.0000000E-99
  336  2.0044571E+05  9.7177486E-01  7.7094503E+02  4.6197446E+21  6.6979677E-01  1.0000000E-99  1.0000000E-99
  337  2.0104402E+05  9.7467552E-01  7.7324623E+02  4.6102494E+21  6.7656130E-01  1.0000000E-99  1.0000000E-99
  338  2.0164233E+05  9.7757618E-01  7.7554744E+02  4.6007062E+21  6.8340142E-01  1.0000000E-99  1.0000000E-99
  339  2.0224065E+05  9.8047685E-01  7.7784864E+02  4.5911147E+21  6.9031832E-01  1.0000000E-99  1.0000000E-99
  340  2.0283896E+05  9.8337751E-01  7.8014985E+02  4.5814746E+21  6.9731320E-01  1.0000000E-99  1.0000000E-99
  341  2.0343727E+05  9.8627817E-01  7.8245105E+02  4.5717856E+21  7.0438728E-01  1.0000000E-99  1.0000000E-99
  342  2.0403559E+05  9.8917884E-01  7.8475225E+02  4.5620474E+21  7.1154184E-01  1.0000000E-99  1.0000000E-99
  343  2.0463390E+05  9.9207950E-01  7.8705346E+02  4.5522597E+21  7.1877814E-01  1.0000000E-99  1.0000000E-99
  344  2.0523221E+05  9.9498017E-01  7.8935466E+02  4.5424222E+21  7.2609752E-01  1.0000000E-99  1.0000000E-99
  345  2.0583053E+05  9.9788083E-01  7.9165587E+02  4.5325345E+21  7.3350131E-01  1.0000000E-99  1.0000000E-99
  346  2.0642884E+05  1.0007815E+00  7.9395707E+02  4.5225963E+21  7.4099087E-01  1.0000000E-99  1.0000000E-99
  347  2.0702715E+05  1.0036822E+00  7.9625827E+02  4.5126072E+21  7.4856762E-01  1.0000000E-99  1.0000000E-99
  348  2.0762546E+05  1.0065828E+00  7.9855948E+02  4.5025670E+21  7.5623298E-01  1.0000000E-99  1.0000000E-99
  349  2.0822378E+05  1.0094835E+00  8.0086068E+02  4.4924753E+21  7.6398843E-01  1.0000000E-99  1.0000000E-99
  350  2.0882209E+05  1.0123841E+00  8.0316189E+02  4.4823317E+21  7.7183545E-01  1.0000000E-99  1.0000000E-99
  351  2.0942040E+05  1.0152848E+00  8.0546309E+02  4.4721359E+21  7.7977558E-01  1.0000000E-99  1.0000000E-99
  352  2.1001872E+05  1.0181855E+00  8.0776429E+02  4.4618875E+21  7.8781038E-01  1.0000000E-99  1.0000000E-99
  353  2.1061703E+05  1.0210861E+00  8.1006550E+02  4.4515862E+21  7.9594147E-01  1.0000000E-99  1.0000000E-99
  354  2.1121534E+05  1.0239868E+00  8.1236670E+02  4.4412316E+21  8.0417047E-01  1.0000000E-99  1.0000000E-99
  355  2.1181366E+05  1.0268875E+00  8.1466791E+02  4.4308233E+21  8.1249907E-01  1.0000000E-99  1.0000000E-99
  356  2.1241197E+05  1.0297881E+00  8.1696911E+02  4.4203610E+21  8.2092897E-01  1.0000000E-99  1.0000000E-99
  357  2.1301028E+05  1.0326888E+00  8.1927031E+02  4.4098442E+21  8.2946194E-01  1.0000000E-99  1.0000000E-99
  358  2.1360859E+05  1.0355895E+00  8.2157152E+02  4.3992726E+21  8.3809978E-01  1.0000000E-99  1.0000000E-99
  359  2.1420691E+05  1.0384901E+00  8.2387272E+02  4.3886458E+21  8.4684431E-01  1.0000000E-99  1.0000000E-99
  360  2.1480522E+05  1.0413908E+00  8.2617393E+02  4.3779633E+21  8.5569743E-01  1.0000000E-99  1.0000000E-99
  361  2.1540353E+05  1.0442914E+00  8.2847513E+02  4.3672248E+21  8.6466107E-01  1.0000000E-99  1.0000000E-99
  362  2.1600185E+05  1.0471921E+00  8.3077633E+02  4.3564298E+21  8.7373720E-01  1.0000000E-99  1.0000000E-99
  363  2.1660016E+05  1.0500928E+00  8.3307754E+02  4.3455780E+21  8.8292784E-01  1.0000000E-99  1.0000000E-99
  364  2.1719847E+05  1.0529934E+00  8.3537874E+02  4.3346689E+21  8.9223506E-01  1.0000000E-99  1.0000000E-99
  365  2.1779679E+05  1.0558941E+00  8.3767995E+02  4.3237020E+21  9.0166098E-01  1.0000000E-99  1.0000000E-99
  366  2.1839510E+05  1.0587948E+00  8.3998115E+02  4.3126770E+21  9.1120779E-01  1.0000000E-99  1.0000000E-99
  367  2.1899341E+05  1.0616954E+00  8.4228235E+02  4.3015934E+21  9.2087771E-01  1.0000000E-99  1.0000000E-99
  368  2.1959173E+05  1.0645961E+00  8.4458356E+02  4.2904506E+21  9.3067303E-01  1.0000000E-99  1.0000000E-99
  369  2.2019004E+05  1.0674968E+00  8.4688476E+02  4.2792484E+21  9.4059608E-01  1.0000000E-99  1.0000000E-99
  370  2.2078835E+05  1.0703974E+00  8.4918597E+02  4.2679861E+21  9.5064927E-01  1.0000000E-99  1.0000000E-99
  371  2.2138666E+05  1.0732981E+00  8.5148717E+02  4.2566634E+21  9.6083506E-01  1.0000000E-99  1.0000000E-99
  372  2.2198498E+05  1.0761987E+00  8.5378837E+02  4.2452796E+21  9.7115598E-01  1.0000000E-99  1.0000000E-99
  373  2.2258329E+05  1.0790994E+00  8.5608958E+02  4.2338345E+21  9.8161461E-01  1.0000000E-99  1.0000000E-99
  374  2.2318160E+05  1.0820001E+00  8.5839078E+02  4.2223273E+21  9.9221361E-01  1.0000000E-99  1.0000000E-99
  375  2.2377992E+05  1.0849007E+00  8.6069199E+02  4.2107578E+21  1.0029557E+00  1.0000000E-99  1.0000000E-99
  376  2.2437823E+05  1.0878014E+00  8.6299319E+02  4.1991252E+21  1.0138437E+00  1.0000000E-99  1.0000000E-99
  377  2.2497654E+05  1.0907021E+00  8.6529440E+02  4.1874291E+21  1.0248805E+00  1.0000000E-99  1.0000000E-99
  378  2.2557486E+05  1.0936027E+00  8.6759560E+02  4.1756690E+21  1.0360690E+00  1.0000000E-99  1.0000000E-99
  379  2.2617317E+05  1.0965034E+00  8.6989680E+02  4.1638443E+21  1.0474122E+00  1.0000000E-99  1.0000000E-99
  380  2.2677148E+05  1.0994041E+00  8.7219801E+02  4.1519544E+21  1.0589133E+00  1.0000000E-99  1.0000000E-99
  381  2.2736979E+05  1.1023047E+00  8.7449921E+02  4.1399989E+21  1.0705755E+00  1.0000000E-99  1.0000000E-99
  382  2.2796811E+05  1.1052054E+00  8.7680042E+02  4.1279771E+21  1.0824019E+00  1.0000000E-99  1.0000000E-99
  383  2.2856642E+05  1.1081060E+00  8.7910162E+02  4.1158885E+21  1.0943961E+00  1.0000000E-99  1.0000000E-99
  384  2.2916473E+05  1.1110067E+00  8.8140282E+02  4.1037324E+21  1.1065615E+00  1.0000000E-99  1.0000000E-99
  385  2.2976305E+05  1.1139074E+00  8.8370403E+02  4.0915083E+21  1.1189015E+00  1.0000000E-99  1.0000000E-99
  386  2.3036136E+05  1.1168080E+00  8.8600523E+02  4.0792155E+21  1.1314200E+00  1.0000000E-99  1.0000000E-99
  387  2.3095967E+05  1.1197087E+00  8.8830644E+02  4.0668535E+21  1.1441206E+00  1.0000000E-99  1.0000000E-99
  388  2.3155799E+05  1.1226094E+00  8.9060764E+02  4.0544215E+21  1.1570072E+00  1.0000000E-99  1.0000000E-99
  389  2.3215630E+05  1.1255100E+00  8.9290884E+02  4.0419190E+21  1.1700839E+00  1.0000000E-99  1.0000000E-99
  390  2.3275461E+05  1.1284107E+00  8.9521005E+02  4.0293453E+21  1.1833546E+00  1.0000000E-99  1.0000000E-99
  391  2.3335293E+05  1.1313114E+00  8.9751125E+02  4.0166997E+21  1.1968237E+00  1.0000000E-99  1.0000000E-99
  392  2.3395124E+05  1.1342120E+00  8.9981246E+02  4.0039816E+21  1.2104955E+00  1.0000000E-99  1.0000000E-99
  393  2.3454955E+05  1.1371127E+00  9.0211366E+02  3.9911902E+21  1.2243744E+00  1.0000000E-99  1.0000000E-99
  394  2.3514786E+05  1.1400133E+00  9.0441486E+02  3.9783248E+21  1.2384650E+00  1.0000000E-99  1.0000000E-99
  395  2.3574618E+05  1.1429140E+00  9.0671607E+02  3.9653848E+21  1.2527721E+00  1.0000000E-99  1.0000000E-99
  396  2.3634449E+05  1.1458147E+00  9.0901727E+02  3.9523694E+21  1.2673006E+00  1.0000000E-99  1.0000000E-99
  397  2.3694280E+05  1.1487153E+00  9.1131848E+02  3.9392778E+21  1.2820554E+00  1.0000000E-99  1.0000000E-99
  398  2.3754112E+05  1.1516160E+00  9.1361968E+02  3.9261092E+21  1.2970419E+00  1.0000000E-99  1.0000000E-99
  399  2.3813943E+05  1.1545167E+00  9.1592088E+02  3.9128630E+21  1.3122652E+00  1.0000000E-99  1.0000000E-99
  400  2.3873774E+05  1.1574173E+00  9.1822209E+02  3.8995383E+21  1.3277311E+00  1.0000000E-99  1.0000000E-99
  401  2.3933606E+05  1.1603180E+00  9.2052329E+02  3.8861343E+21  1.3434450E+00  1.0000000E-99  1.0000000E-99
  402  2.3993437E+05  1.1632187E+00  9.2282450E+02  3.8726502E+21  1.3594129E+00  1.0000000E-99  1.0000000E-99
  403  2.4053268E+05  1.1661193E+00  9.2512570E+02  3.8590851E+21  1.3756409E+00  1.0000000E-99  1.0000000E-99
  404  2.4113099E+05  1.1690200E+00  9.2742690E+02  3.8454382E+21  1.3921352E+00  1.0000000E-99  1.0000000E-99
  405  2.4172931E+05  1.1719206E+00  9.2972811E+02  3.8317086E+21  1.4089023E+00  1.0000000E-99  1.0000000E-99
  406  2.4232762E+05  1.1748213E+00  9.3202931E+02  3.8178954E+21  1.4259487E+00  1.0000000E-99  1.0000000E-99
  407  2.4292593E+05  1.1777220E+00  9.3433052E+02  3.8039978E+21  1.4432814E+00  1.0000000E-99  1.0000000E-99
  408  2.4352425E+05  1.1806226E+00  9.3663172E+02  3.7900147E+21  1.4609076E+00  1.0000000E-99  1.0000000E-99
  409  2.4412256E+05  1.1835233E+00  9.3893292E+02  3.7759452E+21  1.4788345E+00  1.0000000E-99  1.0000000E-99
  410  2.4472087E+05  1.1864240E+00  9.4123413E+02  3.7617884E+21  1.4970697E+00  1.0000000E-99  1.0000000E-99
  411  2.4531919E+05  1.1893246E+00  9.4353533E+02  3.7475433E+21  1.5156211E+00  1.0000000E-99  1.0000000E-99
  412  2.4591750E+05  1.1922253E+00  9.4583654E+02  3.7332088E+21  1.5344969E+00  1.0000000E-99  1.0000000E-99
  413  2.4651581E+05  1.1951260E+00  9.4813774E+02  3.7187840E+21  1.5537053E+00  1.0000000E-99  1.0000000E-99
  414  2.4711413E+05  1.1980266E+00  9.5043894E+02  3.7042677E+21  1.5732552E+00  1.0000000E-99  1.0000000E-99
  415  2.4771244E+05  1.2009273E+00  9.5274015E+02  3.6896589E+21  1.5931556E+00  1.0000000E-99  1.0000000E-99
  416  2.4831075E+05  1.2038279E+00  9.5504135E+02  3.6749565E+21  1.6134156E+00  1.0000000E-99  1.0000000E-99
  417  2.4890906E+05  1.2067286E+00  9.5734256E+02  3.6601593E+21  1.6340451E+00  1.0000000E-99  1.0000000E-99
  418  2.4950738E+05  1.2096293E+00  9.5964376E+02  3.6452663E+21  1.6550540E+00  1.0000000E-99  1.0000000E-99
  419  2.5010569E+05  1.2125299E+00  9.6194496E+02  3.6302762E+21  1.6764528E+00  1.0000000E-99  1.0000000E-99
  420  2.5070400E+05  1.2154306E+00  9.6424617E+02  3.6151878E+21  1.6982521E+00  1.0000000E-99  1.0000000E-99
  421  2.5130232E+05  1.2183313E+00  9.6654737E+02  3.5999999E+21  1.7204631E+00  1.0000000E-99  1.0000000E-99
  422  2.5190063E+05  1.2212319E+00  9.6884858E+02  3.5847112E+21  1.7430974E+00  1.0000000E-99  1.0000000E-99
  423  2.5249894E+05  1.2241326E+00  9.7114978E+02  3.5693204E+21  1.7661670E+00  1.0000000E-99  1.0000000E-99
  424  2.5309726E+05  1.2270333E+00  9.7345098E+02  3.5538262E+21  1.7896844E+00  1.0000000E-99  1.0000000E-99
  425  2.5369557E+05  1.2299339E+00  9.7575219E+02  3.5382272E+21  1.8136626E+00  1.0000000E-99  1.0000000E-99
  426  2.5429388E+05  1.2328346E+00  9.7805339E+02  3.5225221E+21  1.8381150E+00  1.0000000E-99  1.0000000E-99
  427  2.5489219E+05  1.2357352E+00  9.8035460E+02  3.5067095E+21  1.8630556E+00  1.0000000E-99  1.0000000E-99
  428  2.5549051E+05  1.2386359E+00  9.8265580E+02  3.4907877E+21  1.8884990E+00  1.0000000E-99  1.0000000E-99
  429  2.5608882E+05  1.2415366E+00  9.8495700E+02  3.4747555E+21  1.9144602E+00  1.0000000E-99  1.0000000E-99
  430  2.5668713E+05  1.2444372E+00  9.8725821E+02  3.4586111E+21  1.9409552E+00  1.0000000E-99  1.0000000E-99
  431  2.5728545E+05  1.2473379E+00  9.8955941E+02  3.4423531E+21  1.9680002E+00  1.0000000E-99  1.0000000E-99
  432  2.5788376E+05  1.2502386E+00  9.9186062E+02  3.4259798E+21  1.9956123E+00  1.0000000E-99  1.0000000E-99
  433  2.5848207E+05  1.2531392E+00  9.9416182E+02  3.4094896E+21  2.0238094E+00  1.0000000E-99  1.0000000E-99
  434  2.5908039E+05  1.2560399E+00  9.9646302E+02  3.3928807E+21  2.0526100E+00  1.0000000E-99  1.0000000E-99
  435  2.5967870E+05  1.2589406E+00  9.9876423E+02  3.3761515E+21  2.0820334E+00  1.0000000E-99  1.0000000E-99
  436  2.6027701E+05  1.2618412E+00  1.0010654E+03  3.3593001E+21  2.1120998E+00  1.0000000E-99  1.0000000E-99
  437  2.6087533E+05  1.2647419E+00  1.0033666E+03  3.3423246E+21  2.1428303E+00  1.0000000E-99  1.0000000E-99
  438  2.6147364E+05  1.2676425E+00  1.0056678E+03  3.3252232E+21  2.1742469E+00  1.0000000E-99  1.0000000E-99
  439  2.6207195E+05  1.2705432E+00  1.0079690E+03  3.3079939E+21  2.2063725E+00  1.0000000E-99  1.0000000E-99
  440  2.6267026E+05  1.2734439E+00  1.0102702E+03  3.2906347E+21  2.2392311E+00  1.0000000E-99  1.0000000E-99
  441  2.6326858E+05  1.2763445E+00  1.0125715E+03  3.2731435E+21  2.2728479E+00  1.0000000E-99  1.0000000E-99
  442  2.6386689E+05  1.2792452E+00  1.0148727E+03  3.2555182E+21  2.3072492E+00  1.0000000E-99  1.0000000E-99
  443  2.6446520E+05  1.2821459E+00  1.0171739E+03  3.2377567E+21  2.3424623E+00  1.0000000E-99  1.0000000E-99
  444  2.6506352E+05  1.2850465E+00  1.0194751E+03  3.2198566E+21  2.3785163E+00  1.0000000E-99  1.0000000E-99
  445  2.6566183E+05  1.2879472E+00  1.0217763E+03  3.2018156E+21  2.4154411E+00  1.0000000E-99  1.0000000E-99
  446  2.6626014E+05  1.2908479E+00  1.0240775E+03  3.1836314E+21  2.4532686E+00  1.0000000E-99  1.0000000E-99
  447  2.6685846E+05  1.2937485E+00  1.0263787E+03  3.1653015E+21  2.4920318E+00  1.0000000E-99  1.0000000E-99
  448  2.6745677E+05  1.2966492E+00  1.0286799E+03  3.1468233E+21  2.5317657E+00  1.0000000E-99  1.0000000E-99
  449  2.6805508E+05  1.2995498E+00  1.0309811E+03  3.1281942E+21  2.5725068E+00  1.0000000E-99  1.0000000E-99
  450  2.6865339E+05  1.3024505E+00  1.0332823E+03  3.1094115E+21  2.6142936E+00  1.0000000E-99  1.0000000E-99
  451  2.6925171E+05  1.3053512E+00  1.0355835E+03  3.0904723E+21  2.6571666E+00  1.0000000E-99  1.0000000E-99
  452  2.6985002E+05  1.3082518E+00  1.0378847E+03  3.0713739E+21  2.7011683E+00  1.0000000E-99  1.0000000E-99
  453  2.7044833E+05  1.3111525E+00  1.0401859E+03  3.0521132E+21  2.7463436E+00  1.0000000E-99  1.0000000E-99
  454  2.7104665E+05  1.3140532E+00  1.0424871E+03  3.0326870E+21  2.7927397E+00  1.0000000E-99  1.0000000E-99
  455  2.7164496E+05  1.3169538E+00  1.0447883E+03  3.0130923E+21  2.8404064E+00  1.0000000E-99  1.0000000E-99
  456  2.7224327E+05  1.3198545E+00  1.0470895E+03  2.9933257E+21  2.8893963E+00  1.0000000E-99  1.0000000E-99
  457  2.7284159E+05  1.3227552E+00  1.0493907E+03  2.9733838E+21  2.9397648E+00  1.0000000E-99  1.0000000E-99
  458  2.7343990E+05  1.3256558E+00  1.0516919E+03  2.9532630E+21  2.9915707E+00  1.0000000E-99  1.0000000E-99
  459  2.7403821E+05  1.3285565E+00  1.0539931E+03  2.9329596E+21  3.0448759E+00  1.0000000E-99  1.0000000E-99
  460  2.7463653E+05  1.3314571E+00  1.0562943E+03  2.9124698E+21  3.0997460E+00  1.0000000E-99  1.0000000E-99
  461  2.7523484E+05  1.3343578E+00  1.0585955E+03  2.8917897E+21  3.1562507E+00  1.0000000E-99  1.0000000E-99
  462  2.7583315E+05  1.3372585E+00  1.0608967E+03  2.8709152E+21  3.2144636E+00  1.0000000E-99  1.0000000E-99
  463  2.7643146E+05  1.3401591E+00  1.0631979E+03  2.8498419E+21  3.2744629E+00  1.0000000E-99  1.0000000E-99
  464  2.7702978E+05  1.3430598E+00  1.0654991E+03  2.8285654E+21  3.3363317E+00  1.0000000E-99  1.0000000E-99
  465  2.7762809E+05  1.3459605E+00  1.0678003E+03  2.8070812E+21  3.4001584E+00  1.0000000E-99  1.0000000E-99
  466  2.7822640E+05  1.3488611E+00  1.0701016E+03  2.7853844E+21  3.4660368E+00  1.0000000E-99  1.0000000E-99
  467  2.7882472E+05  1.3517618E+00  1.0724028E+03  2.7634699E+21  3.5340670E+00  1.0000000E-99  1.0000000E-99
  468  2.7942303E+05  1.3546625E+00  1.0747040E+03  2.7413327E+21  3.6043558E+00  1.0000000E-99  1.0000000E-99
  469  2.8002134E+05  1.3575631E+00  1.0770052E+03  2.7189672E+21  3.6770169E+00  1.0000000E-99  1.0000000E-99
  470  2.8061966E+05  1.3604638E+00  1.0793064E+03  2.6963677E+21  3.7521720E+00  1.0000000E-99  1.0000000E-99
  471  2.8121797E+05  1.3633644E+00  1.0816076E+03  2.6735284E+21  3.8299512E+00  1.0000000E-99  1.0000000E-99
  472  2.8181628E+05  1.3662651E+00  1.0839088E+03  2.6504429E+21  3.9104939E+00  1.0000000E-99  1.0000000E-99
  473  2.8241459E+05  1.3691658E+00  1.0862100E+03  2.6271049E+21  3.9939493E+00  1.0000000E-99  1.0000000E-99
  474  2.8301291E+05  1.3720664E+00  1.0885112E+03  2.6035076E+21  4.0804779E+00  1.0000000E-99  1.0000000E-99
  475  2.8361122E+05  1.3749671E+00  1.0908124E+03  2.5796438E+21  4.1702519E+00  1.0000000E-99  1.0000000E-99
  476  2.8420953E+05  1.3778678E+00  1.0931136E+03  2.5555060E+21  4.2634568E+00  1.0000000E-99  1.0000000E-99
  477  2.8480785E+05  1.3807684E+00  1.0954148E+03  2.5310865E+21  4.3602924E+00  1.0000000E-99  1.0000000E-99
  478  2.8540616E+05  1.3836691E+00  1.0977160E+03  2.5063769E+21  4.4609743E+00  1.0000000E-99  1.0000000E-99
  479  2.8600447E+05  1.3865698E+00  1.1000172E+03  2.4813687E+21  4.5657358E+00  1.0000000E-99  1.0000000E-99
  480  2.8660279E+05  1.3894704E+00  1.1023184E+03  2.4560526E+21  4.6748292E+00  1.0000000E-99  1.0000000E-99
  481  2.8720110E+05  1.3923711E+00  1.1046196E+03  2.4304192E+21  4.7885279E+00  1.0000000E-99  1.0000000E-99
  482  2.8779941E+05  1.3952717E+00  1.1069208E+03  2.4044582E+21  4.9071293E+00  1.0000000E-99  1.0000000E-99
  483  2.8839773E+05  1.3981724E+00  1.1092220E+03  2.3781588E+21  5.0309565E+00  1.0000000E-99  1.0000000E-99
  484  2.8899604E+05  1.4010731E+00  1.1115232E+03  2.3515099E+21  5.1603618E+00  1.0000000E-99  1.0000000E-99
  485  2.8959435E+05  1.4039737E+00  1.1138244E+03  2.3244992E+21  5.2957300E+00  1.0000000E-99  1.0000000E-99
  486  2.9019266E+05  1.4068744E+00  1.1161256E+03  2.2971141E+21  5.4374821E+00  1.0000000E-99  1.0000000E-99
  487  2.9079098E+05  1.4097751E+00  1.1184268E+03  2.2693411E+21  5.5860795E+00  1.0000000E-99  1.0000000E-99
  488  2.9138929E+05  1.4126757E+00  1.1207280E+03  2.2411656E+21  5.7420294E+00  1.0000000E-99  1.0000000E-99
  489  2.9198760E+05  1.4155764E+00  1.1230292E+03  2.2125723E+21  5.9058903E+00  1.0000000E-99  1.0000000E-99
  490  2.9258592E+05  1.4184771E+00  1.1253304E+03  2.1835448E+21  6.0782787E+00  1.0000000E-99  1.0000000E-99
  491  2.9318423E+05  1.4213777E+00  1.1276317E+03  2.1540656E+21  6.2598769E+00  1.0000000E-99  1.0000000E-99
  492  2.9378254E+05  1.4242784E+00  1.1299329E+03  2.1241158E+21  6.4514420E+00  1.0000000E-99  1.0000000E-99
  493  2.9438086E+05  1.4271790E+00  1.1322341E+03  2.0936753E+21  6.6538164E+00  1.0000000E-99  1.0000000E-99
  494  2.9497917E+05  1.4300797E+00  1.1345353E+03  2.0627223E+21  6.8679404E+00  1.0000000E-99  1.0000000E-99
  495  2.9557748E+05  1.4329804E+00  1.1368365E+03  2.0312333E+21  7.0948663E+00  1.0000000E-99  1.0000000E-99
  496  2.9617579E+05  1.4358810E+00  1.1391377E+03  1.9991832E+21  7.3357761E+00  1.0000000E-99  1.0000000E-99
  497  2.9677411E+05  1.4387817E+00  1.1414389E+03  1.9665443E+21  7.5920022E+00  1.0000000E-99  1.0000000E-99
  498  2.9737242E+05  1.4416824E+00  1.1437401E+03  1.9332870E+21  7.8650513E+00  1.0000000E-99  1.0000000E-99
  499  2.9797073E+05  1.4445830E+00  1.1460413E+03  1.8993787E+21  8.1566349E+00  1.0000000E-99  1.0000000E-99
  500  2.9856905E+05  1.4474837E+00  1.1483425E+03  1.8647839E+21  8.4687048E+00  1.0000000E-99  1.0000000E-99
  501  2.9916736E+05  1.4503844E+00  1.1506437E+03  1.8294637E+21  8.8034965E+00  1.0000000E-99  1.0000000E-99
  502  2.9976567E+05  1.4532850E+00  1.1529449E+03  1.7933752E+21  9.1635836E+00  1.0000000E-99  1.0000000E-99
  503  3.0036399E+05  1.4561857E+00  1.1552461E+03  1.7564710E+21  9.5519432E+00  1.0000000E-99  1.0000000E-99
  504  3.0096230E+05  1.4590863E+00  1.1575473E+03  1.7186987E+21  9.9720392E+00  1.0000000E-99  1.0000000E-99
  505  3.0156061E+05  1.4619870E+00  1.1598485E+03  1.6799996E+21  1.0427925E+01  1.0000000E-99  1.0000000E-99
  506  3.0215893E+05  1.4648877E+00  1.1621497E+03  1.6403081E+21  1.0924376E+01  1.0000000E-99  1.0000000E-99
  507  3.0275724E+05  1.4677883E+00  1.1644509E+03  1.5995505E+21  1.1467055E+01  1.0000000E-99  1.0000000E-99
  508  3.0335555E+05  1.4706890E+00  1.1667521E+03  1.5576430E+21  1.2062733E+01  1.0000000E-99  1.0000000E-99
  509  3.0395386E+05  1.4735897E+00  1.1690533E+03  1.5144901E+21  1.2719570E+01  1.0000000E-99  1.0000000E-99
  510  3.0455218E+05  1.4764903E+00  1.1713545E+03  1.4699821E+21  1.3447493E+01  1.0000000E-99  1.0000000E-99
  511  3.0515049E+05  1.4793910E+00  1.1736557E+03  1.4239921E+21  1.4258699E+01  1.0000000E-99  1.0000000E-99
  512  3.0574880E+05  1.4822917E+00  1.1759569E+03  1.3763715E+21  1.5168347E+01  1.0000000E-99  1.0000000E-99
  513  3.0634712E+05  1.4851923E+00  1.1782581E+03  1.3269447E+21  1.6195517E+01  1.0000000E-99  1.0000000E-99
  514  3.0694543E+05  1.4880930E+00  1.1805593E+03  1.2755017E+21  1.7364556E+01  1.0000000E-99  1.0000000E-99
  515  3.0754374E+05  1.4909936E+00  1.1828605E+03  1.2217880E+21  1.8707043E+01  1.0000000E-99  1.0000000E-99
  516  3.0814206E+05  1.4938943E+00  1.1851618E+03  1.1654895E+21  2.0264684E+01  1.0000000E-99  1.0000000E-99
  517  3.0874037E+05  1.4967950E+00  1.1874630E+03  1.1062118E+21  2.2093734E+01  1.0000000E-99  1.0000000E-99
  518  3.0933868E+05  1.4996956E+00  1.1897642E+03  1.0434472E+21  2.4271943E+01  1.0000000E-99  1.0000000E-99
  519  3.0993699E+05  1.5025963E+00  1.1920654E+03  9.7652367E+20  2.6909925E+01  1.0000000E-99  1.0000000E-99
  520  3.1053531E+05  1.5054970E+00  1.1943666E+03  9.0451842E+20  3.0170599E+01  1.0000000E-99  1.0000000E-99
  521  3.1113362E+05  1.5083976E+00  1.1966678E+03  8.2610378E+20  3.4304289E+01  1.0000000E-99  1.0000000E-99
  522  3.1173193E+05  1.5112983E+00  1.1989690E+03  7.3924292E+20  3.9716567E+01  1.0000000E-99  1.0000000E-99
  523  3.1233025E+05  1.5141990E+00  1.2012702E+03  6.4050880E+20  4.7111068E+01  1.0000000E-99  1.0000000E-99
  524  3.1292856E+05  1.5170996E+00  1.2035714E+03  5.2322244E+20  5.7826328E+01  1.0000000E-99  1.0000000E-99
  525  3.1352687E+05  1.5200003E+00  1.2058726E+03  3.7014955E+20  7.4766758E+01  1.0000000E-99  1.0000000E-99
  526  3.1412519E+05  1.5229009E+00  1.2081738E+03  2.1507633E-06  1.0568248E+02  1.0000000E-99  1.0000000E-99
  527  3.1472350E+05  1.5258016E+00  1.2104750E+03  2.1507633E-06  1.0568248E+02  1.0000000E-99  1.0000000E-99
  528  3.1532181E+05  1.5287023E+00  1.2127762E+03  2.1507633E-06  1.0000000E-99  1.0000000E-99  1.0000000E-99
  529  3.1592013E+05  1.5316029E+00  1.2150774E+03  2.1507633E-06  1.0000000E-99  1.0000000E-99  1.0000000E-99
  530  3.1651844E+05  1.5345036E+00  1.2173786E+03  2.1507633E-06  1.0000000E-99  1.0000000E-99  1.0000000E-99
  531  3.1711675E+05  1.5374043E+00  1.2196798E+03  2.1507633E-06  1.0000000E-99  1.0000000E-99  1.0000000E-99
  532  3.1771506E+05  1.5403049E+00  1.2219810E+03  2.1507633E-06  1.0000000E-99  1.0000000E-99  1.0000000E-99
  533  3.1831338E+05  1.5432056E+00  1.2242822E+03  2.1507633E-06  1.0000000E-99  1.0000000E-99  1.0000000E-99
  534  3.1891169E+05  1.5461063E+00  1.2265834E+03  2.1507633E-06  1.0000000E-99  1.0000000E-99  1.0000000E-99
  535  3.1951000E+05  1.5490069E+00  1.2288846E+03  2.1507633E-06  1.0000000E-99  1.0000000E-99  1.0000000E-99
  536  3.2010832E+05  1.5519076E+00  1.2311858E+03  2.1507633E-06  1.0000000E-99  1.0000000E-99  1.0000000E-99
  537  3.2070663E+05  1.5548082E+00  1.2334870E+03  2.1507633E-06  1.0000000E-99  1.0000000E-99  1.0000000E-99
  538  3.2130494E+05  1.5577089E+00  1.2357882E+03  2.1507633E-06  1.0000000E-99  1.0000000E-99  1.0000000E-99
  539  3.2190326E+05  1.5606096E+00  1.2380894E+03  2.1507633E-06  1.0000000E-99  1.0000000E-99  1.0000000E-99
  540  3.2250157E+05  1.5635102E+00  1.2403906E+03  2.1507633E-06  1.0000000E-99  1.0000000E-99  1.0000000E-99
  541  3.2309988E+05  1.5664109E+00  1.2426919E+03  2.1507633E-06  1.0000000E-99  1.0000000E-99  1.0000000E-99
  542  3.2369819E+05  1.5693116E+00  1.2449931E+03  2.1507633E-06  1.0000000E-99  1.0000000E-99  1.0000000E-99
  543  3.2429651E+05  1.5722122E+00  1.2472943E+03  2.1507633E-06  1.0000000E-99  1.0000000E-99  1.0000000E-99
  544  3.2489482E+05  1.5751129E+00  1.2495955E+03  2.1507633E-06  1.0000000E-99  1.0000000E-99  1.0000000E-99
  545  3.2549313E+05  1.5780136E+00  1.2518967E+03  2.1507633E-06  1.0000000E-99  1.0000000E-99  1.0000000E-99
  546  3.2609145E+05  1.5809142E+00  1.2541979E+03  2.1507633E-06  1.0000000E-99  1.0000000E-99  1.0000000E-99
  547  3.2668976E+05  1.5838149E+00  1.2564991E+03  2.1507633E-06  1.0000000E-99  1.0000000E-99  1.0000000E-99
  548  3.2728807E+05  1.5867155E+00  1.2588003E+03  2.1507633E-06  1.0000000E-99  1.0000000E-99  1.0000000E-99
  549  3.2788639E+05  1.5896162E+00  1.2611015E+03  2.1507633E-06  1.0000000E-99  1.0000000E-99  1.0000000E-99
  550  3.2848470E+05  1.5925169E+00  1.2634027E+03  2.1507633E-06  1.0000000E-99  1.0000000E-99  1.0000000E-99
  551  3.2908301E+05  1.5954175E+00  1.2657039E+03  2.1507633E-06  1.0000000E-99  1.0000000E-99  1.0000000E-99
  552  3.2968133E+05  1.5983182E+00  1.2680051E+03  2.1507633E-06  1.0000000E-99  1.0000000E-99  1.0000000E-99
  553  3.3027964E+05  1.6012189E+00  1.2703063E+03  2.1507633E-06  1.0000000E-99  1.0000000E-99  1.0000000E-99
  554  3.3087795E+05  1.6041195E+00  1.2726075E+03  2.1507633E-06  1.0000000E-99  1.0000000E-99  1.0000000E-99
  555  3.3147626E+05  1.6070202E+00  1.2749087E+03  2.1507633E-06  1.0000000E-99  1.0000000E-99  1.0000000E-99
  556  3.3207458E+05  1.6099209E+00  1.2772099E+03  2.1507633E-06  1.0000000E-99  1.0000000E-99  1.0000000E-99
  557  3.3267289E+05  1.6128215E+00  1.2795111E+03  2.1507633E-06  1.0000000E-99  1.0000000E-99  1.0000000E-99
  558  3.3327120E+05  1.6157222E+00  1.2818123E+03  2.1507633E-06  1.0000000E-99  1.0000000E-99  1.0000000E-99
  559  3.3386952E+05  1.6186228E+00  1.2841135E+03  2.1507633E-06  1.0000000E-99  1.0000000E-99  1.0000000E-99
  560  3.3446783E+05  1.6215235E+00  1.2864147E+03  2.1507633E-06  1.0000000E-99  1.0000000E-99  1.0000000E-99
  561  3.3506614E+05  1.6244242E+00  1.2887159E+03  2.1507633E-06  1.0000000E-99  1.0000000E-99  1.0000000E-99
  562  3.3566446E+05  1.6273248E+00  1.2910171E+03  2.1507633E-06  1.0000000E-99  1.0000000E-99  1.0000000E-99
  563  3.3626277E+05  1.6302255E+00  1.2933183E+03  2.1507633E-06  1.0000000E-99  1.0000000E-99  1.0000000E-99
  564  3.3686108E+05  1.6331262E+00  1.2956195E+03  2.1507633E-06  1.0000000E-99  1.0000000E-99  1.0000000E-99
  565  3.3745939E+05  1.6360268E+00  1.2979207E+03  2.1507633E-06  1.0000000E-99  1.0000000E-99  1.0000000E-99
  566  3.3805771E+05  1.6389275E+00  1.3002220E+03  2.1507633E-06  1.0000000E-99  1.0000000E-99  1.0000000E-99
  567  3.3865602E+05  1.6418282E+00  1.3025232E+03  2.1507633E-06  1.0000000E-99  1.0000000E-99  1.0000000E-99
  568  3.3925433E+05  1.6447288E+00  1.3048244E+03  2.1507633E-06  1.0000000E-99  1.0000000E-99  1.0000000E-99
  569  3.3985265E+05  1.6476295E+00  1.3071256E+03  2.1507633E-06  1.0000000E-99  1.0000000E-99  1.0000000E-99
  570  3.4045096E+05  1.6505301E+00  1.3094268E+03  2.1507633E-06  1.0000000E-99  1.0000000E-99  1.0000000E-99
  571  3.4104927E+05  1.6534308E+00  1.3117280E+03  2.1507633E-06  1.0000000E-99  1.0000000E-99  1.0000000E-99
  572  3.4164759E+05  1.6563315E+00  1.3140292E+03  2.1507633E-06  1.0000000E-99  1.0000000E-99  1.0000000E-99
  573  3.4224590E+05  1.6592321E+00  1.3163304E+03  2.1507633E-06  1.0000000E-99  1.0000000E-99  1.0000000E-99
  574  3.4284421E+05  1.6621328E+00  1.3186316E+03  2.1507633E-06  1.0000000E-99  1.0000000E-99  1.0000000E-99
  575  3.4344253E+05  1.6650335E+00  1.3209328E+03  2.1507633E-06  1.0000000E-99  1.0000000E-99  1.0000000E-99
  576  3.4404084E+05  1.6679341E+00  1.3232340E+03  2.1507633E-06  1.0000000E-99  1.0000000E-99  1.0000000E-99
  577  3.4463915E+05  1.6708348E+00  1.3255352E+03  2.1507633E-06  1.0000000E-99  1.0000000E-99  1.0000000E-99
